HR	AOPmax	AOPmin	AOPmean	PAPmax	PAPmin	PAPmean	PRAmean	WedgeP	QLV	Qsist	QRV	Qpulm	LVes	LVed	RVes	RVed	Plvmax	Prvmax	QVADmax	QVADmin	QVADmean	QECMO	P1mean	P2mean	P3mean	Qventing	Qinflow1	Qinflow2	PELeftV	SWLeftV	MVO2LeftV	PERightV	SWRightV	MVO2RightV	RupAbr	RkidAbr	RsplAbr	RllAbr	RrlAbr	V0upbr	V0kidbr	V0spbr	V0llbr	V0rlbr	Emaxl	Emaxr	RupVbr	RkidVbr	RspVbr	RllVbr	RrlVbr	Paw	Ppleural	PP	RV EF 	LV EF 	Ccw linear	Cl linear	CO	ECMOflowma	ECMOlfowmi	ECMOvol
109,0000	112,8986	77,6253	97,6712	38,3655	25,4368	32,8315	10,0587	9,1936	138,5843	141,3057	145,6172	142,5800	34,3224	111,2004	103,1195	183,3546	119,5668	42,1037	0,0000	0,0000	0,0000	0,0000	0,0000	0,0000	0,0000	0,0000	0,0000	0,0000	756,8937	8481,8469	16,7912	745,0795	2752,2132	8,1987	2,3800	2,4300	1,8200	4,5000	4,5000	300,0000	150,0000	1300,0000	175,0000	175,0000	3,4700	0,3400	0,2300	0,3000	0,1800	0,6000	0,6000	11,7713	-1,2729	35,2732	0,4376	0,6913	153,4709	123,3006	8379,7051	0,0000	0,0000	0,0000
109,0000	114,2156	78,7441	98,4722	40,4791	28,5271	34,6527	10,9777	11,1223	140,1655	129,9082	138,7403	137,8507	33,9692	112,6588	102,9679	179,4138	121,0698	44,2862	0,0000	0,0000	0,0000	0,0000	0,0000	0,0000	0,0000	0,0000	0,0000	0,0000	659,0751	8615,6193	16,8450	683,9870	2770,5212	8,1347	2,3800	2,4300	1,8200	4,5000	4,5000	300,0000	150,0000	1300,0000	175,0000	175,0000	3,4700	0,3400	0,2300	0,3000	0,1800	0,6000	0,6000	10,6142	1,6508	35,4714	0,4261	0,6985	153,4709	123,3006	8577,1634	0,0000	0,0000	0,0000
109,0000	113,9269	78,2700	98,1387	37,8705	27,2746	32,4664	9,8865	9,5387	141,9829	138,7695	132,5861	138,3976	34,4262	112,6588	100,1837	178,1019	120,9797	41,9379	0,0000	0,0000	0,0000	0,0000	0,0000	0,0000	0,0000	0,0000	0,0000	0,0000	643,2804	8875,9928	17,2111	677,6781	2575,3070	7,8331	2,3800	2,4300	1,8200	4,5000	4,5000	300,0000	150,0000	1300,0000	175,0000	175,0000	3,4700	0,3400	0,2300	0,3000	0,1800	0,6000	0,6000	0,0000	-0,8492	35,6568	0,4375	0,6944	153,4709	123,3006	8527,3538	0,0000	0,0000	0,0000
109,0000	112,9961	78,0787	97,4716	37,0054	25,8535	31,4595	9,3170	8,3517	139,0927	145,9655	140,2057	139,2550	34,5112	111,1513	100,8811	182,2910	119,9072	41,0372	0,0000	0,0000	0,0000	0,0000	0,0000	0,0000	0,0000	0,0000	0,0000	0,0000	705,5570	8682,6969	17,0150	730,8856	2694,1225	8,0906	2,3800	2,4300	1,8200	4,5000	4,5000	300,0000	150,0000	1300,0000	175,0000	175,0000	3,4700	0,3400	0,2300	0,3000	0,1800	0,6000	0,6000	0,0000	-2,6329	34,9173	0,4466	0,6895	153,4709	123,3006	8353,7709	0,0000	0,0000	0,0000
109,0000	112,4706	77,7322	97,3075	37,1050	25,4006	31,9482	9,5237	8,4420	138,1813	145,6264	144,7258	142,2873	34,4814	110,8287	102,5674	182,4158	119,3145	41,1741	0,0000	0,0000	0,0000	0,0000	0,0000	0,0000	0,0000	0,0000	0,0000	0,0000	720,0955	8518,1456	16,7905	741,3907	2727,0702	8,1556	2,3800	2,4300	1,8200	4,5000	4,5000	300,0000	150,0000	1300,0000	175,0000	175,0000	3,4700	0,3400	0,2300	0,3000	0,1800	0,6000	0,6000	6,2205	-2,4941	34,7384	0,4377	0,6889	153,4709	123,3006	8321,8481	0,0000	0,0000	0,0000
109,0000	113,7233	78,4281	98,3063	40,0145	27,5156	34,4872	10,9501	10,7804	139,3717	131,9024	143,4421	139,2163	34,0348	112,3483	103,3792	182,4158	120,5221	43,7731	0,0000	0,0000	0,0000	0,0000	0,0000	0,0000	0,0000	0,0000	0,0000	0,0000	683,7041	8500,8771	16,7102	689,7799	2800,2250	8,1878	2,3800	2,4300	1,8200	4,5000	4,5000	300,0000	150,0000	1300,0000	175,0000	175,0000	3,4700	0,3400	0,2300	0,3000	0,1800	0,6000	0,6000	16,1650	1,2360	35,2952	0,4333	0,6971	153,4709	123,3006	8536,1643	0,0000	0,0000	0,0000
109,0000	114,1139	78,6796	98,2837	38,8058	27,8600	33,3437	10,2620	10,2641	141,7472	134,6702	132,3983	138,7809	34,2456	112,3483	101,0731	176,3186	121,2276	42,9392	0,0000	0,0000	0,0000	0,0000	0,0000	0,0000	0,0000	0,0000	0,0000	0,0000	605,7107	8840,6555	17,1019	666,0076	2623,4949	7,8878	2,3800	2,4300	1,8200	4,5000	4,5000	300,0000	150,0000	1300,0000	175,0000	175,0000	3,4700	0,3400	0,2300	0,3000	0,1800	0,6000	0,6000	0,0000	0,2210	35,4344	0,4268	0,6952	153,4709	123,3006	8513,1972	0,0000	0,0000	0,0000
109,0000	113,2339	78,0704	97,6352	37,1559	26,3548	31,6639	9,4642	8,6585	139,9941	144,1426	137,7520	138,6165	34,4878	111,6246	100,4449	181,0250	120,1816	41,1893	0,0000	0,0000	0,0000	0,0000	0,0000	0,0000	0,0000	0,0000	0,0000	0,0000	702,6712	8741,4416	17,0986	723,4376	2648,6617	8,0114	2,3800	2,4300	1,8200	4,5000	4,5000	300,0000	150,0000	1300,0000	175,0000	175,0000	3,4700	0,3400	0,2300	0,3000	0,1800	0,6000	0,6000	0,0000	-2,1557	35,1634	0,4451	0,6910	153,4709	123,3006	8407,9036	0,0000	0,0000	0,0000
109,0000	112,5785	77,8173	97,1758	37,0352	25,4761	31,4699	9,2119	8,0956	138,3319	147,5893	143,4476	141,3234	34,4853	110,7062	102,0115	183,8978	119,4369	41,0894	0,0000	0,0000	0,0000	0,0000	0,0000	0,0000	0,0000	0,0000	0,0000	0,0000	731,1684	8607,6018	16,9409	766,8643	2759,3566	8,2420	2,3800	2,4300	1,8200	4,5000	4,5000	300,0000	150,0000	1300,0000	175,0000	175,0000	3,4700	0,3400	0,2300	0,3000	0,1800	0,6000	0,6000	1,8386	-3,0677	34,7611	0,4453	0,6885	153,4709	123,3006	8308,0771	0,0000	0,0000	0,0000
109,0000	113,2948	78,0381	97,9884	39,2373	26,4445	33,6968	10,5340	9,9611	138,8551	136,8144	145,9245	141,8873	34,1794	111,6135	103,4995	183,9039	120,0312	43,0218	0,0000	0,0000	0,0000	0,0000	0,0000	0,0000	0,0000	0,0000	0,0000	0,0000	721,3570	8482,8057	16,7395	721,6484	2807,8913	8,2470	2,3800	2,4300	1,8200	4,5000	4,5000	300,0000	150,0000	1300,0000	175,0000	175,0000	3,4700	0,3400	0,2300	0,3000	0,1800	0,6000	0,6000	15,2830	-0,0229	35,2566	0,4372	0,6938	153,4709	123,3006	8440,3180	0,0000	0,0000	0,0000
109,0000	114,3373	78,9089	98,4084	40,1157	28,7397	34,2815	10,7275	10,9406	140,8135	131,0252	135,1805	138,0495	34,0253	112,2866	102,4315	176,9159	121,3264	44,1787	0,0000	0,0000	0,0000	0,0000	0,0000	0,0000	0,0000	0,0000	0,0000	0,0000	633,1634	8733,1140	16,9821	694,9443	2730,4864	8,0912	2,3800	2,4300	1,8200	4,5000	4,5000	300,0000	150,0000	1300,0000	175,0000	175,0000	3,4700	0,3400	0,2300	0,3000	0,1800	0,6000	0,6000	5,2639	1,2844	35,4284	0,4210	0,6970	153,4709	123,3006	8530,4839	0,0000	0,0000	0,0000
109,0000	113,5927	78,0893	97,8884	37,4708	27,0259	32,0351	9,6669	9,0937	141,2388	141,5564	134,8005	138,3791	34,4640	112,2866	100,1988	179,4886	120,5936	41,5173	0,0000	0,0000	0,0000	0,0000	0,0000	0,0000	0,0000	0,0000	0,0000	0,0000	673,6312	8825,0986	17,1803	699,2341	2602,3405	7,9058	2,3800	2,4300	1,8200	4,5000	4,5000	300,0000	150,0000	1300,0000	175,0000	175,0000	3,4700	0,3400	0,2300	0,3000	0,1800	0,6000	0,6000	0,0000	-1,5114	35,5035	0,4418	0,6931	153,4709	123,3006	8482,6627	0,0000	0,0000	0,0000
109,0000	112,7961	77,9557	97,3149	36,9986	25,6394	31,4126	9,2272	8,1864	138,7171	147,0476	141,7788	140,1403	34,5038	110,9369	101,3989	183,1414	119,6810	41,0389	0,0000	0,0000	0,0000	0,0000	0,0000	0,0000	0,0000	0,0000	0,0000	0,0000	706,3785	8651,3366	16,9693	738,8314	2730,4978	8,1569	2,3800	2,4300	1,8200	4,5000	4,5000	300,0000	150,0000	1300,0000	175,0000	175,0000	3,4700	0,3400	0,2300	0,3000	0,1800	0,6000	0,6000	0,0000	-2,9179	34,8404	0,4463	0,6890	153,4709	123,3006	8331,2076	0,0000	0,0000	0,0000
109,0000	112,7630	77,6467	97,5870	38,1186	25,4049	32,6234	9,9368	9,0128	138,5006	142,3495	145,4594	142,5951	34,3562	111,1082	103,0087	183,1568	119,4071	41,8372	0,0000	0,0000	0,0000	0,0000	0,0000	0,0000	0,0000	0,0000	0,0000	0,0000	782,7864	8482,3407	16,8307	764,7015	2736,4589	8,2045	2,3800	2,4300	1,8200	4,5000	4,5000	300,0000	150,0000	1300,0000	175,0000	175,0000	3,4700	0,3400	0,2300	0,3000	0,1800	0,6000	0,6000	10,5444	-1,5674	35,1163	0,4376	0,6908	153,4709	123,3006	8365,9726	0,0000	0,0000	0,0000
109,0000	114,1147	78,6905	98,4626	40,4971	28,3219	34,6794	11,0079	11,1052	140,0011	129,9922	139,7393	137,9546	33,9676	112,6751	103,0570	180,0533	120,9583	44,1866	0,0000	0,0000	0,0000	0,0000	0,0000	0,0000	0,0000	0,0000	0,0000	0,0000	656,9751	8584,9529	16,7960	678,8448	2775,8107	8,1349	2,3800	2,4300	1,8200	4,5000	4,5000	300,0000	150,0000	1300,0000	175,0000	175,0000	3,4700	0,3400	0,2300	0,3000	0,1800	0,6000	0,6000	11,8411	1,6510	35,4243	0,4276	0,6985	153,4709	123,3006	8579,1186	0,0000	0,0000	0,0000
109,0000	113,9885	78,3334	98,1853	38,0151	27,3644	32,6105	9,9514	9,6696	142,0547	137,9834	132,2360	138,4812	34,4030	112,6751	100,2669	177,7394	121,0539	42,0920	0,0000	0,0000	0,0000	0,0000	0,0000	0,0000	0,0000	0,0000	0,0000	0,0000	641,5194	8878,9403	17,2128	677,9898	2575,6821	7,8341	2,3800	2,4300	1,8200	4,5000	4,5000	300,0000	150,0000	1300,0000	175,0000	175,0000	3,4700	0,3400	0,2300	0,3000	0,1800	0,6000	0,6000	0,0000	-0,6556	35,6551	0,4359	0,6947	153,4709	123,3006	8531,6630	0,0000	0,0000	0,0000
109,0000	113,0434	78,0951	97,5064	37,0203	25,9311	31,4851	9,3437	8,4032	139,2246	145,6384	139,7558	139,0722	34,5090	111,2217	100,7663	182,0528	119,9613	41,0512	0,0000	0,0000	0,0000	0,0000	0,0000	0,0000	0,0000	0,0000	0,0000	0,0000	705,1282	8691,9941	17,0283	729,0501	2684,7570	8,0738	2,3800	2,4300	1,8200	4,5000	4,5000	300,0000	150,0000	1300,0000	175,0000	175,0000	3,4700	0,3400	0,2300	0,3000	0,1800	0,6000	0,6000	0,0000	-2,5477	34,9482	0,4465	0,6897	153,4709	123,3006	8361,6889	0,0000	0,0000	0,0000
109,0000	112,4828	77,7501	97,2603	37,0870	25,4067	31,8150	9,4382	8,3353	138,1730	146,2336	144,4924	142,1282	34,4827	110,7719	102,4592	182,9187	119,3286	41,1530	0,0000	0,0000	0,0000	0,0000	0,0000	0,0000	0,0000	0,0000	0,0000	0,0000	724,5172	8535,5435	16,8231	752,7630	2734,2147	8,1833	2,3800	2,4300	1,8200	4,5000	4,5000	300,0000	150,0000	1300,0000	175,0000	175,0000	3,4700	0,3400	0,2300	0,3000	0,1800	0,6000	0,6000	5,2388	-2,6673	34,7327	0,4399	0,6887	153,4709	123,3006	8315,5262	0,0000	0,0000	0,0000
109,0000	113,6297	78,3592	98,2462	39,8808	27,3096	34,3654	10,8871	10,6370	139,2262	132,7544	144,2213	139,7988	34,0582	112,1953	103,4527	182,9187	120,4164	43,6515	0,0000	0,0000	0,0000	0,0000	0,0000	0,0000	0,0000	0,0000	0,0000	0,0000	686,2717	8490,9282	16,6991	692,6838	2807,5771	8,2032	2,3800	2,4300	1,8200	4,5000	4,5000	300,0000	150,0000	1300,0000	175,0000	175,0000	3,4700	0,3400	0,2300	0,3000	0,1800	0,6000	0,6000	16,2307	1,0267	35,2705	0,4344	0,6964	153,4709	123,3006	8516,9424	0,0000	0,0000	0,0000
109,0000	114,1437	78,8051	98,3041	39,0548	28,0194	33,5561	10,3590	10,4251	141,5587	133,8127	132,7769	138,6891	34,1965	112,1953	101,3626	175,9516	121,2718	43,2037	0,0000	0,0000	0,0000	0,0000	0,0000	0,0000	0,0000	0,0000	0,0000	0,0000	576,1943	8822,9664	17,0313	649,4105	2645,6568	7,8961	2,3800	2,4300	1,8200	4,5000	4,5000	300,0000	150,0000	1300,0000	175,0000	175,0000	3,4700	0,3400	0,2300	0,3000	0,1800	0,6000	0,6000	0,9160	0,4654	35,3386	0,4239	0,6952	153,4709	123,3006	8501,8768	0,0000	0,0000	0,0000
109,0000	113,2909	78,0577	97,6732	37,2085	26,4879	31,7276	9,4998	8,7367	140,2376	143,6929	137,1849	138,5530	34,4813	111,7523	100,3883	180,7365	120,2476	41,2440	0,0000	0,0000	0,0000	0,0000	0,0000	0,0000	0,0000	0,0000	0,0000	0,0000	676,7374	8756,9955	17,0830	703,5390	2639,5840	7,9680	2,3800	2,4300	1,8200	4,5000	4,5000	300,0000	150,0000	1300,0000	175,0000	175,0000	3,4700	0,3400	0,2300	0,3000	0,1800	0,6000	0,6000	0,0000	-2,0397	35,2332	0,4446	0,6914	153,4709	123,3006	8422,5316	0,0000	0,0000	0,0000
109,0000	112,6143	77,8377	97,1827	37,0258	25,5042	31,4287	9,1879	8,0828	138,4027	147,6551	143,1372	141,0849	34,4879	110,7478	101,8949	183,8516	119,4772	41,0771	0,0000	0,0000	0,0000	0,0000	0,0000	0,0000	0,0000	0,0000	0,0000	0,0000	731,1161	8619,4821	16,9586	765,1290	2758,5069	8,2382	2,3800	2,4300	1,8200	4,5000	4,5000	300,0000	150,0000	1300,0000	175,0000	175,0000	3,4700	0,3400	0,2300	0,3000	0,1800	0,6000	0,6000	1,0872	-3,0912	34,7766	0,4458	0,6886	153,4709	123,3006	8312,3255	0,0000	0,0000	0,0000
109,0000	113,2049	77,9359	97,9135	39,0331	26,2106	33,4865	10,4240	9,7699	138,7880	137,9484	145,9780	142,2060	34,2150	111,4930	103,4267	183,8606	119,9264	42,8109	0,0000	0,0000	0,0000	0,0000	0,0000	0,0000	0,0000	0,0000	0,0000	0,0000	724,4275	8483,5318	16,7452	723,0103	2797,5836	8,2336	2,3800	2,4300	1,8200	4,5000	4,5000	300,0000	150,0000	1300,0000	175,0000	175,0000	3,4700	0,3400	0,2300	0,3000	0,1800	0,6000	0,6000	14,5867	-0,3309	35,2690	0,4375	0,6931	153,4709	123,3006	8423,3020	0,0000	0,0000	0,0000
109,0000	114,3132	78,8690	98,4365	40,3648	28,9452	34,4144	10,8083	11,0231	140,6570	130,5431	135,9903	137,9092	33,9910	112,4048	102,6159	177,5465	121,3017	44,2343	0,0000	0,0000	0,0000	0,0000	0,0000	0,0000	0,0000	0,0000	0,0000	0,0000	626,8208	8707,5189	16,9343	687,2041	2745,6939	8,1024	2,3800	2,4300	1,8200	4,5000	4,5000	300,0000	150,0000	1300,0000	175,0000	175,0000	3,4700	0,3400	0,2300	0,3000	0,1800	0,6000	0,6000	6,7116	1,4303	35,4443	0,4220	0,6976	153,4709	123,3006	8547,1039	0,0000	0,0000	0,0000
109,0000	113,6815	78,1246	97,9545	37,5538	27,0774	32,1289	9,7176	9,1970	141,4628	140,9034	134,1777	138,3512	34,4588	112,4048	100,1620	179,1448	120,6953	41,6039	0,0000	0,0000	0,0000	0,0000	0,0000	0,0000	0,0000	0,0000	0,0000	0,0000	672,6987	8841,0273	17,2028	698,1916	2593,1296	7,8905	2,3800	2,4300	1,8200	4,5000	4,5000	300,0000	150,0000	1300,0000	175,0000	175,0000	3,4700	0,3400	0,2300	0,3000	0,1800	0,6000	0,6000	0,0000	-1,3564	35,5570	0,4409	0,6934	153,4709	123,3006	8496,1115	0,0000	0,0000	0,0000
109,0000	112,8450	77,9905	97,3540	36,9948	25,6835	31,4187	9,2476	8,2236	138,7949	146,8061	141,4031	139,9014	34,5066	110,9826	101,2629	182,9359	119,7362	41,0325	0,0000	0,0000	0,0000	0,0000	0,0000	0,0000	0,0000	0,0000	0,0000	0,0000	706,2386	8658,3332	16,9795	736,7771	2721,4071	8,1402	2,3800	2,4300	1,8200	4,5000	4,5000	300,0000	150,0000	1300,0000	175,0000	175,0000	3,4700	0,3400	0,2300	0,3000	0,1800	0,6000	0,6000	0,0000	-2,8522	34,8545	0,4465	0,6891	153,4709	123,3006	8335,8852	0,0000	0,0000	0,0000
109,0000	112,6099	77,6682	97,5066	37,8612	25,4009	32,4293	9,8211	8,8455	138,4124	143,3125	145,2912	142,5689	34,3886	111,0217	102,8969	182,9524	119,2780	41,5568	0,0000	0,0000	0,0000	0,0000	0,0000	0,0000	0,0000	0,0000	0,0000	0,0000	694,9681	8487,6263	16,7072	697,5765	2726,0599	8,0885	2,3800	2,4300	1,8200	4,5000	4,5000	300,0000	150,0000	1300,0000	175,0000	175,0000	3,4700	0,3400	0,2300	0,3000	0,1800	0,6000	0,6000	9,3696	-1,8390	34,9417	0,4376	0,6903	153,4709	123,3006	8353,0111	0,0000	0,0000	0,0000
109,0000	114,0126	78,6309	98,4382	40,3764	28,1161	34,6773	11,0216	11,0617	139,8236	130,2372	140,7548	138,1365	33,9789	112,6511	103,1314	180,6873	120,8451	44,0862	0,0000	0,0000	0,0000	0,0000	0,0000	0,0000	0,0000	0,0000	0,0000	0,0000	656,4532	8557,5180	16,7542	673,9460	2782,3061	8,1373	2,3800	2,4300	1,8200	4,5000	4,5000	300,0000	150,0000	1300,0000	175,0000	175,0000	3,4700	0,3400	0,2300	0,3000	0,1800	0,6000	0,6000	13,0158	1,6102	35,3817	0,4292	0,6984	153,4709	123,3006	8575,2639	0,0000	0,0000	0,0000
109,0000	114,0349	78,4021	98,2203	38,1821	27,4684	32,7723	10,0207	9,8092	142,0671	137,1714	132,0208	138,5930	34,3721	112,6511	100,3990	177,3763	121,1124	42,2706	0,0000	0,0000	0,0000	0,0000	0,0000	0,0000	0,0000	0,0000	0,0000	0,0000	613,1572	8876,5735	17,1668	659,7003	2580,1771	7,8135	2,3800	2,4300	1,8200	4,5000	4,5000	300,0000	150,0000	1300,0000	175,0000	175,0000	3,4700	0,3400	0,2300	0,3000	0,1800	0,6000	0,6000	0,0000	-0,4508	35,6328	0,4340	0,6949	153,4709	123,3006	8532,4106	0,0000	0,0000	0,0000
109,0000	113,0901	78,1005	97,5394	37,0429	26,0152	31,5182	9,3719	8,4601	139,3837	145,2898	139,2805	138,9130	34,5052	111,3056	100,6646	181,8059	120,0151	41,0735	0,0000	0,0000	0,0000	0,0000	0,0000	0,0000	0,0000	0,0000	0,0000	0,0000	704,6134	8702,6216	17,0434	727,3634	2675,6214	8,0576	2,3800	2,4300	1,8200	4,5000	4,5000	300,0000	150,0000	1300,0000	175,0000	175,0000	3,4700	0,3400	0,2300	0,3000	0,1800	0,6000	0,6000	0,0000	-2,4568	34,9896	0,4463	0,6900	153,4709	123,3006	8371,2436	0,0000	0,0000	0,0000
109,0000	112,4994	77,7671	97,2230	37,0709	25,4174	31,7001	9,3629	8,2464	138,1877	146,7380	144,2553	141,9512	34,4818	110,7303	102,3442	183,3335	119,3477	41,1338	0,0000	0,0000	0,0000	0,0000	0,0000	0,0000	0,0000	0,0000	0,0000	0,0000	728,9095	8555,4562	16,8595	764,3767	2743,3434	8,2143	2,3800	2,4300	1,8200	4,5000	4,5000	300,0000	150,0000	1300,0000	175,0000	175,0000	3,4700	0,3400	0,2300	0,3000	0,1800	0,6000	0,6000	4,3042	-2,8129	34,7323	0,4418	0,6886	153,4709	123,3006	8311,0801	0,0000	0,0000	0,0000
109,0000	113,5408	78,2866	98,1849	39,7376	27,0965	34,2245	10,8136	10,4816	139,1024	133,6890	144,8747	140,3738	34,0849	112,0360	103,5085	183,3344	120,3153	43,5174	0,0000	0,0000	0,0000	0,0000	0,0000	0,0000	0,0000	0,0000	0,0000	0,0000	688,9746	8484,7884	16,6940	695,4584	2812,6075	8,2149	2,3800	2,4300	1,8200	4,5000	4,5000	300,0000	150,0000	1300,0000	175,0000	175,0000	3,4700	0,3400	0,2300	0,3000	0,1800	0,6000	0,6000	16,2257	0,7937	35,2542	0,4354	0,6958	153,4709	123,3006	8496,6761	0,0000	0,0000	0,0000
109,0000	114,1878	78,8244	98,3251	39,3158	28,1896	33,7610	10,4545	10,5761	141,3572	133,0088	133,2592	138,5804	34,1482	112,0360	101,6593	175,5782	121,3341	43,4781	0,0000	0,0000	0,0000	0,0000	0,0000	0,0000	0,0000	0,0000	0,0000	0,0000	573,4087	8803,6373	16,9982	652,9563	2670,0057	7,9378	2,3800	2,4300	1,8200	4,5000	4,5000	300,0000	150,0000	1300,0000	175,0000	175,0000	3,4700	0,3400	0,2300	0,3000	0,1800	0,6000	0,6000	1,8555	0,6972	35,3634	0,4210	0,6952	153,4709	123,3006	8489,7698	0,0000	0,0000	0,0000
109,0000	113,3568	78,0510	97,7184	37,2669	26,6367	31,7977	9,5380	8,8204	140,4949	143,2077	136,5980	138,5007	34,4760	111,8886	100,3358	180,4358	120,3235	41,3048	0,0000	0,0000	0,0000	0,0000	0,0000	0,0000	0,0000	0,0000	0,0000	0,0000	675,9742	8773,8638	17,1071	702,4463	2630,1419	7,9523	2,3800	2,4300	1,8200	4,5000	4,5000	300,0000	150,0000	1300,0000	175,0000	175,0000	3,4700	0,3400	0,2300	0,3000	0,1800	0,6000	0,6000	0,0000	-1,9164	35,3058	0,4439	0,6919	153,4709	123,3006	8437,9818	0,0000	0,0000	0,0000
109,0000	112,6563	77,8625	97,2047	37,0176	25,5356	31,4076	9,1810	8,0912	138,4818	147,6028	142,8108	140,8422	34,4917	110,7952	101,7749	183,7035	119,5243	41,0660	0,0000	0,0000	0,0000	0,0000	0,0000	0,0000	0,0000	0,0000	0,0000	0,0000	731,0970	8629,9518	16,9743	763,3373	2755,1212	8,2304	2,3800	2,4300	1,8200	4,5000	4,5000	300,0000	150,0000	1300,0000	175,0000	175,0000	3,4700	0,3400	0,2300	0,3000	0,1800	0,6000	0,6000	0,3831	-3,0792	34,7938	0,4460	0,6887	153,4709	123,3006	8317,0807	0,0000	0,0000	0,0000
109,0000	113,1091	77,8230	97,8337	38,8129	25,9600	33,2633	10,3060	9,5731	138,7226	139,1045	145,9010	142,3980	34,2516	111,3826	103,3241	183,7156	119,8143	42,5798	0,0000	0,0000	0,0000	0,0000	0,0000	0,0000	0,0000	0,0000	0,0000	0,0000	750,8927	8483,9449	16,7854	743,4440	2783,4190	8,2430	2,3800	2,4300	1,8200	4,5000	4,5000	300,0000	150,0000	1300,0000	175,0000	175,0000	3,4700	0,3400	0,2300	0,3000	0,1800	0,6000	0,6000	13,9022	-0,6506	35,2861	0,4376	0,6925	153,4709	123,3006	8407,2748	0,0000	0,0000	0,0000
109,0000	114,2982	78,8284	98,4560	40,4078	28,9166	34,5219	10,8784	11,0808	140,4882	130,1876	136,9016	137,8360	33,9736	112,5115	102,7469	178,1797	121,2719	44,2821	0,0000	0,0000	0,0000	0,0000	0,0000	0,0000	0,0000	0,0000	0,0000	0,0000	671,1995	8677,6306	16,9560	716,2266	2757,7714	8,1639	2,3800	2,4300	1,8200	4,5000	4,5000	300,0000	150,0000	1300,0000	175,0000	175,0000	3,4700	0,3400	0,2300	0,3000	0,1800	0,6000	0,6000	8,1001	1,5411	35,4698	0,4234	0,6980	153,4709	123,3006	8560,6229	0,0000	0,0000	0,0000
109,0000	113,7690	78,1659	98,0198	37,6467	27,1353	32,2316	9,7719	9,3066	141,6703	140,2080	133,5607	138,3361	34,4511	112,5115	100,1393	178,7922	120,7960	41,7014	0,0000	0,0000	0,0000	0,0000	0,0000	0,0000	0,0000	0,0000	0,0000	0,0000	645,8593	8855,5140	17,1843	678,3878	2584,7136	7,8483	2,3800	2,4300	1,8200	4,5000	4,5000	300,0000	150,0000	1300,0000	175,0000	175,0000	3,4700	0,3400	0,2300	0,3000	0,1800	0,6000	0,6000	0,0000	-1,1923	35,6031	0,4399	0,6938	153,4709	123,3006	8508,5755	0,0000	0,0000	0,0000
109,0000	112,8945	78,0235	97,3931	36,9936	25,7332	31,4276	9,2698	8,2636	138,8802	146,5406	141,0119	139,6668	34,5086	111,0316	101,1266	182,7229	119,7922	41,0289	0,0000	0,0000	0,0000	0,0000	0,0000	0,0000	0,0000	0,0000	0,0000	0,0000	706,0451	8665,6863	16,9903	734,6970	2712,1303	8,1232	2,3800	2,4300	1,8200	4,5000	4,5000	300,0000	150,0000	1300,0000	175,0000	175,0000	3,4700	0,3400	0,2300	0,3000	0,1800	0,6000	0,6000	0,0000	-2,7820	34,8710	0,4466	0,6892	153,4709	123,3006	8341,0071	0,0000	0,0000	0,0000
109,0000	112,4465	77,6893	97,4307	37,5914	25,3981	32,2496	9,7123	8,6924	138,3242	144,1905	145,1121	142,5048	34,4200	110,9429	102,7838	182,7406	119,2869	41,2622	0,0000	0,0000	0,0000	0,0000	0,0000	0,0000	0,0000	0,0000	0,0000	0,0000	704,4923	8495,6560	16,7335	715,7369	2721,8636	8,1094	2,3800	2,4300	1,8200	4,5000	4,5000	300,0000	150,0000	1300,0000	175,0000	175,0000	3,4700	0,3400	0,2300	0,3000	0,1800	0,6000	0,6000	8,2456	-2,0869	34,7572	0,4375	0,6898	153,4709	123,3006	8341,0033	0,0000	0,0000	0,0000
109,0000	113,9103	78,5656	98,4018	40,2549	27,9153	34,6434	11,0175	10,9914	139,6499	130,6466	141,7278	138,3937	33,9959	112,5811	103,2145	181,3065	120,7313	43,9833	0,0000	0,0000	0,0000	0,0000	0,0000	0,0000	0,0000	0,0000	0,0000	0,0000	656,4440	8533,4374	16,7181	669,4793	2788,1156	8,1393	2,3800	2,4300	1,8200	4,5000	4,5000	300,0000	150,0000	1300,0000	175,0000	175,0000	3,4700	0,3400	0,2300	0,3000	0,1800	0,6000	0,6000	14,1399	1,5264	35,3447	0,4307	0,6980	153,4709	123,3006	8565,7909	0,0000	0,0000	0,0000
109,0000	114,0669	78,4813	98,2448	38,3736	27,5878	32,9521	10,0955	9,9571	142,0100	136,3353	131,9839	138,7130	34,3336	112,5811	100,5852	177,0150	121,1564	42,4759	0,0000	0,0000	0,0000	0,0000	0,0000	0,0000	0,0000	0,0000	0,0000	0,0000	610,8041	8868,3338	17,1510	661,2299	2590,0803	7,8306	2,3800	2,4300	1,8200	4,5000	4,5000	300,0000	150,0000	1300,0000	175,0000	175,0000	3,4700	0,3400	0,2300	0,3000	0,1800	0,6000	0,6000	0,0000	-0,2339	35,5856	0,4318	0,6950	153,4709	123,3006	8528,9787	0,0000	0,0000	0,0000
109,0000	113,1363	78,0948	97,5706	37,0737	26,1189	31,5601	9,4018	8,5225	139,5691	144,9191	138,7820	138,7859	34,4998	111,4024	100,5770	181,5495	120,0686	41,1046	0,0000	0,0000	0,0000	0,0000	0,0000	0,0000	0,0000	0,0000	0,0000	0,0000	704,0024	8714,5068	17,0603	725,8713	2666,3537	8,0415	2,3800	2,4300	1,8200	4,5000	4,5000	300,0000	150,0000	1300,0000	175,0000	175,0000	3,4700	0,3400	0,2300	0,3000	0,1800	0,6000	0,6000	0,0000	-2,3600	35,0415	0,4460	0,6903	153,4709	123,3006	8382,3807	0,0000	0,0000	0,0000
109,0000	112,5208	77,7832	97,1954	37,0569	25,4329	31,6033	9,2991	8,1762	138,2210	147,1347	143,9987	141,7530	34,4819	110,7043	102,2304	183,6420	119,3719	41,1168	0,0000	0,0000	0,0000	0,0000	0,0000	0,0000	0,0000	0,0000	0,0000	0,0000	731,2965	8576,7813	16,8950	770,1156	2752,7362	8,2370	2,3800	2,4300	1,8200	4,5000	4,5000	300,0000	150,0000	1300,0000	175,0000	175,0000	3,4700	0,3400	0,2300	0,3000	0,1800	0,6000	0,6000	3,4165	-2,9297	34,7376	0,4433	0,6885	153,4709	123,3006	8308,2420	0,0000	0,0000	0,0000
109,0000	113,4554	78,2081	98,1209	39,5815	26,8795	34,0629	10,7287	10,3139	139,0013	134,6996	145,3849	140,9332	34,1145	111,8787	103,5374	183,6444	120,2173	43,3668	0,0000	0,0000	0,0000	0,0000	0,0000	0,0000	0,0000	0,0000	0,0000	0,0000	691,8034	8481,7065	16,6936	697,9889	2814,1875	8,2210	2,3800	2,4300	1,8200	4,5000	4,5000	300,0000	150,0000	1300,0000	175,0000	175,0000	3,4700	0,3400	0,2300	0,3000	0,1800	0,6000	0,6000	16,1740	0,5360	35,2473	0,4362	0,6951	153,4709	123,3006	8476,2914	0,0000	0,0000	0,0000
109,0000	114,2516	78,8519	98,3490	39,5864	28,3699	33,9558	10,5491	10,7159	141,1550	132,2600	133,8419	138,4381	34,1023	112,0292	101,9523	175,6992	121,4062	43,7586	0,0000	0,0000	0,0000	0,0000	0,0000	0,0000	0,0000	0,0000	0,0000	0,0000	647,8950	8780,0090	17,0743	713,3809	2693,9374	8,0641	2,3800	2,4300	1,8200	4,5000	4,5000	300,0000	150,0000	1300,0000	175,0000	175,0000	3,4700	0,3400	0,2300	0,3000	0,1800	0,6000	0,6000	2,7950	0,9156	35,3997	0,4197	0,6956	153,4709	123,3006	8494,0337	0,0000	0,0000	0,0000
109,0000	113,4312	78,0528	97,7708	37,3314	26,7927	31,8739	9,5790	8,9093	140,7579	142,6839	135,9935	138,4568	34,4716	112,0292	100,2875	180,1234	120,4088	41,3719	0,0000	0,0000	0,0000	0,0000	0,0000	0,0000	0,0000	0,0000	0,0000	0,0000	675,2052	8791,5708	17,1325	701,3745	2620,6195	7,9364	2,3800	2,4300	1,8200	4,5000	4,5000	300,0000	150,0000	1300,0000	175,0000	175,0000	3,4700	0,3400	0,2300	0,3000	0,1800	0,6000	0,6000	0,0000	-1,7857	35,3784	0,4432	0,6923	153,4709	123,3006	8453,7792	0,0000	0,0000	0,0000
109,0000	112,7029	77,8915	97,2403	37,0103	25,5703	31,4061	9,1929	8,1200	138,5654	147,4430	142,4698	140,6041	34,4962	110,8458	101,6512	183,5184	119,5764	41,0559	0,0000	0,0000	0,0000	0,0000	0,0000	0,0000	0,0000	0,0000	0,0000	0,0000	731,0902	8637,5859	16,9857	761,4798	2747,1676	8,2157	2,3800	2,4300	1,8200	4,5000	4,5000	300,0000	150,0000	1300,0000	175,0000	175,0000	3,4700	0,3400	0,2300	0,3000	0,1800	0,6000	0,6000	0,0000	-3,0322	34,8113	0,4461	0,6888	153,4709	123,3006	8322,0969	0,0000	0,0000	0,0000
109,0000	113,0073	77,7024	97,7503	38,5858	25,6968	33,0360	10,1768	9,3723	138,6542	140,2711	145,7521	142,5254	34,2892	111,2889	103,2223	183,5317	119,6945	42,3393	0,0000	0,0000	0,0000	0,0000	0,0000	0,0000	0,0000	0,0000	0,0000	0,0000	754,0493	8483,6743	16,7897	744,3860	2767,6419	8,2208	2,3800	2,4300	1,8200	4,5000	4,5000	300,0000	150,0000	1300,0000	175,0000	175,0000	3,4700	0,3400	0,2300	0,3000	0,1800	0,6000	0,6000	12,9538	-0,9807	35,3049	0,4376	0,6919	153,4709	123,3006	8392,9690	0,0000	0,0000	0,0000
109,0000	114,3002	78,7875	98,4704	40,4479	28,7122	34,6032	10,9364	11,1148	140,3225	129,9695	137,8433	137,8176	33,9712	112,6067	102,8702	178,8219	121,1697	44,3265	0,0000	0,0000	0,0000	0,0000	0,0000	0,0000	0,0000	0,0000	0,0000	0,0000	664,4910	8646,3616	16,8991	698,6216	2766,0806	8,1500	2,3800	2,4300	1,8200	4,5000	4,5000	300,0000	150,0000	1300,0000	175,0000	175,0000	3,4700	0,3400	0,2300	0,3000	0,1800	0,6000	0,6000	9,4317	1,6155	35,5127	0,4247	0,6983	153,4709	123,3006	8571,2686	0,0000	0,0000	0,0000
109,0000	113,8577	78,2182	98,0866	37,7551	27,2030	32,3475	9,8298	9,4243	141,8608	139,4725	133,0102	138,3521	34,4414	112,6067	100,1466	178,4357	120,8985	41,8156	0,0000	0,0000	0,0000	0,0000	0,0000	0,0000	0,0000	0,0000	0,0000	0,0000	644,6545	8868,5454	17,2020	677,8459	2578,4105	7,8380	2,3800	2,4300	1,8200	4,5000	4,5000	300,0000	150,0000	1300,0000	175,0000	175,0000	3,4700	0,3400	0,2300	0,3000	0,1800	0,6000	0,6000	0,0000	-1,0187	35,6396	0,4388	0,6941	153,4709	123,3006	8520,0153	0,0000	0,0000	0,0000
109,0000	112,9504	78,0563	97,4369	36,9974	25,7917	31,4419	9,2936	8,3079	138,9879	146,2499	140,6018	139,4445	34,5114	111,0938	100,9965	182,5028	119,8552	41,0308	0,0000	0,0000	0,0000	0,0000	0,0000	0,0000	0,0000	0,0000	0,0000	0,0000	705,8613	8674,7156	17,0035	732,6936	2702,7994	8,1063	2,3800	2,4300	1,8200	4,5000	4,5000	300,0000	150,0000	1300,0000	175,0000	175,0000	3,4700	0,3400	0,2300	0,3000	0,1800	0,6000	0,6000	0,0000	-2,7069	34,8941	0,4466	0,6893	153,4709	123,3006	8347,4739	0,0000	0,0000	0,0000
109,0000	112,4609	77,7138	97,3658	37,3076	25,3983	32,0860	9,6106	8,5554	138,2500	144,9783	144,9192	142,4066	34,4525	110,8803	102,6713	182,5218	119,3032	41,1948	0,0000	0,0000	0,0000	0,0000	0,0000	0,0000	0,0000	0,0000	0,0000	0,0000	712,8952	8506,8471	16,7628	730,1423	2722,7918	8,1324	2,3800	2,4300	1,8200	4,5000	4,5000	300,0000	150,0000	1300,0000	175,0000	175,0000	3,4700	0,3400	0,2300	0,3000	0,1800	0,6000	0,6000	7,1711	-2,3102	34,7471	0,4375	0,6893	153,4709	123,3006	8330,6235	0,0000	0,0000	0,0000
109,0000	113,8146	78,4985	98,3594	40,1321	27,7086	34,5777	10,9931	10,8948	139,4997	131,2221	142,6485	138,7539	34,0160	112,4742	103,3019	181,9012	120,6243	43,8772	0,0000	0,0000	0,0000	0,0000	0,0000	0,0000	0,0000	0,0000	0,0000	0,0000	681,4397	8513,6522	16,7259	687,0966	2793,3608	8,1735	2,3800	2,4300	1,8200	4,5000	4,5000	300,0000	150,0000	1300,0000	175,0000	175,0000	3,4700	0,3400	0,2300	0,3000	0,1800	0,6000	0,6000	15,2144	1,3975	35,3161	0,4321	0,6976	153,4709	123,3006	8551,9500	0,0000	0,0000	0,0000
109,0000	114,0945	78,5789	98,2671	38,5902	27,7238	33,1504	10,1772	10,1139	141,8945	135,4784	132,1269	138,8057	34,2903	112,4742	100,8259	176,6566	121,1963	42,7085	0,0000	0,0000	0,0000	0,0000	0,0000	0,0000	0,0000	0,0000	0,0000	0,0000	608,2566	8855,6805	17,1282	663,5133	2605,4422	7,8570	2,3800	2,4300	1,8200	4,5000	4,5000	300,0000	150,0000	1300,0000	175,0000	175,0000	3,4700	0,3400	0,2300	0,3000	0,1800	0,6000	0,6000	0,0000	-0,0040	35,5156	0,4293	0,6951	153,4709	123,3006	8522,0432	0,0000	0,0000	0,0000
109,0000	113,1885	78,0849	97,6057	37,1138	26,2373	31,6113	9,4333	8,5913	139,7866	144,5266	138,2579	138,6897	34,4947	111,5171	100,5059	181,2834	120,1288	41,1457	0,0000	0,0000	0,0000	0,0000	0,0000	0,0000	0,0000	0,0000	0,0000	0,0000	703,3712	8728,5138	17,0803	724,5899	2657,2233	8,0259	2,3800	2,4300	1,8200	4,5000	4,5000	300,0000	150,0000	1300,0000	175,0000	175,0000	3,4700	0,3400	0,2300	0,3000	0,1800	0,6000	0,6000	0,0000	-2,2569	35,1035	0,4456	0,6907	153,4709	123,3006	8395,4409	0,0000	0,0000	0,0000
109,0000	112,5519	77,8022	97,1826	37,0454	25,4540	31,5258	9,2475	8,1258	138,2783	147,4221	143,7204	141,5371	34,4843	110,6959	102,1186	183,8328	119,4068	41,1023	0,0000	0,0000	0,0000	0,0000	0,0000	0,0000	0,0000	0,0000	0,0000	0,0000	731,2610	8594,9989	16,9222	768,4594	2757,8456	8,2422	2,3800	2,4300	1,8200	4,5000	4,5000	300,0000	150,0000	1300,0000	175,0000	175,0000	3,4700	0,3400	0,2300	0,3000	0,1800	0,6000	0,6000	2,5753	-3,0161	34,7496	0,4445	0,6885	153,4709	123,3006	8307,0709	0,0000	0,0000	0,0000
109,0000	113,3760	78,1258	98,0561	39,4108	26,6576	33,8803	10,6311	10,1342	138,9249	135,7815	145,7384	141,4744	34,1483	111,7376	103,5352	183,8371	120,1253	43,1977	0,0000	0,0000	0,0000	0,0000	0,0000	0,0000	0,0000	0,0000	0,0000	0,0000	718,5893	8482,4333	16,7348	720,0204	2812,9739	8,2522	2,3800	2,4300	1,8200	4,5000	4,5000	300,0000	150,0000	1300,0000	175,0000	175,0000	3,4700	0,3400	0,2300	0,3000	0,1800	0,6000	0,6000	15,9399	0,2528	35,2502	0,4368	0,6944	153,4709	123,3006	8457,2379	0,0000	0,0000	0,0000
109,0000	114,3500	78,8869	98,3812	39,8607	28,5582	34,1352	10,6443	10,8425	140,9738	131,5744	134,5084	138,2265	34,0611	112,1676	102,2183	176,3324	121,3615	44,0377	0,0000	0,0000	0,0000	0,0000	0,0000	0,0000	0,0000	0,0000	0,0000	0,0000	639,7089	8755,9809	17,0261	702,7539	2714,6042	8,0791	2,3800	2,4300	1,8200	4,5000	4,5000	300,0000	150,0000	1300,0000	175,0000	175,0000	3,4700	0,3400	0,2300	0,3000	0,1800	0,6000	0,6000	3,8702	1,1195	35,4631	0,4203	0,6963	153,4709	123,3006	8513,6032	0,0000	0,0000	0,0000
109,0000	113,5143	78,0678	97,8310	37,4010	26,9520	31,9548	9,6231	9,0030	141,0151	142,1199	135,3750	138,4125	34,4682	112,1676	100,2398	179,7986	120,5038	41,4445	0,0000	0,0000	0,0000	0,0000	0,0000	0,0000	0,0000	0,0000	0,0000	0,0000	674,4319	8809,4629	17,1581	700,2538	2611,1487	7,9205	2,3800	2,4300	1,8200	4,5000	4,5000	300,0000	150,0000	1300,0000	175,0000	175,0000	3,4700	0,3400	0,2300	0,3000	0,1800	0,6000	0,6000	0,0000	-1,6470	35,4466	0,4425	0,6927	153,4709	123,3006	8469,2279	0,0000	0,0000	0,0000
109,0000	112,7520	77,9249	97,2797	37,0037	25,6076	31,4090	9,2099	8,1538	138,6461	147,2491	142,1166	140,3643	34,5008	110,8948	101,5219	183,3256	119,6315	41,0464	0,0000	0,0000	0,0000	0,0000	0,0000	0,0000	0,0000	0,0000	0,0000	0,0000	731,0675	8644,9347	16,9966	759,5232	2738,5129	8,1999	2,3800	2,4300	1,8200	4,5000	4,5000	300,0000	150,0000	1300,0000	175,0000	175,0000	3,4700	0,3400	0,2300	0,3000	0,1800	0,6000	0,6000	0,0000	-2,9747	34,8271	0,4462	0,6889	153,4709	123,3006	8326,9437	0,0000	0,0000	0,0000
109,0000	112,8892	77,6271	97,6650	38,3474	25,4148	32,8155	10,0494	9,1797	138,5786	141,3867	145,6057	142,5826	34,3250	111,1935	103,1113	183,3400	119,5557	42,0842	0,0000	0,0000	0,0000	0,0000	0,0000	0,0000	0,0000	0,0000	0,0000	0,0000	757,1224	8481,7045	16,7914	745,1324	2750,9483	8,1969	2,3800	2,4300	1,8200	4,5000	4,5000	300,0000	150,0000	1300,0000	175,0000	175,0000	3,4700	0,3400	0,2300	0,3000	0,1800	0,6000	0,6000	11,6774	-1,2958	35,2621	0,4376	0,6913	153,4709	123,3006	8378,6664	0,0000	0,0000	0,0000
109,0000	114,2083	78,7405	98,4721	40,4815	28,5118	34,6557	10,9805	11,1220	140,1532	129,9090	138,8142	137,8559	33,9691	112,6616	102,9752	179,4618	121,0618	44,2788	0,0000	0,0000	0,0000	0,0000	0,0000	0,0000	0,0000	0,0000	0,0000	0,0000	658,9067	8613,1679	16,8411	683,5815	2770,8544	8,1346	2,3800	2,4300	1,8200	4,5000	4,5000	300,0000	150,0000	1300,0000	175,0000	175,0000	3,4700	0,3400	0,2300	0,3000	0,1800	0,6000	0,6000	10,7081	1,6522	35,4678	0,4262	0,6985	153,4709	123,3006	8577,4842	0,0000	0,0000	0,0000
109,0000	113,9321	78,2745	98,1427	37,8806	27,2809	32,4767	9,8912	9,5482	141,9908	138,7115	132,5557	138,4027	34,4247	112,6616	100,1883	178,0748	120,9859	41,9486	0,0000	0,0000	0,0000	0,0000	0,0000	0,0000	0,0000	0,0000	0,0000	0,0000	643,1598	8876,4275	17,2115	677,6836	2575,1877	7,8329	2,3800	2,4300	1,8200	4,5000	4,5000	300,0000	150,0000	1300,0000	175,0000	175,0000	3,4700	0,3400	0,2300	0,3000	0,1800	0,6000	0,6000	0,0000	-0,8350	35,6575	0,4374	0,6944	153,4709	123,3006	8527,8249	0,0000	0,0000	0,0000
109,0000	112,9998	78,0804	97,4744	37,0062	25,8590	31,4612	9,3190	8,3554	139,1021	145,9417	140,1727	139,2404	34,5111	111,1563	100,8721	182,2734	119,9115	41,0380	0,0000	0,0000	0,0000	0,0000	0,0000	0,0000	0,0000	0,0000	0,0000	0,0000	705,5299	8683,3848	17,0160	730,7434	2693,4179	8,0893	2,3800	2,4300	1,8200	4,5000	4,5000	300,0000	150,0000	1300,0000	175,0000	175,0000	3,4700	0,3400	0,2300	0,3000	0,1800	0,6000	0,6000	0,0000	-2,6267	34,9194	0,4466	0,6895	153,4709	123,3006	8354,3318	0,0000	0,0000	0,0000
109,0000	112,4715	77,7336	97,3035	37,1036	25,4009	31,9376	9,5169	8,4335	138,1787	145,6754	144,7087	142,2762	34,4824	110,8244	102,5594	182,4558	119,3155	41,1724	0,0000	0,0000	0,0000	0,0000	0,0000	0,0000	0,0000	0,0000	0,0000	0,0000	720,5184	8519,3040	16,7928	742,2600	2727,5218	8,1576	2,3800	2,4300	1,8200	4,5000	4,5000	300,0000	150,0000	1300,0000	175,0000	175,0000	3,4700	0,3400	0,2300	0,3000	0,1800	0,6000	0,6000	6,1452	-2,5080	34,7379	0,4379	0,6889	153,4709	123,3006	8321,2726	0,0000	0,0000	0,0000
109,0000	113,7162	78,4228	98,3019	40,0046	27,5051	34,4789	10,9457	10,7701	139,3609	131,9633	143,5049	139,2613	34,0365	112,3375	103,3846	182,4558	120,5141	43,7641	0,0000	0,0000	0,0000	0,0000	0,0000	0,0000	0,0000	0,0000	0,0000	0,0000	683,8911	8500,0264	16,7092	690,0081	2800,6200	8,1888	2,3800	2,4300	1,8200	4,5000	4,5000	300,0000	150,0000	1300,0000	175,0000	175,0000	3,4700	0,3400	0,2300	0,3000	0,1800	0,6000	0,6000	16,1933	1,2211	35,2934	0,4334	0,6970	153,4709	123,3006	8534,8117	0,0000	0,0000	0,0000
109,0000	114,1160	78,6895	98,2854	38,8240	27,8716	33,3598	10,2694	10,2765	141,7343	134,6041	132,4229	138,7738	34,2419	112,3375	101,0941	176,2911	121,2307	42,9585	0,0000	0,0000	0,0000	0,0000	0,0000	0,0000	0,0000	0,0000	0,0000	0,0000	605,5035	8839,3956	17,0998	666,2306	2625,0503	7,8904	2,3800	2,4300	1,8200	4,5000	4,5000	300,0000	150,0000	1300,0000	175,0000	175,0000	3,4700	0,3400	0,2300	0,3000	0,1800	0,6000	0,6000	0,0470	0,2398	35,4265	0,4266	0,6952	153,4709	123,3006	8512,4203	0,0000	0,0000	0,0000
109,0000	113,2381	78,0695	97,6380	37,1596	26,3647	31,6684	9,4668	8,6642	140,0121	144,1101	137,7101	138,6111	34,4874	111,6341	100,4404	181,0036	120,1864	41,1931	0,0000	0,0000	0,0000	0,0000	0,0000	0,0000	0,0000	0,0000	0,0000	0,0000	702,6173	8742,5982	17,1002	723,3489	2647,9667	8,0102	2,3800	2,4300	1,8200	4,5000	4,5000	300,0000	150,0000	1300,0000	175,0000	175,0000	3,4700	0,3400	0,2300	0,3000	0,1800	0,6000	0,6000	0,0000	-2,1472	35,1686	0,4451	0,6911	153,4709	123,3006	8408,9886	0,0000	0,0000	0,0000
109,0000	112,5811	77,8188	97,1760	37,0344	25,4781	31,4662	9,2095	8,0939	138,3372	147,5984	143,4247	141,3056	34,4855	110,7093	102,0028	183,8984	119,4400	41,0884	0,0000	0,0000	0,0000	0,0000	0,0000	0,0000	0,0000	0,0000	0,0000	0,0000	731,1659	8608,5864	16,9424	766,7354	2759,3729	8,2419	2,3800	2,4300	1,8200	4,5000	4,5000	300,0000	150,0000	1300,0000	175,0000	175,0000	3,4700	0,3400	0,2300	0,3000	0,1800	0,6000	0,6000	1,7806	-3,0706	34,7623	0,4453	0,6885	153,4709	123,3006	8308,3942	0,0000	0,0000	0,0000
109,0000	113,2883	78,0309	97,9831	39,2224	26,4319	33,6817	10,5260	9,9469	138,8501	136,8989	145,9346	141,9173	34,1821	111,6044	103,4947	183,9047	120,0237	43,0065	0,0000	0,0000	0,0000	0,0000	0,0000	0,0000	0,0000	0,0000	0,0000	0,0000	721,5858	8482,8798	16,7399	721,7721	2807,0587	8,2459	2,3800	2,4300	1,8200	4,5000	4,5000	300,0000	150,0000	1300,0000	175,0000	175,0000	3,4700	0,3400	0,2300	0,3000	0,1800	0,6000	0,6000	15,2303	-0,0456	35,2574	0,4372	0,6937	153,4709	123,3006	8439,0319	0,0000	0,0000	0,0000
109,0000	114,3354	78,9060	98,4108	40,1363	28,7548	34,2923	10,7339	10,9477	140,8017	130,9850	135,2376	138,0362	34,0226	112,2961	102,4469	176,9628	121,3243	44,1831	0,0000	0,0000	0,0000	0,0000	0,0000	0,0000	0,0000	0,0000	0,0000	0,0000	632,6693	8731,3449	16,9787	694,3525	2731,6852	8,0921	2,3800	2,4300	1,8200	4,5000	4,5000	300,0000	150,0000	1300,0000	175,0000	175,0000	3,4700	0,3400	0,2300	0,3000	0,1800	0,6000	0,6000	5,3746	1,2966	35,4294	0,4211	0,6970	153,4709	123,3006	8531,8117	0,0000	0,0000	0,0000
109,0000	113,5995	78,0917	97,8934	37,4767	27,0296	32,0419	9,6705	9,1013	141,2567	141,5091	134,7537	138,3764	34,4637	112,2961	100,1956	179,4631	120,6014	41,5234	0,0000	0,0000	0,0000	0,0000	0,0000	0,0000	0,0000	0,0000	0,0000	0,0000	673,5670	8826,3745	17,1821	699,1521	2601,6306	7,9047	2,3800	2,4300	1,8200	4,5000	4,5000	300,0000	150,0000	1300,0000	175,0000	175,0000	3,4700	0,3400	0,2300	0,3000	0,1800	0,6000	0,6000	0,0000	-1,5000	35,5079	0,4417	0,6931	153,4709	123,3006	8483,7335	0,0000	0,0000	0,0000
109,0000	112,7999	77,9584	97,3179	36,9983	25,6425	31,4130	9,2286	8,1891	138,7230	147,0305	141,7510	140,1221	34,5041	110,9404	101,3887	183,1261	119,6853	41,0383	0,0000	0,0000	0,0000	0,0000	0,0000	0,0000	0,0000	0,0000	0,0000	0,0000	706,3715	8651,8794	16,9701	738,6786	2729,8199	8,1557	2,3800	2,4300	1,8200	4,5000	4,5000	300,0000	150,0000	1300,0000	175,0000	175,0000	3,4700	0,3400	0,2300	0,3000	0,1800	0,6000	0,6000	0,0000	-2,9131	34,8414	0,4463	0,6890	153,4709	123,3006	8331,5628	0,0000	0,0000	0,0000
109,0000	112,7522	77,6484	97,5810	38,0997	25,4046	32,6083	9,9279	8,9998	138,4942	142,4247	145,4471	142,5944	34,3587	111,1016	103,0003	183,1416	119,3951	41,8166	0,0000	0,0000	0,0000	0,0000	0,0000	0,0000	0,0000	0,0000	0,0000	0,0000	783,0092	8482,6252	16,8315	764,7357	2735,4574	8,2031	2,3800	2,4300	1,8200	4,5000	4,5000	300,0000	150,0000	1300,0000	175,0000	175,0000	3,4700	0,3400	0,2300	0,3000	0,1800	0,6000	0,6000	10,4545	-1,5886	35,1038	0,4376	0,6907	153,4709	123,3006	8364,9725	0,0000	0,0000	0,0000
109,0000	114,1072	78,6863	98,4616	40,4880	28,3065	34,6803	11,0095	11,1029	139,9895	130,0051	139,8152	137,9654	33,9673	112,6745	103,0630	180,1011	120,9499	44,1791	0,0000	0,0000	0,0000	0,0000	0,0000	0,0000	0,0000	0,0000	0,0000	0,0000	656,8133	8582,8777	16,7926	678,4734	2776,2688	8,1351	2,3800	2,4300	1,8200	4,5000	4,5000	300,0000	150,0000	1300,0000	175,0000	175,0000	3,4700	0,3400	0,2300	0,3000	0,1800	0,6000	0,6000	11,9310	1,6494	35,4209	0,4277	0,6985	153,4709	123,3006	8579,0820	0,0000	0,0000	0,0000
109,0000	113,9926	78,3387	98,1885	38,0269	27,3717	32,6220	9,9564	9,6798	142,0573	137,9234	132,2150	138,4889	34,4010	112,6745	100,2750	177,7122	121,0590	42,1046	0,0000	0,0000	0,0000	0,0000	0,0000	0,0000	0,0000	0,0000	0,0000	0,0000	641,3763	8878,9347	17,2126	678,0378	2575,8613	7,8345	2,3800	2,4300	1,8200	4,5000	4,5000	300,0000	150,0000	1300,0000	175,0000	175,0000	3,4700	0,3400	0,2300	0,3000	0,1800	0,6000	0,6000	0,0000	-0,6406	35,6540	0,4357	0,6947	153,4709	123,3006	8531,8170	0,0000	0,0000	0,0000
109,0000	113,0469	78,0960	97,5090	37,0217	25,9373	31,4873	9,3458	8,4073	139,2355	145,6130	139,7211	139,0595	34,5087	111,2275	100,7582	182,0346	119,9654	41,0525	0,0000	0,0000	0,0000	0,0000	0,0000	0,0000	0,0000	0,0000	0,0000	0,0000	705,0932	8692,7451	17,0293	728,9183	2684,0557	8,0726	2,3800	2,4300	1,8200	4,5000	4,5000	300,0000	150,0000	1300,0000	175,0000	175,0000	3,4700	0,3400	0,2300	0,3000	0,1800	0,6000	0,6000	0,0000	-2,5411	34,9509	0,4465	0,6897	153,4709	123,3006	8362,3442	0,0000	0,0000	0,0000
109,0000	112,4839	77,7514	97,2572	37,0858	25,4073	31,8058	9,4322	8,3280	138,1735	146,2751	144,4753	142,1157	34,4826	110,7682	102,4506	182,9530	119,3299	41,1515	0,0000	0,0000	0,0000	0,0000	0,0000	0,0000	0,0000	0,0000	0,0000	0,0000	724,8366	8536,9606	16,8257	753,6093	2734,8432	8,1855	2,3800	2,4300	1,8200	4,5000	4,5000	300,0000	150,0000	1300,0000	175,0000	175,0000	3,4700	0,3400	0,2300	0,3000	0,1800	0,6000	0,6000	5,1670	-2,6792	34,7324	0,4400	0,6887	153,4709	123,3006	8315,1344	0,0000	0,0000	0,0000
109,0000	113,6229	78,3539	98,2417	39,8704	27,2937	34,3555	10,8820	10,6258	139,2161	132,8218	144,2747	139,8422	34,0601	112,1835	103,4576	182,9530	120,4087	43,6419	0,0000	0,0000	0,0000	0,0000	0,0000	0,0000	0,0000	0,0000	0,0000	0,0000	686,4702	8490,3455	16,6985	692,8976	2808,0523	8,2042	2,3800	2,4300	1,8200	4,5000	4,5000	300,0000	150,0000	1300,0000	175,0000	175,0000	3,4700	0,3400	0,2300	0,3000	0,1800	0,6000	0,6000	16,2320	1,0101	35,2689	0,4345	0,6964	153,4709	123,3006	8515,4469	0,0000	0,0000	0,0000
109,0000	114,1465	78,8063	98,3057	39,0740	28,0318	33,5717	10,3662	10,4368	141,5439	133,7506	132,8093	138,6816	34,1928	112,1835	101,3848	175,9239	121,2758	43,2240	0,0000	0,0000	0,0000	0,0000	0,0000	0,0000	0,0000	0,0000	0,0000	0,0000	575,9854	8821,6657	17,0290	649,6590	2647,4269	7,8991	2,3800	2,4300	1,8200	4,5000	4,5000	300,0000	150,0000	1300,0000	175,0000	175,0000	3,4700	0,3400	0,2300	0,3000	0,1800	0,6000	0,6000	0,9865	0,4833	35,3402	0,4237	0,6952	153,4709	123,3006	8500,9871	0,0000	0,0000	0,0000
109,0000	113,2955	78,0570	97,6764	37,2127	26,4987	31,7327	9,5026	8,7428	140,2565	143,6578	137,1416	138,5488	34,4809	111,7622	100,3842	180,7144	120,2530	41,2484	0,0000	0,0000	0,0000	0,0000	0,0000	0,0000	0,0000	0,0000	0,0000	0,0000	676,6800	8758,2146	17,0848	703,4554	2638,8823	7,9668	2,3800	2,4300	1,8200	4,5000	4,5000	300,0000	150,0000	1300,0000	175,0000	175,0000	3,4700	0,3400	0,2300	0,3000	0,1800	0,6000	0,6000	0,0000	-2,0307	35,2385	0,4445	0,6915	153,4709	123,3006	8423,6629	0,0000	0,0000	0,0000
109,0000	112,6172	77,8394	97,1838	37,0252	25,5064	31,4264	9,1867	8,0827	138,4083	147,6553	143,1133	141,0667	34,4882	110,7511	101,8860	183,8435	119,4805	41,0763	0,0000	0,0000	0,0000	0,0000	0,0000	0,0000	0,0000	0,0000	0,0000	0,0000	731,1135	8620,3156	16,9599	764,9966	2758,3516	8,2377	2,3800	2,4300	1,8200	4,5000	4,5000	300,0000	150,0000	1300,0000	175,0000	175,0000	3,4700	0,3400	0,2300	0,3000	0,1800	0,6000	0,6000	1,0328	-3,0916	34,7778	0,4458	0,6886	153,4709	123,3006	8312,6641	0,0000	0,0000	0,0000
109,0000	113,1979	77,9278	97,9077	39,0171	26,1922	33,4702	10,4155	9,7553	138,7831	138,0343	145,9762	142,2245	34,2177	111,4843	103,4199	183,8528	119,9183	42,7942	0,0000	0,0000	0,0000	0,0000	0,0000	0,0000	0,0000	0,0000	0,0000	0,0000	724,6598	8483,5769	16,7456	723,0947	2796,6487	8,2323	2,3800	2,4300	1,8200	4,5000	4,5000	300,0000	150,0000	1300,0000	175,0000	175,0000	3,4700	0,3400	0,2300	0,3000	0,1800	0,6000	0,6000	14,5350	-0,3545	35,2701	0,4375	0,6931	153,4709	123,3006	8422,0617	0,0000	0,0000	0,0000
109,0000	114,3118	78,8659	98,4386	40,3682	28,9610	34,4233	10,8140	11,0283	140,6464	130,5119	136,0551	137,9013	33,9882	112,4128	102,6275	177,5939	121,3000	44,2382	0,0000	0,0000	0,0000	0,0000	0,0000	0,0000	0,0000	0,0000	0,0000	0,0000	626,3213	8705,5024	16,9305	686,6153	2746,7313	8,1030	2,3800	2,4300	1,8200	4,5000	4,5000	300,0000	150,0000	1300,0000	175,0000	175,0000	3,4700	0,3400	0,2300	0,3000	0,1800	0,6000	0,6000	6,8177	1,4398	35,4458	0,4221	0,6976	153,4709	123,3006	8548,2874	0,0000	0,0000	0,0000
109,0000	113,6882	78,1278	97,9595	37,5603	27,0815	32,1363	9,7216	9,2050	141,4782	140,8527	134,1311	138,3497	34,4584	112,4128	100,1597	179,1187	120,7030	41,6108	0,0000	0,0000	0,0000	0,0000	0,0000	0,0000	0,0000	0,0000	0,0000	0,0000	672,6245	8842,1333	17,2043	698,1180	2592,4604	7,8894	2,3800	2,4300	1,8200	4,5000	4,5000	300,0000	150,0000	1300,0000	175,0000	175,0000	3,4700	0,3400	0,2300	0,3000	0,1800	0,6000	0,6000	0,0000	-1,3444	35,5604	0,4408	0,6935	153,4709	123,3006	8497,0372	0,0000	0,0000	0,0000
109,0000	112,8487	77,9931	97,3569	36,9946	25,6870	31,4192	9,2492	8,2265	138,8008	146,7871	141,3744	139,8837	34,5068	110,9860	101,2527	182,9202	119,7404	41,0321	0,0000	0,0000	0,0000	0,0000	0,0000	0,0000	0,0000	0,0000	0,0000	0,0000	706,2257	8658,8538	16,9803	736,6214	2720,7185	8,1390	2,3800	2,4300	1,8200	4,5000	4,5000	300,0000	150,0000	1300,0000	175,0000	175,0000	3,4700	0,3400	0,2300	0,3000	0,1800	0,6000	0,6000	0,0000	-2,8471	34,8556	0,4465	0,6891	153,4709	123,3006	8336,2367	0,0000	0,0000	0,0000
109,0000	112,5973	77,6697	97,5006	37,8415	25,4007	32,4153	9,8127	8,8335	138,4055	143,3814	145,2783	142,5655	34,3910	111,0154	102,8885	182,9368	119,2786	41,5352	0,0000	0,0000	0,0000	0,0000	0,0000	0,0000	0,0000	0,0000	0,0000	0,0000	695,7412	8488,1279	16,7091	699,1039	2725,5401	8,0900	2,3800	2,4300	1,8200	4,5000	4,5000	300,0000	150,0000	1300,0000	175,0000	175,0000	3,4700	0,3400	0,2300	0,3000	0,1800	0,6000	0,6000	9,2836	-1,8584	34,9275	0,4376	0,6902	153,4709	123,3006	8352,0683	0,0000	0,0000	0,0000
109,0000	114,0048	78,6261	98,4358	40,3674	28,1006	34,6758	11,0220	11,0574	139,8100	130,2622	140,8292	138,1528	33,9801	112,6474	103,1375	180,7344	120,8365	44,0786	0,0000	0,0000	0,0000	0,0000	0,0000	0,0000	0,0000	0,0000	0,0000	0,0000	656,4517	8555,5751	16,7512	673,6058	2782,7815	8,1375	2,3800	2,4300	1,8200	4,5000	4,5000	300,0000	150,0000	1300,0000	175,0000	175,0000	3,4700	0,3400	0,2300	0,3000	0,1800	0,6000	0,6000	13,1019	1,6054	35,3787	0,4293	0,6983	153,4709	123,3006	8574,7279	0,0000	0,0000	0,0000
109,0000	114,0377	78,4075	98,2224	38,1956	27,4768	32,7851	10,0262	9,8199	142,0652	137,1095	132,0119	138,6021	34,3694	112,6474	100,4111	177,3492	121,1160	42,2851	0,0000	0,0000	0,0000	0,0000	0,0000	0,0000	0,0000	0,0000	0,0000	0,0000	612,9896	8876,1471	17,1660	659,7918	2580,7321	7,8145	2,3800	2,4300	1,8200	4,5000	4,5000	300,0000	150,0000	1300,0000	175,0000	175,0000	3,4700	0,3400	0,2300	0,3000	0,1800	0,6000	0,6000	0,0000	-0,4349	35,6301	0,4338	0,6949	153,4709	123,3006	8532,2960	0,0000	0,0000	0,0000
109,0000	113,0935	78,1004	97,5417	37,0449	26,0225	31,5210	9,3741	8,4646	139,3965	145,2628	139,2440	138,9025	34,5048	111,3123	100,6575	181,7870	120,0190	41,0755	0,0000	0,0000	0,0000	0,0000	0,0000	0,0000	0,0000	0,0000	0,0000	0,0000	704,5698	8703,4547	17,0446	727,2451	2674,9244	8,0564	2,3800	2,4300	1,8200	4,5000	4,5000	300,0000	150,0000	1300,0000	175,0000	175,0000	3,4700	0,3400	0,2300	0,3000	0,1800	0,6000	0,6000	0,0000	-2,4498	34,9931	0,4463	0,6900	153,4709	123,3006	8372,0173	0,0000	0,0000	0,0000
109,0000	112,5008	77,7683	97,2205	37,0698	25,4183	31,6922	9,3577	8,2405	138,1896	146,7715	144,2367	141,9371	34,4818	110,7278	102,3357	183,3605	119,3492	41,1325	0,0000	0,0000	0,0000	0,0000	0,0000	0,0000	0,0000	0,0000	0,0000	0,0000	729,2510	8557,0390	16,8624	765,2787	2744,0957	8,2168	2,3800	2,4300	1,8200	4,5000	4,5000	300,0000	150,0000	1300,0000	175,0000	175,0000	3,4700	0,3400	0,2300	0,3000	0,1800	0,6000	0,6000	4,2360	-2,8227	34,7325	0,4419	0,6886	153,4709	123,3006	8310,8120	0,0000	0,0000	0,0000
109,0000	113,5343	78,2809	98,1802	39,7264	27,0804	34,2131	10,8076	10,4694	139,0941	133,7622	144,9182	140,4163	34,0870	112,0240	103,5117	183,3616	120,3078	43,5067	0,0000	0,0000	0,0000	0,0000	0,0000	0,0000	0,0000	0,0000	0,0000	0,0000	689,1821	8484,4560	16,6938	695,6579	2812,8538	8,2155	2,3800	2,4300	1,8200	4,5000	4,5000	300,0000	150,0000	1300,0000	175,0000	175,0000	3,4700	0,3400	0,2300	0,3000	0,1800	0,6000	0,6000	16,2235	0,7753	35,2534	0,4355	0,6957	153,4709	123,3006	8495,1350	0,0000	0,0000	0,0000
109,0000	114,1918	78,8262	98,3267	39,3358	28,2027	33,7760	10,4616	10,5870	141,3418	132,9506	133,2995	138,5711	34,1447	112,0240	101,6816	175,5499	121,3395	43,4990	0,0000	0,0000	0,0000	0,0000	0,0000	0,0000	0,0000	0,0000	0,0000	0,0000	573,1972	8801,9696	16,9954	653,2398	2671,8729	7,9411	2,3800	2,4300	1,8200	4,5000	4,5000	300,0000	150,0000	1300,0000	175,0000	175,0000	3,4700	0,3400	0,2300	0,3000	0,1800	0,6000	0,6000	1,9260	0,7141	35,3656	0,4208	0,6952	153,4709	123,3006	8488,8464	0,0000	0,0000	0,0000
109,0000	113,3620	78,0507	97,7220	37,2716	26,6482	31,8032	9,5410	8,8269	140,5145	143,1698	136,5533	138,4972	34,4756	111,8991	100,3321	180,4128	120,3296	41,3096	0,0000	0,0000	0,0000	0,0000	0,0000	0,0000	0,0000	0,0000	0,0000	0,0000	675,9165	8775,1649	17,1090	702,3656	2629,4307	7,9511	2,3800	2,4300	1,8200	4,5000	4,5000	300,0000	150,0000	1300,0000	175,0000	175,0000	3,4700	0,3400	0,2300	0,3000	0,1800	0,6000	0,6000	0,0000	-1,9069	35,3113	0,4439	0,6919	153,4709	123,3006	8439,1588	0,0000	0,0000	0,0000
109,0000	112,6596	77,8645	97,2069	37,0170	25,5381	31,4069	9,1813	8,0927	138,4880	147,5941	142,7858	140,8242	34,4920	110,7989	101,7658	183,6900	119,5280	41,0652	0,0000	0,0000	0,0000	0,0000	0,0000	0,0000	0,0000	0,0000	0,0000	0,0000	731,0961	8630,5905	16,9752	763,2005	2754,6525	8,2295	2,3800	2,4300	1,8200	4,5000	4,5000	300,0000	150,0000	1300,0000	175,0000	175,0000	3,4700	0,3400	0,2300	0,3000	0,1800	0,6000	0,6000	0,3322	-3,0768	34,7951	0,4460	0,6887	153,4709	123,3006	8317,4494	0,0000	0,0000	0,0000
109,0000	113,1016	77,8139	97,8275	38,7959	25,9407	33,2461	10,2967	9,5581	138,7177	139,1922	145,8921	142,4084	34,2544	111,3747	103,3158	183,7023	119,8055	42,5619	0,0000	0,0000	0,0000	0,0000	0,0000	0,0000	0,0000	0,0000	0,0000	0,0000	751,1272	8483,9526	16,7857	743,5057	2782,2536	8,2413	2,3800	2,4300	1,8200	4,5000	4,5000	300,0000	150,0000	1300,0000	175,0000	175,0000	3,4700	0,3400	0,2300	0,3000	0,1800	0,6000	0,6000	13,8513	-0,6751	35,2878	0,4376	0,6924	153,4709	123,3006	8406,1124	0,0000	0,0000	0,0000
109,0000	114,2974	78,8253	98,4570	40,4108	28,9011	34,5288	10,8832	11,0841	140,4745	130,1665	136,9711	137,8322	33,9733	112,5189	102,7562	178,2273	121,2638	44,2855	0,0000	0,0000	0,0000	0,0000	0,0000	0,0000	0,0000	0,0000	0,0000	0,0000	670,6574	8675,2391	16,9516	714,8444	2758,5078	8,1629	2,3800	2,4300	1,8200	4,5000	4,5000	300,0000	150,0000	1300,0000	175,0000	175,0000	3,4700	0,3400	0,2300	0,3000	0,1800	0,6000	0,6000	8,2020	1,5479	35,4721	0,4235	0,6981	153,4709	123,3006	8561,4772	0,0000	0,0000	0,0000
109,0000	113,7754	78,1693	98,0246	37,6542	27,1399	32,2398	9,7761	9,3151	141,6851	140,1542	133,5169	138,3361	34,4504	112,5189	100,1385	178,7656	120,8034	41,7092	0,0000	0,0000	0,0000	0,0000	0,0000	0,0000	0,0000	0,0000	0,0000	0,0000	645,7705	8856,5171	17,1856	678,3311	2584,1478	7,8473	2,3800	2,4300	1,8200	4,5000	4,5000	300,0000	150,0000	1300,0000	175,0000	175,0000	3,4700	0,3400	0,2300	0,3000	0,1800	0,6000	0,6000	0,0000	-1,1797	35,6061	0,4398	0,6938	153,4709	123,3006	8509,4680	0,0000	0,0000	0,0000
109,0000	112,8982	78,0258	97,3960	36,9936	25,7372	31,4285	9,2715	8,2667	138,8871	146,5197	140,9819	139,6496	34,5087	111,0355	101,1164	182,7066	119,7964	41,0288	0,0000	0,0000	0,0000	0,0000	0,0000	0,0000	0,0000	0,0000	0,0000	0,0000	706,0280	8666,2595	16,9911	734,5419	2711,4308	8,1219	2,3800	2,4300	1,8200	4,5000	4,5000	300,0000	150,0000	1300,0000	175,0000	175,0000	3,4700	0,3400	0,2300	0,3000	0,1800	0,6000	0,6000	0,0000	-2,7765	34,8724	0,4466	0,6892	153,4709	123,3006	8341,4189	0,0000	0,0000	0,0000
109,0000	112,4470	77,6909	97,4252	37,5706	25,3980	32,2368	9,7044	8,6815	138,3176	144,2528	145,0982	142,4986	34,4223	110,9374	102,7753	182,7244	119,2876	41,2396	0,0000	0,0000	0,0000	0,0000	0,0000	0,0000	0,0000	0,0000	0,0000	0,0000	705,1494	8496,3420	16,7355	716,9261	2721,7735	8,1111	2,3800	2,4300	1,8200	4,5000	4,5000	300,0000	150,0000	1300,0000	175,0000	175,0000	3,4700	0,3400	0,2300	0,3000	0,1800	0,6000	0,6000	8,1633	-2,1045	34,7562	0,4375	0,6897	153,4709	123,3006	8340,1502	0,0000	0,0000	0,0000
109,0000	113,9026	78,5604	98,3986	40,2458	27,8997	34,6395	11,0164	10,9851	139,6375	130,6840	141,7989	138,4166	33,9972	112,5739	103,2209	181,3521	120,7227	43,9754	0,0000	0,0000	0,0000	0,0000	0,0000	0,0000	0,0000	0,0000	0,0000	0,0000	656,4439	8531,7706	16,7156	669,1475	2788,5335	8,1395	2,3800	2,4300	1,8200	4,5000	4,5000	300,0000	150,0000	1300,0000	175,0000	175,0000	3,4700	0,3400	0,2300	0,3000	0,1800	0,6000	0,6000	14,2222	1,5183	35,3422	0,4308	0,6980	153,4709	123,3006	8564,8674	0,0000	0,0000	0,0000
109,0000	114,0688	78,4878	98,2462	38,3890	27,5974	32,9663	10,1014	9,9685	142,0028	136,2717	131,9885	138,7215	34,3304	112,5739	100,6014	176,9881	121,1592	42,4924	0,0000	0,0000	0,0000	0,0000	0,0000	0,0000	0,0000	0,0000	0,0000	0,0000	610,6165	8867,4776	17,1494	661,3754	2591,0442	7,8323	2,3800	2,4300	1,8200	4,5000	4,5000	300,0000	150,0000	1300,0000	175,0000	175,0000	3,4700	0,3400	0,2300	0,3000	0,1800	0,6000	0,6000	0,0000	-0,2171	35,5810	0,4316	0,6950	153,4709	123,3006	8528,5455	0,0000	0,0000	0,0000
109,0000	113,1397	78,0940	97,5729	37,0764	26,1273	31,5636	9,4041	8,5274	139,5840	144,8904	138,7437	138,7777	34,4993	111,4102	100,5711	181,5299	120,0726	41,1074	0,0000	0,0000	0,0000	0,0000	0,0000	0,0000	0,0000	0,0000	0,0000	0,0000	703,9529	8715,4490	17,0616	725,7676	2665,6665	8,0403	2,3800	2,4300	1,8200	4,5000	4,5000	300,0000	150,0000	1300,0000	175,0000	175,0000	3,4700	0,3400	0,2300	0,3000	0,1800	0,6000	0,6000	0,0000	-2,3525	35,0457	0,4460	0,6903	153,4709	123,3006	8383,2779	0,0000	0,0000	0,0000
109,0000	112,5226	77,7843	97,1937	37,0560	25,4342	31,5968	9,2948	8,1716	138,2242	147,1601	143,9786	141,7374	34,4819	110,7029	102,2220	183,6605	119,3740	41,1156	0,0000	0,0000	0,0000	0,0000	0,0000	0,0000	0,0000	0,0000	0,0000	0,0000	731,2885	8578,2413	16,8972	769,9897	2753,2706	8,2376	2,3800	2,4300	1,8200	4,5000	4,5000	300,0000	150,0000	1300,0000	175,0000	175,0000	3,4700	0,3400	0,2300	0,3000	0,1800	0,6000	0,6000	3,3518	-2,9372	34,7382	0,4434	0,6885	153,4709	123,3006	8308,0869	0,0000	0,0000	0,0000
109,0000	113,4491	78,2020	98,1159	39,5692	26,8630	34,0499	10,7218	10,3008	138,9946	134,7784	145,4170	140,9745	34,1169	111,8673	103,5383	183,6631	120,2100	43,3548	0,0000	0,0000	0,0000	0,0000	0,0000	0,0000	0,0000	0,0000	0,0000	0,0000	692,0203	8481,5984	16,6938	698,1666	2814,1804	8,2213	2,3800	2,4300	1,8200	4,5000	4,5000	300,0000	150,0000	1300,0000	175,0000	175,0000	3,4700	0,3400	0,2300	0,3000	0,1800	0,6000	0,6000	16,1682	0,5157	35,2471	0,4363	0,6950	153,4709	123,3006	8474,7934	0,0000	0,0000	0,0000
109,0000	114,2573	78,8543	98,3510	39,6070	28,3839	33,9699	10,5562	10,7259	141,1403	132,2062	133,8892	138,4254	34,0990	112,0398	101,9736	175,7465	121,4021	43,7797	0,0000	0,0000	0,0000	0,0000	0,0000	0,0000	0,0000	0,0000	0,0000	0,0000	647,2190	8778,1652	17,0705	712,4834	2695,6150	8,0653	2,3800	2,4300	1,8200	4,5000	4,5000	300,0000	150,0000	1300,0000	175,0000	175,0000	3,4700	0,3400	0,2300	0,3000	0,1800	0,6000	0,6000	2,8655	0,9314	35,4029	0,4198	0,6957	153,4709	123,3006	8495,5464	0,0000	0,0000	0,0000
109,0000	113,4371	78,0534	97,7750	37,3365	26,8047	31,8798	9,5822	8,9162	140,7776	142,6429	135,9475	138,4537	34,4713	112,0398	100,2839	180,0994	120,4156	41,3772	0,0000	0,0000	0,0000	0,0000	0,0000	0,0000	0,0000	0,0000	0,0000	0,0000	675,1471	8792,9179	17,1344	701,2940	2619,9026	7,9352	2,3800	2,4300	1,8200	4,5000	4,5000	300,0000	150,0000	1300,0000	175,0000	175,0000	3,4700	0,3400	0,2300	0,3000	0,1800	0,6000	0,6000	0,0000	-1,7755	35,3837	0,4432	0,6923	153,4709	123,3006	8454,9634	0,0000	0,0000	0,0000
109,0000	112,7066	77,8939	97,2433	37,0098	25,5730	31,4063	9,1941	8,1225	138,5718	147,4291	142,4437	140,5863	34,4966	110,8497	101,6417	183,5042	119,5806	41,0551	0,0000	0,0000	0,0000	0,0000	0,0000	0,0000	0,0000	0,0000	0,0000	0,0000	731,0900	8638,1605	16,9865	761,3372	2746,5280	8,2146	2,3800	2,4300	1,8200	4,5000	4,5000	300,0000	150,0000	1300,0000	175,0000	175,0000	3,4700	0,3400	0,2300	0,3000	0,1800	0,6000	0,6000	0,0000	-3,0280	34,8127	0,4461	0,6888	153,4709	123,3006	8322,4828	0,0000	0,0000	0,0000
109,0000	112,9991	77,6944	97,7439	38,5682	25,6764	33,0190	10,1670	9,3574	138,6490	140,3573	145,7415	142,5313	34,2920	111,2817	103,2140	183,5176	119,6848	42,3205	0,0000	0,0000	0,0000	0,0000	0,0000	0,0000	0,0000	0,0000	0,0000	0,0000	754,2832	8483,6073	16,7899	744,4452	2766,4135	8,2190	2,3800	2,4300	1,8200	4,5000	4,5000	300,0000	150,0000	1300,0000	175,0000	175,0000	3,4700	0,3400	0,2300	0,3000	0,1800	0,6000	0,6000	12,8562	-1,0051	35,3047	0,4376	0,6918	153,4709	123,3006	8391,8813	0,0000	0,0000	0,0000
