HR	AOPmax	AOPmin	AOPmean	PAPmax	PAPmin	PAPmean	PRAmean	WedgeP	QLV	Qsist	QRV	Qpulm	LVes	LVed	RVes	RVed	Plvmax	Prvmax	QVADmax	QVADmin	QVADmean	QECMO	P1mean	P2mean	P3mean	Qventing	Qinflow1	Qinflow2	PELeftV	SWLeftV	MVO2LeftV	PERightV	SWRightV	MVO2RightV	RupAbr	RkidAbr	RsplAbr	RllAbr	RrlAbr	V0upbr	V0kidbr	V0spbr	V0llbr	V0rlbr	Emaxl	Emaxr	RupVbr	RkidVbr	RspVbr	RllVbr	RrlVbr	Paw	Ppleural	PP	RV EF 	LV EF 	Ccw linear	Cl linear	CO	ECMOflowma	ECMOlfowmi	ECMOvol
109,0000	101,8292	71,9252	88,6362	42,0887	30,2171	37,3668	12,9072	11,7029	118,4782	120,6440	128,0294	106,3269	29,5293	101,5446	101,9732	172,5174	107,6872	45,2615	0,0000	0,0000	0,0000	0,0000	0,0000	0,0000	0,0000	0,0000	0,0000	0,0000	490,9282	6275,9161	13,0919	648,4221	2442,3168	7,5903	2,3800	2,4300	1,8200	4,5000	4,5000	300,0000	150,0000	1300,0000	175,0000	175,0000	3,4700	0,3400	0,2300	0,3000	0,1800	0,6000	0,6000	44,1975	5,8199	29,9041	0,4089	0,7092	225,8652	26,9055	7849,6735	0,0000	0,0000	0,0000
109,0000	105,3357	72,1972	90,8215	45,0242	33,9661	39,4594	12,8587	12,9233	129,4775	118,3823	106,5705	109,8468	30,2025	103,6226	108,7929	172,3405	111,5823	48,4369	0,0000	0,0000	0,0000	0,0000	0,0000	0,0000	0,0000	0,0000	0,0000	0,0000	430,0987	7196,4657	14,3785	794,8369	2202,6334	7,4507	2,3800	2,4300	1,8200	4,5000	4,5000	300,0000	150,0000	1300,0000	175,0000	175,0000	3,4700	0,3400	0,2300	0,3000	0,1800	0,6000	0,6000	32,8760	6,2249	33,1385	0,3687	0,7085	225,8652	26,9055	8002,7869	0,0000	0,0000	0,0000
109,0000	106,4965	72,9708	92,1327	41,6831	31,4646	36,4406	12,1896	10,4025	131,4311	126,5764	124,9007	140,1992	31,2041	103,6226	103,5244	174,0710	112,8444	45,4958	0,0000	0,0000	0,0000	0,0000	0,0000	0,0000	0,0000	0,0000	0,0000	0,0000	489,0841	7526,3956	14,9605	640,6857	2470,8253	7,6214	2,3800	2,4300	1,8200	4,5000	4,5000	300,0000	150,0000	1300,0000	175,0000	175,0000	3,4700	0,3400	0,2300	0,3000	0,1800	0,6000	0,6000	20,0000	4,0844	33,5256	0,4053	0,6989	225,8652	26,9055	7893,6192	0,0000	0,0000	0,0000
109,0000	103,1726	74,1020	89,7227	40,7437	29,9328	35,3945	12,0818	9,8970	117,4922	127,8105	132,2297	135,4660	30,2652	95,0034	101,2483	174,1069	109,2341	44,4974	0,0000	0,0000	0,0000	0,0000	0,0000	0,0000	0,0000	0,0000	0,0000	0,0000	501,7099	6509,0373	13,4569	636,1525	2559,1948	7,7469	2,3800	2,4300	1,8200	4,5000	4,5000	300,0000	150,0000	1300,0000	175,0000	175,0000	3,4700	0,3400	0,2300	0,3000	0,1800	0,6000	0,6000	20,0000	3,8052	29,0706	0,4185	0,6814	225,8652	26,9055	7056,4659	0,0000	0,0000	0,0000
109,0000	101,6404	72,1792	88,5213	41,0289	29,5287	36,1341	12,5143	10,7780	117,4012	124,2037	131,1232	120,6055	29,6888	98,1544	100,7206	172,9694	107,4759	44,4330	0,0000	0,0000	0,0000	0,0000	0,0000	0,0000	0,0000	0,0000	0,0000	0,0000	503,4203	6282,1868	13,1199	625,8411	2473,4055	7,6030	2,3800	2,4300	1,8200	4,5000	4,5000	300,0000	150,0000	1300,0000	175,0000	175,0000	3,4700	0,3400	0,2300	0,3000	0,1800	0,6000	0,6000	34,1542	4,8098	29,4612	0,4177	0,6975	225,8652	26,9055	7462,7527	0,0000	0,0000	0,0000
109,0000	103,6743	71,9881	89,8360	44,7648	33,0211	39,7002	13,2019	13,1604	124,2494	116,2861	114,1436	94,1412	29,6930	106,5665	106,4304	169,3235	109,6806	47,3744	0,0000	0,0000	0,0000	0,0000	0,0000	0,0000	0,0000	0,0000	0,0000	0,0000	448,9891	6664,2343	13,6102	723,5518	2280,4456	7,4605	2,3800	2,4300	1,8200	4,5000	4,5000	300,0000	150,0000	1300,0000	175,0000	175,0000	3,4700	0,3400	0,2300	0,3000	0,1800	0,6000	0,6000	44,8486	6,8801	31,6862	0,3714	0,7214	225,8652	26,9055	8379,2142	0,0000	0,0000	0,0000
109,0000	107,3677	72,2636	92,7041	42,2816	31,8540	37,2572	12,2658	11,0487	136,4518	124,8444	114,5979	139,5173	31,3815	106,5665	104,6936	174,0410	113,8326	46,0662	0,0000	0,0000	0,0000	0,0000	0,0000	0,0000	0,0000	0,0000	0,0000	0,0000	471,9419	7861,9364	15,4370	658,4158	2276,5180	7,3571	2,3800	2,4300	1,8200	4,5000	4,5000	300,0000	150,0000	1300,0000	175,0000	175,0000	3,4700	0,3400	0,2300	0,3000	0,1800	0,6000	0,6000	20,0000	4,4477	35,1041	0,3985	0,7055	225,8652	26,9055	8195,1608	0,0000	0,0000	0,0000
109,0000	104,3890	74,5806	90,7053	40,9097	30,2491	35,5653	12,1103	9,9277	120,1166	127,7127	131,4527	136,6082	30,6270	96,8112	101,6371	174,0676	110,5464	44,6782	0,0000	0,0000	0,0000	0,0000	0,0000	0,0000	0,0000	0,0000	0,0000	0,0000	513,4723	6743,8918	13,8260	643,3329	2555,0764	7,7514	2,3800	2,4300	1,8200	4,5000	4,5000	300,0000	150,0000	1300,0000	175,0000	175,0000	3,4700	0,3400	0,2300	0,3000	0,1800	0,6000	0,6000	20,0000	3,8500	29,8084	0,4161	0,6836	225,8652	26,9055	7214,0821	0,0000	0,0000	0,0000
109,0000	101,8530	72,8863	88,6786	40,4761	29,5828	35,4383	12,2202	10,1821	116,5468	126,7343	132,0539	129,4664	29,8726	95,6932	100,5232	173,2849	107,8128	44,1938	0,0000	0,0000	0,0000	0,0000	0,0000	0,0000	0,0000	0,0000	0,0000	0,0000	486,1087	6322,0749	13,1537	615,4987	2507,3897	7,6384	2,3800	2,4300	1,8200	4,5000	4,5000	300,0000	150,0000	1300,0000	175,0000	175,0000	3,4700	0,3400	0,2300	0,3000	0,1800	0,6000	0,6000	26,1328	4,1185	28,9667	0,4199	0,6878	225,8652	26,9055	7174,4536	0,0000	0,0000	0,0000
109,0000	102,3179	71,9038	88,9973	43,1435	31,2287	38,5957	13,1820	12,5206	120,1280	117,7942	123,1639	94,3529	29,5027	104,5960	103,5531	171,4164	108,2174	46,0797	0,0000	0,0000	0,0000	0,0000	0,0000	0,0000	0,0000	0,0000	0,0000	0,0000	465,3420	6336,5219	13,1443	661,1208	2379,4361	7,5152	2,3800	2,4300	1,8200	4,5000	4,5000	300,0000	150,0000	1300,0000	175,0000	175,0000	3,4700	0,3400	0,2300	0,3000	0,1800	0,6000	0,6000	50,5169	6,5895	30,4142	0,3959	0,7179	225,8652	26,9055	8185,1641	0,0000	0,0000	0,0000
109,0000	106,2556	72,3313	91,7761	43,5838	32,7787	38,5980	12,5091	12,1552	133,8887	121,4995	107,5548	128,0088	30,8233	104,5960	107,2732	173,7623	112,7841	47,3140	0,0000	0,0000	0,0000	0,0000	0,0000	0,0000	0,0000	0,0000	0,0000	0,0000	366,3500	7596,9121	14,8824	659,8677	2190,9759	7,2313	2,3800	2,4300	1,8200	4,5000	4,5000	300,0000	150,0000	1300,0000	175,0000	175,0000	3,4700	0,3400	0,2300	0,3000	0,1800	0,6000	0,6000	22,3530	5,3299	33,9243	0,3826	0,7053	225,8652	26,9055	8041,2207	0,0000	0,0000	0,0000
109,0000	105,4707	73,8035	91,4428	41,2901	31,0131	35,9725	12,1472	10,1133	125,7749	127,3230	129,1584	138,7533	30,9293	100,2312	102,6054	173,7717	111,7220	45,0890	0,0000	0,0000	0,0000	0,0000	0,0000	0,0000	0,0000	0,0000	0,0000	0,0000	502,3047	7136,6338	14,3970	640,8263	2535,5820	7,7185	2,3800	2,4300	1,8200	4,5000	4,5000	300,0000	150,0000	1300,0000	175,0000	175,0000	3,4700	0,3400	0,2300	0,3000	0,1800	0,6000	0,6000	20,0000	3,9424	31,6672	0,4095	0,6914	225,8652	26,9055	7553,9121	0,0000	0,0000	0,0000
109,0000	102,4260	73,5122	89,0928	40,6125	29,7483	35,2869	12,0769	9,9276	116,6889	127,7968	132,2588	134,1985	30,0426	94,6944	100,9025	173,7771	108,4295	44,3496	0,0000	0,0000	0,0000	0,0000	0,0000	0,0000	0,0000	0,0000	0,0000	0,0000	494,5531	6407,6135	13,2944	630,8922	2547,0378	7,7208	2,3800	2,4300	1,8200	4,5000	4,5000	300,0000	150,0000	1300,0000	175,0000	175,0000	3,4700	0,3400	0,2300	0,3000	0,1800	0,6000	0,6000	21,1179	3,8088	28,9137	0,4194	0,6827	225,8652	26,9055	7047,0534	0,0000	0,0000	0,0000
109,0000	101,7607	71,9348	88,5833	41,8476	30,0195	37,0792	12,8281	11,4966	118,2244	121,4000	128,8827	109,5263	29,5528	100,7906	101,6439	172,6582	107,6122	45,0717	0,0000	0,0000	0,0000	0,0000	0,0000	0,0000	0,0000	0,0000	0,0000	0,0000	493,1485	6274,0174	13,0923	642,2472	2451,6978	7,5951	2,3800	2,4300	1,8200	4,5000	4,5000	300,0000	150,0000	1300,0000	175,0000	175,0000	3,4700	0,3400	0,2300	0,3000	0,1800	0,6000	0,6000	42,2015	5,6075	29,8259	0,4113	0,7068	225,8652	26,9055	7764,9199	0,0000	0,0000	0,0000
109,0000	104,9765	72,1349	90,6055	45,4196	34,3562	39,5965	12,9440	13,0397	128,3859	117,7391	107,3998	105,7663	30,0500	104,4295	108,6634	171,5718	111,1957	48,2769	0,0000	0,0000	0,0000	0,0000	0,0000	0,0000	0,0000	0,0000	0,0000	0,0000	419,0517	7089,4119	14,2017	784,5838	2212,8172	7,4506	2,3800	2,4300	1,8200	4,5000	4,5000	300,0000	150,0000	1300,0000	175,0000	175,0000	3,4700	0,3400	0,2300	0,3000	0,1800	0,6000	0,6000	35,6834	6,4125	32,8416	0,3667	0,7122	225,8652	26,9055	8107,3659	0,0000	0,0000	0,0000
109,0000	106,7564	72,7972	92,3108	41,7822	31,5252	36,5765	12,2022	10,5011	132,7746	126,3083	123,1380	140,3432	31,2707	104,4295	103,7268	174,1008	113,1312	45,5926	0,0000	0,0000	0,0000	0,0000	0,0000	0,0000	0,0000	0,0000	0,0000	0,0000	491,1114	7620,4131	15,1043	646,6200	2438,1310	7,5813	2,3800	2,4300	1,8200	4,5000	4,5000	300,0000	150,0000	1300,0000	175,0000	175,0000	3,4700	0,3400	0,2300	0,3000	0,1800	0,6000	0,6000	20,0000	4,1366	33,9593	0,4042	0,7006	225,8652	26,9055	7974,3081	0,0000	0,0000	0,0000
109,0000	103,3995	74,2502	89,9127	40,7729	29,9772	35,4228	12,0870	9,8947	117,8208	127,7996	132,1534	135,6863	30,3331	95,2524	101,3186	174,1351	109,4786	44,5298	0,0000	0,0000	0,0000	0,0000	0,0000	0,0000	0,0000	0,0000	0,0000	0,0000	503,9054	6544,0009	13,5125	637,3438	2559,9481	7,7498	2,3800	2,4300	1,8200	4,5000	4,5000	300,0000	150,0000	1300,0000	175,0000	175,0000	3,4700	0,3400	0,2300	0,3000	0,1800	0,6000	0,6000	20,0000	3,8119	29,1493	0,4182	0,6816	225,8652	26,9055	7076,2019	0,0000	0,0000	0,0000
109,0000	101,6137	72,3090	88,5252	40,8552	29,5374	35,9496	12,4439	10,6279	117,1773	124,8203	131,4757	122,8457	29,7241	97,5552	100,5921	173,0352	107,4674	44,3010	0,0000	0,0000	0,0000	0,0000	0,0000	0,0000	0,0000	0,0000	0,0000	0,0000	469,2192	6285,8457	13,0742	588,9461	2478,8915	7,5560	2,3800	2,4300	1,8200	4,5000	4,5000	300,0000	150,0000	1300,0000	175,0000	175,0000	3,4700	0,3400	0,2300	0,3000	0,1800	0,6000	0,6000	32,2409	4,6390	29,3047	0,4187	0,6953	225,8652	26,9055	7393,5890	0,0000	0,0000	0,0000
109,0000	103,3396	71,9570	89,6469	44,4380	32,6134	39,5867	13,2399	13,1024	123,2699	116,2551	116,1467	92,3294	29,6335	106,5950	105,7464	169,7432	109,3199	47,0784	0,0000	0,0000	0,0000	0,0000	0,0000	0,0000	0,0000	0,0000	0,0000	0,0000	446,7523	6571,8963	13,4687	701,2346	2301,0594	7,4579	2,3800	2,4300	1,8200	4,5000	4,5000	300,0000	150,0000	1300,0000	175,0000	175,0000	3,4700	0,3400	0,2300	0,3000	0,1800	0,6000	0,6000	46,7619	6,9170	31,3826	0,3770	0,7220	225,8652	26,9055	8388,8081	0,0000	0,0000	0,0000
109,0000	107,2995	72,1745	92,6331	42,4746	31,9858	37,4866	12,2901	11,2358	136,5959	124,3369	112,6087	138,7221	31,3306	106,5950	105,0851	174,0151	113,7764	46,2515	0,0000	0,0000	0,0000	0,0000	0,0000	0,0000	0,0000	0,0000	0,0000	0,0000	447,4917	7859,0420	15,3961	650,0380	2242,7458	7,2941	2,3800	2,4300	1,8200	4,5000	4,5000	300,0000	150,0000	1300,0000	175,0000	175,0000	3,4700	0,3400	0,2300	0,3000	0,1800	0,6000	0,6000	20,0000	4,5668	35,1250	0,3961	0,7061	225,8652	26,9055	8203,8149	0,0000	0,0000	0,0000
109,0000	104,6192	74,5306	90,8748	40,9649	30,3531	35,6232	12,1170	9,9497	121,0091	127,6630	131,1506	136,9438	30,6935	97,3695	101,7746	174,0386	110,7956	44,7381	0,0000	0,0000	0,0000	0,0000	0,0000	0,0000	0,0000	0,0000	0,0000	0,0000	515,6579	6810,3082	13,9286	645,7916	2553,0718	7,7521	2,3800	2,4300	1,8200	4,5000	4,5000	300,0000	150,0000	1300,0000	175,0000	175,0000	3,4700	0,3400	0,2300	0,3000	0,1800	0,6000	0,6000	20,0000	3,8637	30,0886	0,4152	0,6848	225,8652	26,9055	7267,6860	0,0000	0,0000	0,0000
109,0000	101,9468	73,0200	88,7382	40,4959	29,6048	35,3657	12,1777	10,1035	116,4843	127,0712	132,1053	130,7186	29,9006	95,3632	100,5779	173,3679	107,9136	44,2166	0,0000	0,0000	0,0000	0,0000	0,0000	0,0000	0,0000	0,0000	0,0000	0,0000	488,9057	6336,4255	13,1794	622,6270	2516,2876	7,6624	2,3800	2,4300	1,8200	4,5000	4,5000	300,0000	150,0000	1300,0000	175,0000	175,0000	3,4700	0,3400	0,2300	0,3000	0,1800	0,6000	0,6000	24,8968	4,0244	28,9267	0,4199	0,6865	225,8652	26,9055	7135,4296	0,0000	0,0000	0,0000
109,0000	102,1355	71,9002	88,8658	42,8562	30,9365	38,2780	13,1225	12,3163	119,5484	118,4686	124,6420	96,9798	29,4921	103,8200	103,1045	171,7822	108,0200	45,8582	0,0000	0,0000	0,0000	0,0000	0,0000	0,0000	0,0000	0,0000	0,0000	0,0000	466,5297	6306,8492	13,1016	651,6480	2398,9100	7,5302	2,3800	2,4300	1,8200	4,5000	4,5000	300,0000	150,0000	1300,0000	175,0000	175,0000	3,4700	0,3400	0,2300	0,3000	0,1800	0,6000	0,6000	49,2091	6,4139	30,2353	0,3998	0,7159	225,8652	26,9055	8101,7459	0,0000	0,0000	0,0000
109,0000	105,9609	72,2628	91,5098	43,9279	33,0431	38,8627	12,5949	12,3864	132,7774	120,6594	106,8461	123,5051	30,6597	103,8200	107,8362	173,5750	112,5411	47,6263	0,0000	0,0000	0,0000	0,0000	0,0000	0,0000	0,0000	0,0000	0,0000	0,0000	340,7786	7502,6333	14,7030	667,2006	2192,0248	7,2438	2,3800	2,4300	1,8200	4,5000	4,5000	300,0000	150,0000	1300,0000	175,0000	175,0000	3,4700	0,3400	0,2300	0,3000	0,1800	0,6000	0,6000	24,8969	5,5689	33,6981	0,3787	0,7047	225,8652	26,9055	7974,4771	0,0000	0,0000	0,0000
109,0000	105,7066	73,5702	91,5967	41,3898	31,2306	36,0840	12,1568	10,1731	127,1901	127,1751	128,3652	139,2237	30,9929	101,0746	102,8528	173,8446	111,9797	45,1948	0,0000	0,0000	0,0000	0,0000	0,0000	0,0000	0,0000	0,0000	0,0000	0,0000	504,3290	7232,5106	14,5435	645,6253	2525,9567	7,7113	2,3800	2,4300	1,8200	4,5000	4,5000	300,0000	150,0000	1300,0000	175,0000	175,0000	3,4700	0,3400	0,2300	0,3000	0,1800	0,6000	0,6000	20,0000	3,9709	32,1365	0,4084	0,6934	225,8652	26,9055	7638,9074	0,0000	0,0000	0,0000
109,0000	102,5826	73,6479	89,2220	40,6475	29,7941	35,3067	12,0704	9,9107	116,8251	127,8369	132,2812	134,6829	30,0890	94,6101	100,9985	173,8855	108,5983	44,3893	0,0000	0,0000	0,0000	0,0000	0,0000	0,0000	0,0000	0,0000	0,0000	0,0000	496,0410	6428,4735	13,3278	632,2809	2552,4320	7,7309	2,3800	2,4300	1,8200	4,5000	4,5000	300,0000	150,0000	1300,0000	175,0000	175,0000	3,4700	0,3400	0,2300	0,3000	0,1800	0,6000	0,6000	20,4015	3,7939	28,9347	0,4192	0,6820	225,8652	26,9055	7032,7974	0,0000	0,0000	0,0000
109,0000	101,7175	71,9579	88,5516	41,6180	29,8399	36,8074	12,7476	11,2977	118,0148	122,1470	129,5945	112,5993	29,5839	100,0722	101,3471	172,7536	107,5644	44,8908	0,0000	0,0000	0,0000	0,0000	0,0000	0,0000	0,0000	0,0000	0,0000	0,0000	495,6486	6275,6941	13,0986	636,8476	2458,7510	7,5976	2,3800	2,4300	1,8200	4,5000	4,5000	300,0000	150,0000	1300,0000	175,0000	175,0000	3,4700	0,3400	0,2300	0,3000	0,1800	0,6000	0,6000	40,3130	5,3946	29,7596	0,4133	0,7044	225,8652	26,9055	7683,2210	0,0000	0,0000	0,0000
109,0000	104,6489	72,0873	90,4011	45,3544	34,3558	39,7037	13,0221	13,1214	127,3050	117,1922	108,8658	102,2205	29,9271	105,1831	108,2041	170,5851	110,8322	48,0964	0,0000	0,0000	0,0000	0,0000	0,0000	0,0000	0,0000	0,0000	0,0000	0,0000	472,1692	6980,4230	14,1181	822,1784	2231,5886	7,5350	2,3800	2,4300	1,8200	4,5000	4,5000	300,0000	150,0000	1300,0000	175,0000	175,0000	3,4700	0,3400	0,2300	0,3000	0,1800	0,6000	0,6000	38,2882	6,5744	32,5617	0,3657	0,7155	225,8652	26,9055	8202,8957	0,0000	0,0000	0,0000
109,0000	107,0008	72,6400	92,4786	41,8831	31,5893	36,7243	12,2150	10,6154	134,0333	126,0075	120,9983	140,3705	31,3307	105,1831	103,9193	174,0955	113,4026	45,6881	0,0000	0,0000	0,0000	0,0000	0,0000	0,0000	0,0000	0,0000	0,0000	0,0000	492,9393	7707,6365	15,2375	653,1446	2396,6358	7,5290	2,3800	2,4300	1,8200	4,5000	4,5000	300,0000	150,0000	1300,0000	175,0000	175,0000	3,4700	0,3400	0,2300	0,3000	0,1800	0,6000	0,6000	20,0000	4,1978	34,3609	0,4031	0,7021	225,8652	26,9055	8049,9060	0,0000	0,0000	0,0000
109,0000	103,6503	74,3889	90,1199	40,8000	30,0298	35,4505	12,0921	9,8970	118,2526	127,7925	132,0307	135,8841	30,4083	95,5654	101,3793	174,1283	109,7490	44,5593	0,0000	0,0000	0,0000	0,0000	0,0000	0,0000	0,0000	0,0000	0,0000	0,0000	506,3406	6586,2858	13,5794	638,4980	2559,3001	7,7505	2,3800	2,4300	1,8200	4,5000	4,5000	300,0000	150,0000	1300,0000	175,0000	175,0000	3,4700	0,3400	0,2300	0,3000	0,1800	0,6000	0,6000	20,0000	3,8196	29,2615	0,4178	0,6818	225,8652	26,9055	7102,1336	0,0000	0,0000	0,0000
109,0000	101,6039	72,4554	88,5504	40,6948	29,5451	35,7864	12,3784	10,4934	116,9811	125,3933	131,7326	124,8352	29,7643	97,0071	100,5045	173,0891	107,5459	44,1790	0,0000	0,0000	0,0000	0,0000	0,0000	0,0000	0,0000	0,0000	0,0000	0,0000	474,5020	6292,7397	13,0925	595,7557	2485,3681	7,5759	2,3800	2,4300	1,8200	4,5000	4,5000	300,0000	150,0000	1300,0000	175,0000	175,0000	3,4700	0,3400	0,2300	0,3000	0,1800	0,6000	0,6000	30,4804	4,4837	29,1485	0,4193	0,6932	225,8652	26,9055	7329,4686	0,0000	0,0000	0,0000
109,0000	103,0387	71,9378	89,4725	44,0785	32,2285	39,4095	13,2613	13,0083	122,3565	116,3915	118,0662	91,1579	29,5887	106,3636	105,1120	170,1664	108,9955	46,7997	0,0000	0,0000	0,0000	0,0000	0,0000	0,0000	0,0000	0,0000	0,0000	0,0000	464,8460	6493,0568	13,3778	700,4713	2320,4865	7,4859	2,3800	2,4300	1,8200	4,5000	4,5000	300,0000	150,0000	1300,0000	175,0000	175,0000	3,4700	0,3400	0,2300	0,3000	0,1800	0,6000	0,6000	48,5223	6,9115	31,1009	0,3823	0,7218	225,8652	26,9055	8368,4718	0,0000	0,0000	0,0000
109,0000	107,1278	72,1259	92,4844	42,7059	32,1457	37,7426	12,3214	11,4458	136,3371	123,7569	110,8963	137,4474	31,2419	106,3636	105,5605	173,9845	113,6134	46,4752	0,0000	0,0000	0,0000	0,0000	0,0000	0,0000	0,0000	0,0000	0,0000	0,0000	445,3735	7824,2816	15,3409	664,3867	2217,5523	7,2778	2,3800	2,4300	1,8200	4,5000	4,5000	300,0000	150,0000	1300,0000	175,0000	175,0000	3,4700	0,3400	0,2300	0,3000	0,1800	0,6000	0,6000	20,0000	4,7104	35,0018	0,3933	0,7063	225,8652	26,9055	8188,2673	0,0000	0,0000	0,0000
109,0000	104,8424	74,4129	91,0318	41,0321	30,4878	35,6943	12,1240	9,9803	122,0578	127,6012	130,7791	137,3424	30,7569	98,0108	101,9449	174,0042	111,0377	44,8108	0,0000	0,0000	0,0000	0,0000	0,0000	0,0000	0,0000	0,0000	0,0000	0,0000	517,7467	6884,6017	14,0429	648,8432	2550,3210	7,7526	2,3800	2,4300	1,8200	4,5000	4,5000	300,0000	150,0000	1300,0000	175,0000	175,0000	3,4700	0,3400	0,2300	0,3000	0,1800	0,6000	0,6000	20,0000	3,8796	30,4295	0,4141	0,6862	225,8652	26,9055	7330,6687	0,0000	0,0000	0,0000
109,0000	102,0540	73,1495	88,8115	40,5200	29,6331	35,3164	12,1417	10,0399	116,4769	127,3454	132,1513	131,8235	29,9325	95,1098	100,6449	173,4602	108,0289	44,2442	0,0000	0,0000	0,0000	0,0000	0,0000	0,0000	0,0000	0,0000	0,0000	0,0000	491,0331	6353,8165	13,2086	627,2703	2525,7489	7,6835	2,3800	2,4300	1,8200	4,5000	4,5000	300,0000	150,0000	1300,0000	175,0000	175,0000	3,4700	0,3400	0,2300	0,3000	0,1800	0,6000	0,6000	23,7775	3,9460	28,9045	0,4198	0,6853	225,8652	26,9055	7104,3237	0,0000	0,0000	0,0000
109,0000	101,9952	71,9019	88,7629	42,5821	30,6693	37,9600	13,0555	12,1076	119,0848	119,1866	125,9600	99,9352	29,4941	103,0238	102,6862	172,0902	107,8680	45,6459	0,0000	0,0000	0,0000	0,0000	0,0000	0,0000	0,0000	0,0000	0,0000	0,0000	468,0948	6287,7036	13,0753	643,0035	2415,7063	7,5424	2,3800	2,4300	1,8200	4,5000	4,5000	300,0000	150,0000	1300,0000	175,0000	175,0000	3,4700	0,3400	0,2300	0,3000	0,1800	0,6000	0,6000	47,7845	6,2228	30,0933	0,4033	0,7137	225,8652	26,9055	8014,7432	0,0000	0,0000	0,0000
109,0000	105,7281	72,2198	91,2535	44,2873	33,3317	39,0993	12,6831	12,5962	131,6267	119,8422	106,4153	118,8573	30,4975	103,0238	108,3144	173,2867	112,3674	47,9337	0,0000	0,0000	0,0000	0,0000	0,0000	0,0000	0,0000	0,0000	0,0000	0,0000	453,3964	7398,5487	14,7158	799,2048	2196,0430	7,4474	2,3800	2,4300	1,8200	4,5000	4,5000	300,0000	150,0000	1300,0000	175,0000	175,0000	3,4700	0,3400	0,2300	0,3000	0,1800	0,6000	0,6000	27,4407	5,8026	33,5082	0,3749	0,7040	225,8652	26,9055	7905,3702	0,0000	0,0000	0,0000
109,0000	105,9625	73,3444	91,7670	41,4909	31,3523	36,2011	12,1672	10,2420	128,6453	127,0004	127,3995	139,6399	31,0618	101,9453	103,0953	173,9415	112,2593	45,3006	0,0000	0,0000	0,0000	0,0000	0,0000	0,0000	0,0000	0,0000	0,0000	0,0000	506,5237	7332,1369	14,6959	650,6752	2512,3734	7,6985	2,3800	2,4300	1,8200	4,5000	4,5000	300,0000	150,0000	1300,0000	175,0000	175,0000	3,4700	0,3400	0,2300	0,3000	0,1800	0,6000	0,6000	20,0000	4,0041	32,6181	0,4073	0,6953	225,8652	26,9055	7726,3062	0,0000	0,0000	0,0000
109,0000	102,7631	73,7951	89,3755	40,6820	29,8413	35,3365	12,0727	9,9038	117,0067	127,8331	132,2862	134,9881	30,1427	94,6134	101,0909	173,9806	108,7928	44,4283	0,0000	0,0000	0,0000	0,0000	0,0000	0,0000	0,0000	0,0000	0,0000	0,0000	497,7658	6452,0133	13,3656	633,6568	2555,5682	7,7377	2,3800	2,4300	1,8200	4,5000	4,5000	300,0000	150,0000	1300,0000	175,0000	175,0000	3,4700	0,3400	0,2300	0,3000	0,1800	0,6000	0,6000	20,0000	3,7947	28,9680	0,4190	0,6814	225,8652	26,9055	7027,3027	0,0000	0,0000	0,0000
109,0000	101,6866	71,9928	88,5312	41,4032	29,6849	36,5546	12,6643	11,1068	117,8104	122,8865	130,1931	115,5732	29,6186	99,3891	101,0940	172,8304	107,5295	44,7226	0,0000	0,0000	0,0000	0,0000	0,0000	0,0000	0,0000	0,0000	0,0000	0,0000	498,2619	6277,9342	13,1059	632,3478	2464,3322	7,5992	2,3800	2,4300	1,8200	4,5000	4,5000	300,0000	150,0000	1300,0000	175,0000	175,0000	3,4700	0,3400	0,2300	0,3000	0,1800	0,6000	0,6000	38,3009	5,1821	29,6938	0,4151	0,7020	225,8652	26,9055	7604,9921	0,0000	0,0000	0,0000
109,0000	104,3515	72,0487	90,2014	45,1730	33,8724	39,7570	13,0932	13,1690	126,2224	116,7552	110,5387	99,0576	29,8406	105,8362	107,6538	169,5777	110,4202	47,8985	0,0000	0,0000	0,0000	0,0000	0,0000	0,0000	0,0000	0,0000	0,0000	0,0000	462,2676	6870,0442	13,9381	785,0160	2249,4762	7,5061	2,3800	2,4300	1,8200	4,5000	4,5000	300,0000	150,0000	1300,0000	175,0000	175,0000	3,4700	0,3400	0,2300	0,3000	0,1800	0,6000	0,6000	40,7018	6,7088	32,3028	0,3652	0,7180	225,8652	26,9055	8283,5233	0,0000	0,0000	0,0000
109,0000	107,2020	72,4926	92,6131	41,9972	31,6637	36,8866	12,2299	10,7464	135,1386	125,6558	118,7769	140,2564	31,3748	105,8362	104,1358	174,0808	113,6289	45,7958	0,0000	0,0000	0,0000	0,0000	0,0000	0,0000	0,0000	0,0000	0,0000	0,0000	494,3109	7782,7538	15,3520	660,5863	2353,8261	7,4761	2,3800	2,4300	1,8200	4,5000	4,5000	300,0000	150,0000	1300,0000	175,0000	175,0000	3,4700	0,3400	0,2300	0,3000	0,1800	0,6000	0,6000	20,0000	4,2699	34,7094	0,4018	0,7036	225,8652	26,9055	8116,2875	0,0000	0,0000	0,0000
109,0000	103,9092	74,5009	90,3302	40,8307	30,0913	35,4825	12,0979	9,9031	118,7834	127,7738	131,8744	136,0974	30,4856	95,9352	101,4491	174,1119	110,0283	44,5927	0,0000	0,0000	0,0000	0,0000	0,0000	0,0000	0,0000	0,0000	0,0000	0,0000	508,8530	6634,6568	13,6556	639,8345	2558,1954	7,7509	2,3800	2,4300	1,8200	4,5000	4,5000	300,0000	150,0000	1300,0000	175,0000	175,0000	3,4700	0,3400	0,2300	0,3000	0,1800	0,6000	0,6000	20,0000	3,8286	29,4084	0,4173	0,6822	225,8652	26,9055	7134,0140	0,0000	0,0000	0,0000
109,0000	101,6860	72,6066	88,5870	40,5507	29,5546	35,6458	12,3187	10,3735	116,8027	125,9086	131,9084	126,6061	29,8058	96,5077	100,4669	173,1484	107,6339	44,1609	0,0000	0,0000	0,0000	0,0000	0,0000	0,0000	0,0000	0,0000	0,0000	0,0000	479,1902	6301,2182	13,1122	602,1613	2492,6272	7,5964	2,3800	2,4300	1,8200	4,5000	4,5000	300,0000	150,0000	1300,0000	175,0000	175,0000	3,4700	0,3400	0,2300	0,3000	0,1800	0,6000	0,6000	28,8646	4,3439	29,0794	0,4198	0,6912	225,8652	26,9055	7270,5101	0,0000	0,0000	0,0000
109,0000	102,7654	71,9229	89,3056	43,7404	31,8661	39,1743	13,2614	12,8763	121,5174	116,7032	119,9080	90,9307	29,5516	105,8938	104,5295	170,5989	108,7007	46,5388	0,0000	0,0000	0,0000	0,0000	0,0000	0,0000	0,0000	0,0000	0,0000	0,0000	463,8692	6425,5519	13,2753	682,3972	2338,2292	7,4854	2,3800	2,4300	1,8200	4,5000	4,5000	300,0000	150,0000	1300,0000	175,0000	175,0000	3,4700	0,3400	0,2300	0,3000	0,1800	0,6000	0,6000	50,1382	6,8559	30,8425	0,3873	0,7209	225,8652	26,9055	8321,2987	0,0000	0,0000	0,0000
109,0000	106,8653	72,1273	92,2688	42,9790	32,3371	38,0272	12,3646	11,6770	135,7089	123,0823	109,5028	135,4246	31,1182	105,8938	106,1215	173,9445	113,3586	46,7397	0,0000	0,0000	0,0000	0,0000	0,0000	0,0000	0,0000	0,0000	0,0000	0,0000	419,1393	7760,8579	15,2067	660,7182	2201,6622	7,2486	2,3800	2,4300	1,8200	4,5000	4,5000	300,0000	150,0000	1300,0000	175,0000	175,0000	3,4700	0,3400	0,2300	0,3000	0,1800	0,6000	0,6000	20,0000	4,8859	34,7380	0,3899	0,7061	225,8652	26,9055	8150,5420	0,0000	0,0000	0,0000
109,0000	105,0593	74,2341	91,1772	41,1124	30,6477	35,7797	12,1312	10,0198	123,2493	127,5244	130,3239	137,8047	30,8174	98,7278	102,1517	173,9601	111,2734	44,8979	0,0000	0,0000	0,0000	0,0000	0,0000	0,0000	0,0000	0,0000	0,0000	0,0000	498,7533	6966,5602	14,1372	632,5679	2546,8618	7,7230	2,3800	2,4300	1,8200	4,5000	4,5000	300,0000	150,0000	1300,0000	175,0000	175,0000	3,4700	0,3400	0,2300	0,3000	0,1800	0,6000	0,6000	20,0000	3,8981	30,8252	0,4128	0,6879	225,8652	26,9055	7402,2327	0,0000	0,0000	0,0000
109,0000	102,1756	73,2752	88,8993	40,5489	29,6684	35,2892	12,1124	9,9908	116,5264	127,5566	132,1917	132,7845	29,9686	94,9296	100,7255	173,5632	108,1598	44,2772	0,0000	0,0000	0,0000	0,0000	0,0000	0,0000	0,0000	0,0000	0,0000	0,0000	492,1859	6372,5829	13,2384	628,3955	2533,9933	7,6975	2,3800	2,4300	1,8200	4,5000	4,5000	300,0000	150,0000	1300,0000	175,0000	175,0000	3,4700	0,3400	0,2300	0,3000	0,1800	0,6000	0,6000	22,7688	3,8836	28,9003	0,4197	0,6843	225,8652	26,9055	7080,7534	0,0000	0,0000	0,0000
109,0000	101,8955	71,9121	88,6872	42,3205	30,4235	37,6460	12,9800	11,8961	118,7319	119,9414	127,1089	103,2408	29,5083	102,2438	102,3016	172,3386	107,7596	45,4425	0,0000	0,0000	0,0000	0,0000	0,0000	0,0000	0,0000	0,0000	0,0000	0,0000	470,0307	6278,6067	13,0646	635,2882	2430,7573	7,5534	2,3800	2,4300	1,8200	4,5000	4,5000	300,0000	150,0000	1300,0000	175,0000	175,0000	3,4700	0,3400	0,2300	0,3000	0,1800	0,6000	0,6000	46,1457	6,0163	29,9834	0,4064	0,7114	225,8652	26,9055	7928,1707	0,0000	0,0000	0,0000
109,0000	105,6205	72,2040	91,0197	44,6609	33,6458	39,3029	12,7749	12,7810	130,4942	119,0558	106,3122	114,0618	30,3415	102,8225	108,6539	172,8683	111,9454	48,2346	0,0000	0,0000	0,0000	0,0000	0,0000	0,0000	0,0000	0,0000	0,0000	0,0000	440,5873	7292,9433	14,5386	797,5690	2199,1030	7,4495	2,3800	2,4300	1,8200	4,5000	4,5000	300,0000	150,0000	1300,0000	175,0000	175,0000	3,4700	0,3400	0,2300	0,3000	0,1800	0,6000	0,6000	30,0883	6,0298	33,4165	0,3715	0,7049	225,8652	26,9055	7900,4236	0,0000	0,0000	0,0000
109,0000	106,2356	73,1404	91,9526	41,5910	31,4100	36,3226	12,1784	10,3204	130,1045	126,7967	126,2227	139,9734	31,1349	102,8225	103,3244	174,0190	112,5582	45,4033	0,0000	0,0000	0,0000	0,0000	0,0000	0,0000	0,0000	0,0000	0,0000	0,0000	508,8601	7433,4612	14,8510	655,9309	2493,6883	7,6784	2,3800	2,4300	1,8200	4,5000	4,5000	300,0000	150,0000	1300,0000	175,0000	175,0000	3,4700	0,3400	0,2300	0,3000	0,1800	0,6000	0,6000	20,0000	4,0428	33,0952	0,4062	0,6972	225,8652	26,9055	7813,9432	0,0000	0,0000	0,0000
109,0000	102,9656	73,9522	89,5478	40,7148	29,8884	35,3671	12,0772	9,8996	117,2323	127,8221	132,2692	135,2436	30,2032	94,7982	101,1761	174,0564	109,0111	44,4652	0,0000	0,0000	0,0000	0,0000	0,0000	0,0000	0,0000	0,0000	0,0000	0,0000	499,7117	6479,4311	13,4096	634,9755	2557,8070	7,7430	2,3800	2,4300	1,8200	4,5000	4,5000	300,0000	150,0000	1300,0000	175,0000	175,0000	3,4700	0,3400	0,2300	0,3000	0,1800	0,6000	0,6000	20,0000	3,7998	29,0134	0,4187	0,6814	225,8652	26,9055	7040,8567	0,0000	0,0000	0,0000
109,0000	101,6595	72,0605	88,5199	41,2018	29,5490	36,3249	12,5840	10,9290	117,5983	123,5921	130,7185	118,3086	29,6542	98,7323	100,8782	172,9041	107,4986	44,5660	0,0000	0,0000	0,0000	0,0000	0,0000	0,0000	0,0000	0,0000	0,0000	0,0000	500,9098	6279,4745	13,1121	628,5414	2469,2616	7,6009	2,3800	2,4300	1,8200	4,5000	4,5000	300,0000	150,0000	1300,0000	175,0000	175,0000	3,4700	0,3400	0,2300	0,3000	0,1800	0,6000	0,6000	36,0678	4,9816	29,5990	0,4166	0,6997	225,8652	26,9055	7529,5137	0,0000	0,0000	0,0000
109,0000	103,9945	72,0150	90,0076	44,9719	33,4159	39,7532	13,1549	13,1809	125,1759	116,4478	112,3484	96,2899	29,7604	106,3142	107,0440	168,9480	110,0256	47,6657	0,0000	0,0000	0,0000	0,0000	0,0000	0,0000	0,0000	0,0000	0,0000	0,0000	452,2200	6759,4472	13,7576	743,4085	2264,5218	7,4664	2,3800	2,4300	1,8200	4,5000	4,5000	300,0000	150,0000	1300,0000	175,0000	175,0000	3,4700	0,3400	0,2300	0,3000	0,1800	0,6000	0,6000	42,9349	6,8131	31,9796	0,3664	0,7201	225,8652	26,9055	8344,3668	0,0000	0,0000	0,0000
109,0000	107,3294	72,3621	92,6916	42,1324	31,7535	37,0681	12,2472	10,8942	135,9733	125,2581	116,5726	139,9727	31,3929	106,3142	104,3975	174,0621	113,7780	45,9239	0,0000	0,0000	0,0000	0,0000	0,0000	0,0000	0,0000	0,0000	0,0000	0,0000	472,1754	7836,3065	15,3990	648,8685	2312,3670	7,3965	2,3800	2,4300	1,8200	4,5000	4,5000	300,0000	150,0000	1300,0000	175,0000	175,0000	3,4700	0,3400	0,2300	0,3000	0,1800	0,6000	0,6000	20,0000	4,3549	34,9673	0,4002	0,7047	225,8652	26,9055	8166,4198	0,0000	0,0000	0,0000
109,0000	104,1609	74,5676	90,5298	40,8679	30,1658	35,5214	12,1042	9,9131	119,4147	127,7465	131,6786	136,3433	30,5601	96,3576	101,5362	174,0910	110,3000	44,6329	0,0000	0,0000	0,0000	0,0000	0,0000	0,0000	0,0000	0,0000	0,0000	0,0000	511,2837	6688,1579	13,7393	641,4713	2556,7505	7,7512	2,3800	2,4300	1,8200	4,5000	4,5000	300,0000	150,0000	1300,0000	175,0000	175,0000	3,4700	0,3400	0,2300	0,3000	0,1800	0,6000	0,6000	20,0000	3,8390	29,5933	0,4168	0,6828	225,8652	26,9055	7171,9264	0,0000	0,0000	0,0000
109,0000	101,7690	72,7534	88,6280	40,4610	29,5672	35,5273	12,2648	10,2673	116,6410	126,3654	132,0070	128,1752	29,8462	96,0581	100,4799	173,2158	107,7228	44,1764	0,0000	0,0000	0,0000	0,0000	0,0000	0,0000	0,0000	0,0000	0,0000	0,0000	483,4582	6310,4370	13,1323	608,9123	2500,1173	7,6177	2,3800	2,4300	1,8200	4,5000	4,5000	300,0000	150,0000	1300,0000	175,0000	175,0000	3,4700	0,3400	0,2300	0,3000	0,1800	0,6000	0,6000	27,3855	4,2196	29,0156	0,4199	0,6893	225,8652	26,9055	7217,0992	0,0000	0,0000	0,0000
109,0000	102,5165	71,9082	89,1379	43,4222	31,5258	38,8861	13,2307	12,7033	120,7563	117,2119	121,6546	92,1962	29,5214	105,2600	104,0011	171,0328	108,4320	46,2940	0,0000	0,0000	0,0000	0,0000	0,0000	0,0000	0,0000	0,0000	0,0000	0,0000	464,4951	6373,2389	13,1979	670,8204	2358,9669	7,4991	2,3800	2,4300	1,8200	4,5000	4,5000	300,0000	150,0000	1300,0000	175,0000	175,0000	3,4700	0,3400	0,2300	0,3000	0,1800	0,6000	0,6000	51,6172	6,7383	30,6084	0,3919	0,7195	225,8652	26,9055	8255,5079	0,0000	0,0000	0,0000
109,0000	106,5476	72,1918	92,0150	43,2814	32,5546	38,3265	12,4313	11,9246	134,8288	122,2907	108,4092	132,0187	30,9693	105,2600	106,7171	173,8700	113,0530	47,0296	0,0000	0,0000	0,0000	0,0000	0,0000	0,0000	0,0000	0,0000	0,0000	0,0000	392,4929	7678,9606	15,0443	659,4578	2194,0426	7,2353	2,3800	2,4300	1,8200	4,5000	4,5000	300,0000	150,0000	1300,0000	175,0000	175,0000	3,4700	0,3400	0,2300	0,3000	0,1800	0,6000	0,6000	20,0000	5,1048	34,3558	0,3862	0,7058	225,8652	26,9055	8097,6822	0,0000	0,0000	0,0000
109,0000	105,2646	74,0176	91,3094	41,2012	30,8259	35,8752	12,1390	10,0646	124,5194	127,4346	129,7684	138,2923	30,8734	99,4836	102,3797	173,8821	111,4973	44,9937	0,0000	0,0000	0,0000	0,0000	0,0000	0,0000	0,0000	0,0000	0,0000	0,0000	500,5302	7051,8915	14,2675	636,6434	2541,9797	7,7218	2,3800	2,4300	1,8200	4,5000	4,5000	300,0000	150,0000	1300,0000	175,0000	175,0000	3,4700	0,3400	0,2300	0,3000	0,1800	0,6000	0,6000	20,0000	3,9195	31,2470	0,4112	0,6897	225,8652	26,9055	7478,5094	0,0000	0,0000	0,0000
109,0000	102,2956	73,3935	88,9895	40,5806	29,7079	35,2802	12,0903	9,9524	116,5917	127,7106	132,2280	133,5926	30,0040	94,7876	100,8140	173,6716	108,2891	44,3133	0,0000	0,0000	0,0000	0,0000	0,0000	0,0000	0,0000	0,0000	0,0000	0,0000	493,3187	6389,8371	13,2659	629,6357	2541,1130	7,7100	2,3800	2,4300	1,8200	4,5000	4,5000	300,0000	150,0000	1300,0000	175,0000	175,0000	3,4700	0,3400	0,2300	0,3000	0,1800	0,6000	0,6000	21,8650	3,8372	28,9021	0,4195	0,6835	225,8652	26,9055	7061,4088	0,0000	0,0000	0,0000
109,0000	101,8123	71,9191	88,6225	42,0697	30,2002	37,3440	12,9012	11,6856	118,4395	120,7037	128,0993	106,5701	29,5274	101,4754	101,9460	172,5287	107,6688	45,2463	0,0000	0,0000	0,0000	0,0000	0,0000	0,0000	0,0000	0,0000	0,0000	0,0000	490,9722	6273,9893	13,0890	647,9021	2443,0955	7,5907	2,3800	2,4300	1,8200	4,5000	4,5000	300,0000	150,0000	1300,0000	175,0000	175,0000	3,4700	0,3400	0,2300	0,3000	0,1800	0,6000	0,6000	44,0439	5,8040	29,8931	0,4091	0,7090	225,8652	26,9055	7842,3311	0,0000	0,0000	0,0000
109,0000	105,2974	72,1851	90,7959	45,0541	33,9936	39,4704	12,8653	12,9319	129,3787	118,3320	106,6121	109,5201	30,1877	103,6749	108,7936	172,2909	111,5410	48,4252	0,0000	0,0000	0,0000	0,0000	0,0000	0,0000	0,0000	0,0000	0,0000	0,0000	429,1723	7186,8999	14,3628	794,3820	2203,1162	7,4508	2,3800	2,4300	1,8200	4,5000	4,5000	300,0000	150,0000	1300,0000	175,0000	175,0000	3,4700	0,3400	0,2300	0,3000	0,1800	0,6000	0,6000	33,0938	6,2398	33,1122	0,3685	0,7088	225,8652	26,9055	8010,0969	0,0000	0,0000	0,0000
109,0000	106,5068	72,9506	92,1382	41,6905	31,4690	36,4505	12,1906	10,4084	131,5219	126,5573	124,7817	140,2140	31,2063	103,6749	103,5404	174,0750	112,8560	45,5032	0,0000	0,0000	0,0000	0,0000	0,0000	0,0000	0,0000	0,0000	0,0000	0,0000	489,1502	7532,2170	14,9693	641,1201	2468,6628	7,6188	2,3800	2,4300	1,8200	4,5000	4,5000	300,0000	150,0000	1300,0000	175,0000	175,0000	3,4700	0,3400	0,2300	0,3000	0,1800	0,6000	0,6000	20,0000	4,0880	33,5563	0,4052	0,6990	225,8652	26,9055	7899,0737	0,0000	0,0000	0,0000
109,0000	103,1806	74,1075	89,7294	40,7459	29,9363	35,3967	12,0822	9,8958	117,5030	127,8088	132,2263	135,4846	30,2675	95,0117	101,2541	174,1108	109,2427	44,4999	0,0000	0,0000	0,0000	0,0000	0,0000	0,0000	0,0000	0,0000	0,0000	0,0000	501,7830	6510,3039	13,4589	636,2450	2559,2919	7,7471	2,3800	2,4300	1,8200	4,5000	4,5000	300,0000	150,0000	1300,0000	175,0000	175,0000	3,4700	0,3400	0,2300	0,3000	0,1800	0,6000	0,6000	20,0000	3,8057	29,0730	0,4185	0,6814	225,8652	26,9055	7057,1153	0,0000	0,0000	0,0000
109,0000	101,6309	72,1832	88,5150	41,0153	29,5293	36,1194	12,5088	10,7655	117,3749	124,2502	131,1536	120,7832	29,6891	98,1022	100,7095	172,9751	107,4658	44,4226	0,0000	0,0000	0,0000	0,0000	0,0000	0,0000	0,0000	0,0000	0,0000	0,0000	503,5392	6281,4248	13,1190	625,6513	2473,7832	7,6033	2,3800	2,4300	1,8200	4,5000	4,5000	300,0000	150,0000	1300,0000	175,0000	175,0000	3,4700	0,3400	0,2300	0,3000	0,1800	0,6000	0,6000	34,0052	4,7965	29,4477	0,4178	0,6974	225,8652	26,9055	7457,0289	0,0000	0,0000	0,0000
109,0000	103,6422	71,9810	89,8166	44,7467	32,9892	39,6937	13,2052	13,1567	124,1684	116,2770	114,2938	93,9858	29,6854	106,5724	106,3789	169,3548	109,6462	47,3514	0,0000	0,0000	0,0000	0,0000	0,0000	0,0000	0,0000	0,0000	0,0000	0,0000	448,6595	6656,1373	13,5976	721,8725	2281,9475	7,4602	2,3800	2,4300	1,8200	4,5000	4,5000	300,0000	150,0000	1300,0000	175,0000	175,0000	3,4700	0,3400	0,2300	0,3000	0,1800	0,6000	0,6000	44,9976	6,8842	31,6612	0,3719	0,7215	225,8652	26,9055	8380,6793	0,0000	0,0000	0,0000
109,0000	107,3614	72,2524	92,6974	42,2948	31,8630	37,2735	12,2674	11,0614	136,4698	124,8072	114,4418	139,4697	31,3775	106,5724	104,7204	174,0389	113,8270	46,0788	0,0000	0,0000	0,0000	0,0000	0,0000	0,0000	0,0000	0,0000	0,0000	0,0000	471,8342	7862,0747	15,4371	659,2616	2273,7509	7,3543	2,3800	2,4300	1,8200	4,5000	4,5000	300,0000	150,0000	1300,0000	175,0000	175,0000	3,4700	0,3400	0,2300	0,3000	0,1800	0,6000	0,6000	20,0000	4,4559	35,1090	0,3983	0,7056	225,8652	26,9055	8196,2410	0,0000	0,0000	0,0000
109,0000	104,4024	74,5758	90,7149	40,9134	30,2565	35,5692	12,1107	9,9286	120,1732	127,7081	131,4320	136,6317	30,6308	96,8462	101,6463	174,0653	110,5609	44,6822	0,0000	0,0000	0,0000	0,0000	0,0000	0,0000	0,0000	0,0000	0,0000	0,0000	513,5966	6748,0497	13,8324	643,4987	2554,9190	7,7515	2,3800	2,4300	1,8200	4,5000	4,5000	300,0000	150,0000	1300,0000	175,0000	175,0000	3,4700	0,3400	0,2300	0,3000	0,1800	0,6000	0,6000	20,0000	3,8510	29,8266	0,4160	0,6837	225,8652	26,9055	7217,4797	0,0000	0,0000	0,0000
109,0000	101,8561	72,8939	88,6796	40,4773	29,5841	35,4319	12,2168	10,1753	116,5362	126,7607	132,0576	129,5654	29,8735	95,6631	100,5266	173,2904	107,8162	44,1952	0,0000	0,0000	0,0000	0,0000	0,0000	0,0000	0,0000	0,0000	0,0000	0,0000	486,2786	6322,5986	13,1548	616,0224	2508,0128	7,6401	2,3800	2,4300	1,8200	4,5000	4,5000	300,0000	150,0000	1300,0000	175,0000	175,0000	3,4700	0,3400	0,2300	0,3000	0,1800	0,6000	0,6000	26,0359	4,1109	28,9622	0,4199	0,6877	225,8652	26,9055	7171,0736	0,0000	0,0000	0,0000
109,0000	102,2999	71,9011	88,9840	43,1214	31,2053	38,5718	13,1777	12,5051	120,0772	117,8422	123,2798	94,5385	29,5006	104,5370	103,5179	171,4451	108,1979	46,0626	0,0000	0,0000	0,0000	0,0000	0,0000	0,0000	0,0000	0,0000	0,0000	0,0000	465,3894	6333,5386	13,1399	660,3673	2380,9918	7,5164	2,3800	2,4300	1,8200	4,5000	4,5000	300,0000	150,0000	1300,0000	175,0000	175,0000	3,4700	0,3400	0,2300	0,3000	0,1800	0,6000	0,6000	50,4230	6,5769	30,3988	0,3962	0,7178	225,8652	26,9055	8178,9714	0,0000	0,0000	0,0000
109,0000	106,2297	72,3233	91,7540	43,6089	32,7977	38,6188	12,5154	12,1729	133,8052	121,4351	107,4927	127,6758	30,8103	104,5370	107,3169	173,7503	112,7607	47,3372	0,0000	0,0000	0,0000	0,0000	0,0000	0,0000	0,0000	0,0000	0,0000	0,0000	366,1899	7589,8473	14,8716	661,7695	2190,8809	7,2340	2,3800	2,4300	1,8200	4,5000	4,5000	300,0000	150,0000	1300,0000	175,0000	175,0000	3,4700	0,3400	0,2300	0,3000	0,1800	0,6000	0,6000	22,5438	5,3480	33,9065	0,3823	0,7053	225,8652	26,9055	8036,2075	0,0000	0,0000	0,0000
109,0000	105,4856	73,7842	91,4520	41,2974	31,0289	35,9806	12,1478	10,1173	125,8766	127,3122	129,1033	138,7894	30,9333	100,2913	102,6236	173,7595	111,7384	45,0967	0,0000	0,0000	0,0000	0,0000	0,0000	0,0000	0,0000	0,0000	0,0000	0,0000	502,4299	7143,4050	14,4073	641,1727	2534,9409	7,7181	2,3800	2,4300	1,8200	4,5000	4,5000	300,0000	150,0000	1300,0000	175,0000	175,0000	3,4700	0,3400	0,2300	0,3000	0,1800	0,6000	0,6000	20,0000	3,9444	31,7015	0,4094	0,6916	225,8652	26,9055	7560,0248	0,0000	0,0000	0,0000
109,0000	102,4351	73,5207	89,1001	40,6149	29,7516	35,2878	12,0761	9,9257	116,6954	127,8011	132,2603	134,2405	30,0452	94,6860	100,9093	173,7847	108,4394	44,3524	0,0000	0,0000	0,0000	0,0000	0,0000	0,0000	0,0000	0,0000	0,0000	0,0000	494,6381	6408,8398	13,2963	630,9899	2547,4630	7,7216	2,3800	2,4300	1,8200	4,5000	4,5000	300,0000	150,0000	1300,0000	175,0000	175,0000	3,4700	0,3400	0,2300	0,3000	0,1800	0,6000	0,6000	21,0609	3,8071	28,9144	0,4193	0,6827	225,8652	26,9055	7045,8414	0,0000	0,0000	0,0000
109,0000	101,7553	71,9350	88,5791	41,8298	30,0051	37,0582	12,8221	11,4813	118,2060	121,4558	128,9400	109,7602	29,5545	100,7343	101,6200	172,6660	107,6063	45,0577	0,0000	0,0000	0,0000	0,0000	0,0000	0,0000	0,0000	0,0000	0,0000	0,0000	493,3139	6273,8771	13,0924	641,8088	2452,2837	7,5953	2,3800	2,4300	1,8200	4,5000	4,5000	300,0000	150,0000	1300,0000	175,0000	175,0000	3,4700	0,3400	0,2300	0,3000	0,1800	0,6000	0,6000	42,0562	5,5915	29,8203	0,4115	0,7066	225,8652	26,9055	7758,6069	0,0000	0,0000	0,0000
109,0000	104,9497	72,1299	90,5893	45,4402	34,3875	39,6057	12,9500	13,0468	128,3062	117,6942	107,4888	105,4827	30,0376	104,4866	108,6389	171,5035	111,1667	48,2637	0,0000	0,0000	0,0000	0,0000	0,0000	0,0000	0,0000	0,0000	0,0000	0,0000	439,5892	7081,2923	14,2203	804,2268	2213,7877	7,4815	2,3800	2,4300	1,8200	4,5000	4,5000	300,0000	150,0000	1300,0000	175,0000	175,0000	3,4700	0,3400	0,2300	0,3000	0,1800	0,6000	0,6000	35,8856	6,4256	32,8198	0,3666	0,7125	225,8652	26,9055	8114,9396	0,0000	0,0000	0,0000
109,0000	106,7747	72,7848	92,3233	41,7894	31,5297	36,5870	12,2031	10,5089	132,8701	126,2868	122,9888	140,3483	31,2752	104,4866	103,7407	174,1006	113,1514	45,5994	0,0000	0,0000	0,0000	0,0000	0,0000	0,0000	0,0000	0,0000	0,0000	0,0000	491,2491	7627,0169	15,1144	647,0801	2435,2543	7,5777	2,3800	2,4300	1,8200	4,5000	4,5000	300,0000	150,0000	1300,0000	175,0000	175,0000	3,4700	0,3400	0,2300	0,3000	0,1800	0,6000	0,6000	20,0000	4,1409	33,9899	0,4041	0,7007	225,8652	26,9055	7980,0431	0,0000	0,0000	0,0000
109,0000	103,4166	74,2605	89,9269	40,7748	29,9809	35,4247	12,0874	9,8946	117,8481	127,7989	132,1450	135,7008	30,3382	95,2725	101,3229	174,1348	109,4971	44,5319	0,0000	0,0000	0,0000	0,0000	0,0000	0,0000	0,0000	0,0000	0,0000	0,0000	504,0709	6546,7805	13,5169	637,4242	2559,9114	7,7498	2,3800	2,4300	1,8200	4,5000	4,5000	300,0000	150,0000	1300,0000	175,0000	175,0000	3,4700	0,3400	0,2300	0,3000	0,1800	0,6000	0,6000	20,0000	3,8124	29,1561	0,4181	0,6816	225,8652	26,9055	7077,8404	0,0000	0,0000	0,0000
109,0000	101,6113	72,3189	88,5256	40,8426	29,5379	35,9365	12,4387	10,6171	117,1603	124,8648	131,4976	123,0027	29,7266	97,5114	100,5836	173,0388	107,4716	44,2913	0,0000	0,0000	0,0000	0,0000	0,0000	0,0000	0,0000	0,0000	0,0000	0,0000	469,6312	6286,1303	13,0753	589,4877	2479,3246	7,5575	2,3800	2,4300	1,8200	4,5000	4,5000	300,0000	150,0000	1300,0000	175,0000	175,0000	3,4700	0,3400	0,2300	0,3000	0,1800	0,6000	0,6000	32,1036	4,6269	29,2924	0,4187	0,6951	225,8652	26,9055	7388,5329	0,0000	0,0000	0,0000
109,0000	103,3149	71,9546	89,6326	44,4102	32,5833	39,5754	13,2420	13,0965	123,1976	116,2593	116,2932	92,2159	29,6295	106,5859	105,6966	169,7741	109,2934	47,0568	0,0000	0,0000	0,0000	0,0000	0,0000	0,0000	0,0000	0,0000	0,0000	0,0000	446,6236	6565,3956	13,4588	699,6118	2302,5643	7,4578	2,3800	2,4300	1,8200	4,5000	4,5000	300,0000	150,0000	1300,0000	175,0000	175,0000	3,4700	0,3400	0,2300	0,3000	0,1800	0,6000	0,6000	46,8991	6,9181	31,3604	0,3774	0,7220	225,8652	26,9055	8388,2508	0,0000	0,0000	0,0000
109,0000	107,2893	72,1687	92,6239	42,4904	31,9967	37,5048	12,2921	11,2507	136,5896	124,2960	112,4694	138,6450	31,3250	106,5859	105,1174	174,0124	113,7670	46,2668	0,0000	0,0000	0,0000	0,0000	0,0000	0,0000	0,0000	0,0000	0,0000	0,0000	447,3550	7857,4237	15,3935	651,0348	2240,5056	7,2922	2,3800	2,4300	1,8200	4,5000	4,5000	300,0000	150,0000	1300,0000	175,0000	175,0000	3,4700	0,3400	0,2300	0,3000	0,1800	0,6000	0,6000	20,0000	4,5766	35,1206	0,3959	0,7061	225,8652	26,9055	8203,4352	0,0000	0,0000	0,0000
109,0000	104,6354	74,5242	90,8864	40,9694	30,3622	35,6279	12,1175	9,9516	121,0813	127,6587	131,1248	136,9710	30,6981	97,4140	101,7858	174,0356	110,8132	44,7430	0,0000	0,0000	0,0000	0,0000	0,0000	0,0000	0,0000	0,0000	0,0000	0,0000	515,8096	6815,4863	13,9366	645,9957	2552,8679	7,7521	2,3800	2,4300	1,8200	4,5000	4,5000	300,0000	150,0000	1300,0000	175,0000	175,0000	3,4700	0,3400	0,2300	0,3000	0,1800	0,6000	0,6000	20,0000	3,8648	30,1112	0,4151	0,6849	225,8652	26,9055	7272,0244	0,0000	0,0000	0,0000
109,0000	101,9536	73,0294	88,7426	40,4974	29,6066	35,3611	12,1748	10,0982	116,4808	127,0938	132,1085	130,8061	29,9026	95,3409	100,5822	173,3739	107,9209	44,2184	0,0000	0,0000	0,0000	0,0000	0,0000	0,0000	0,0000	0,0000	0,0000	0,0000	489,1141	6337,5331	13,1814	623,1653	2516,9781	7,6642	2,3800	2,4300	1,8200	4,5000	4,5000	300,0000	150,0000	1300,0000	175,0000	175,0000	3,4700	0,3400	0,2300	0,3000	0,1800	0,6000	0,6000	24,8089	4,0179	28,9242	0,4199	0,6864	225,8652	26,9055	7132,7764	0,0000	0,0000	0,0000
109,0000	102,1228	71,8997	88,8566	42,8352	30,9153	38,2540	13,1177	12,3007	119,5088	118,5209	124,7457	97,1890	29,4916	103,7600	103,0720	171,8068	108,0064	45,8419	0,0000	0,0000	0,0000	0,0000	0,0000	0,0000	0,0000	0,0000	0,0000	0,0000	466,6273	6304,9790	13,0990	650,9711	2400,2567	7,5312	2,3800	2,4300	1,8200	4,5000	4,5000	300,0000	150,0000	1300,0000	175,0000	175,0000	3,4700	0,3400	0,2300	0,3000	0,1800	0,6000	0,6000	49,1062	6,4001	30,2231	0,4001	0,7158	225,8652	26,9055	8095,2551	0,0000	0,0000	0,0000
109,0000	105,9402	72,2581	91,4895	43,9542	33,0639	38,8814	12,6014	12,4028	132,6910	120,5971	106,8035	123,1609	30,6472	103,7600	107,8752	173,5568	112,5252	47,6495	0,0000	0,0000	0,0000	0,0000	0,0000	0,0000	0,0000	0,0000	0,0000	0,0000	340,7389	7494,9815	14,6915	669,6440	2192,2800	7,2479	2,3800	2,4300	1,8200	4,5000	4,5000	300,0000	150,0000	1300,0000	175,0000	175,0000	3,4700	0,3400	0,2300	0,3000	0,1800	0,6000	0,6000	25,0877	5,5867	33,6821	0,3784	0,7046	225,8652	26,9055	7969,2911	0,0000	0,0000	0,0000
109,0000	105,7245	73,5523	91,6083	41,3973	31,2480	36,0925	12,1575	10,1779	127,2973	127,1628	128,2987	139,2568	30,9977	101,1385	102,8710	173,8520	111,9992	45,2027	0,0000	0,0000	0,0000	0,0000	0,0000	0,0000	0,0000	0,0000	0,0000	0,0000	504,4813	7239,7644	14,5546	645,9947	2525,0614	7,7105	2,3800	2,4300	1,8200	4,5000	4,5000	300,0000	150,0000	1300,0000	175,0000	175,0000	3,4700	0,3400	0,2300	0,3000	0,1800	0,6000	0,6000	20,0000	3,9732	32,1722	0,4083	0,6935	225,8652	26,9055	7645,3505	0,0000	0,0000	0,0000
109,0000	102,5947	73,6581	89,2322	40,6500	29,7975	35,3086	12,0703	9,9098	116,8363	127,8378	132,2819	134,7112	30,0926	94,6036	101,0054	173,8927	108,6114	44,3922	0,0000	0,0000	0,0000	0,0000	0,0000	0,0000	0,0000	0,0000	0,0000	0,0000	496,1559	6430,0519	13,3304	632,3821	2552,7316	7,7315	2,3800	2,4300	1,8200	4,5000	4,5000	300,0000	150,0000	1300,0000	175,0000	175,0000	3,4700	0,3400	0,2300	0,3000	0,1800	0,6000	0,6000	20,3515	3,7935	28,9366	0,4192	0,6819	225,8652	26,9055	7031,7018	0,0000	0,0000	0,0000
109,0000	101,7143	71,9596	88,5492	41,6012	29,8272	36,7876	12,7415	11,2830	117,9989	122,2029	129,6428	112,8251	29,5862	100,0190	101,3260	172,7592	107,5607	44,8775	0,0000	0,0000	0,0000	0,0000	0,0000	0,0000	0,0000	0,0000	0,0000	0,0000	495,8351	6275,7890	13,0990	636,4721	2459,1953	7,5977	2,3800	2,4300	1,8200	4,5000	4,5000	300,0000	150,0000	1300,0000	175,0000	175,0000	3,4700	0,3400	0,2300	0,3000	0,1800	0,6000	0,6000	40,1756	5,3786	29,7547	0,4135	0,7042	225,8652	26,9055	7677,1711	0,0000	0,0000	0,0000
109,0000	104,6248	72,0837	90,3852	45,3413	34,3183	39,7095	13,0277	13,1261	127,2212	117,1554	108,9860	101,9697	29,9201	105,2360	108,1645	170,5085	110,7997	48,0821	0,0000	0,0000	0,0000	0,0000	0,0000	0,0000	0,0000	0,0000	0,0000	0,0000	471,4217	6971,9939	14,1044	819,5418	2233,0104	7,5332	2,3800	2,4300	1,8200	4,5000	4,5000	300,0000	150,0000	1300,0000	175,0000	175,0000	3,4700	0,3400	0,2300	0,3000	0,1800	0,6000	0,6000	38,4757	6,5855	32,5411	0,3656	0,7157	225,8652	26,9055	8209,4269	0,0000	0,0000	0,0000
109,0000	107,0171	72,6278	92,4895	41,8911	31,5945	36,7357	12,2160	10,6246	134,1226	125,9828	120,8314	140,3655	31,3345	105,2360	103,9346	174,0945	113,4207	45,6958	0,0000	0,0000	0,0000	0,0000	0,0000	0,0000	0,0000	0,0000	0,0000	0,0000	493,0575	7713,7297	15,2468	653,6393	2393,5548	7,5251	2,3800	2,4300	1,8200	4,5000	4,5000	300,0000	150,0000	1300,0000	175,0000	175,0000	3,4700	0,3400	0,2300	0,3000	0,1800	0,6000	0,6000	20,0000	4,2028	34,3893	0,4030	0,7022	225,8652	26,9055	8055,2669	0,0000	0,0000	0,0000
109,0000	103,6690	74,3980	90,1351	40,8021	30,0341	35,4527	12,0925	9,8973	118,2881	127,7914	132,0200	135,8994	30,4138	95,5906	101,3842	174,1272	109,7691	44,5616	0,0000	0,0000	0,0000	0,0000	0,0000	0,0000	0,0000	0,0000	0,0000	0,0000	506,5213	6589,6211	13,5847	638,5903	2559,2292	7,7506	2,3800	2,4300	1,8200	4,5000	4,5000	300,0000	150,0000	1300,0000	175,0000	175,0000	3,4700	0,3400	0,2300	0,3000	0,1800	0,6000	0,6000	20,0000	3,8203	29,2710	0,4178	0,6818	225,8652	26,9055	7104,2636	0,0000	0,0000	0,0000
109,0000	101,6091	72,4662	88,5522	40,6834	29,5457	35,7751	12,3737	10,4839	116,9662	125,4338	131,7484	124,9754	29,7672	96,9674	100,4998	173,0932	107,5516	44,1702	0,0000	0,0000	0,0000	0,0000	0,0000	0,0000	0,0000	0,0000	0,0000	0,0000	474,8650	6293,2402	13,0937	596,2377	2485,8898	7,5774	2,3800	2,4300	1,8200	4,5000	4,5000	300,0000	150,0000	1300,0000	175,0000	175,0000	3,4700	0,3400	0,2300	0,3000	0,1800	0,6000	0,6000	30,3543	4,4727	29,1429	0,4194	0,6930	225,8652	26,9055	7324,8250	0,0000	0,0000	0,0000
109,0000	103,0168	71,9359	89,4593	44,0524	32,2003	39,3938	13,2621	12,9997	122,2903	116,4085	118,2065	91,1029	29,5855	106,3356	105,0666	170,1984	108,9718	46,7796	0,0000	0,0000	0,0000	0,0000	0,0000	0,0000	0,0000	0,0000	0,0000	0,0000	464,7297	6487,5654	13,3694	698,9647	2321,8762	7,4857	2,3800	2,4300	1,8200	4,5000	4,5000	300,0000	150,0000	1300,0000	175,0000	175,0000	3,4700	0,3400	0,2300	0,3000	0,1800	0,6000	0,6000	48,6484	6,9092	31,0809	0,3827	0,7218	225,8652	26,9055	8365,7665	0,0000	0,0000	0,0000
109,0000	107,1104	72,1238	92,4699	42,7249	32,1589	37,7629	12,3241	11,4624	136,3013	123,7097	110,7806	137,3262	31,2336	106,3356	105,5996	173,9818	113,5965	46,4936	0,0000	0,0000	0,0000	0,0000	0,0000	0,0000	0,0000	0,0000	0,0000	0,0000	445,1761	7820,3648	15,3348	665,5701	2216,0156	7,2773	2,3800	2,4300	1,8200	4,5000	4,5000	300,0000	150,0000	1300,0000	175,0000	175,0000	3,4700	0,3400	0,2300	0,3000	0,1800	0,6000	0,6000	20,0000	4,7223	34,9866	0,3930	0,7063	225,8652	26,9055	8186,1170	0,0000	0,0000	0,0000
109,0000	104,8584	74,4011	91,0427	41,0376	30,4990	35,7001	12,1245	9,9830	122,1420	127,5958	130,7478	137,3747	30,7614	98,0617	101,9591	174,0011	111,0551	44,8168	0,0000	0,0000	0,0000	0,0000	0,0000	0,0000	0,0000	0,0000	0,0000	0,0000	517,8948	6890,4378	14,0519	649,0960	2550,0845	7,7526	2,3800	2,4300	1,8200	4,5000	4,5000	300,0000	150,0000	1300,0000	175,0000	175,0000	3,4700	0,3400	0,2300	0,3000	0,1800	0,6000	0,6000	20,0000	3,8809	30,4574	0,4140	0,6863	225,8652	26,9055	7335,7267	0,0000	0,0000	0,0000
109,0000	102,0622	73,1588	88,8172	40,5220	29,6355	35,3136	12,1393	10,0357	116,4782	127,3633	132,1544	131,9004	29,9349	95,0935	100,6503	173,4674	108,0378	44,2465	0,0000	0,0000	0,0000	0,0000	0,0000	0,0000	0,0000	0,0000	0,0000	0,0000	491,1109	6355,1341	13,2107	627,3464	2526,4079	7,6846	2,3800	2,4300	1,8200	4,5000	4,5000	300,0000	150,0000	1300,0000	175,0000	175,0000	3,4700	0,3400	0,2300	0,3000	0,1800	0,6000	0,6000	23,6981	3,9408	28,9034	0,4198	0,6852	225,8652	26,9055	7102,2851	0,0000	0,0000	0,0000
109,0000	101,9860	71,9022	88,7560	42,5621	30,6500	37,9363	13,0501	12,0917	119,0543	119,2419	126,0518	100,1707	29,4946	102,9640	102,6561	172,1107	107,8580	45,6303	0,0000	0,0000	0,0000	0,0000	0,0000	0,0000	0,0000	0,0000	0,0000	0,0000	468,2241	6286,6308	13,0739	642,3931	2416,8708	7,5432	2,3800	2,4300	1,8200	4,5000	4,5000	300,0000	150,0000	1300,0000	175,0000	175,0000	3,4700	0,3400	0,2300	0,3000	0,1800	0,6000	0,6000	47,6732	6,2078	30,0838	0,4035	0,7135	225,8652	26,9055	8008,1653	0,0000	0,0000	0,0000
109,0000	105,7138	72,2175	91,2348	44,3148	33,3543	39,1158	12,6898	12,6109	131,5401	119,7818	106,3952	118,5026	30,4854	102,9640	108,3456	173,2602	112,3343	47,9564	0,0000	0,0000	0,0000	0,0000	0,0000	0,0000	0,0000	0,0000	0,0000	0,0000	452,3455	7390,5506	14,7022	799,0354	2196,3224	7,4476	2,3800	2,4300	1,8200	4,5000	4,5000	300,0000	150,0000	1300,0000	175,0000	175,0000	3,4700	0,3400	0,2300	0,3000	0,1800	0,6000	0,6000	27,6315	5,8199	33,4962	0,3747	0,7039	225,8652	26,9055	7900,1660	0,0000	0,0000	0,0000
109,0000	105,9823	73,3280	91,7802	41,4984	31,3566	36,2100	12,1680	10,2476	128,7549	126,9860	127,3191	139,6683	31,0671	102,0110	103,1130	173,9479	112,2810	45,3084	0,0000	0,0000	0,0000	0,0000	0,0000	0,0000	0,0000	0,0000	0,0000	0,0000	506,6924	7339,7050	14,7075	651,0644	2511,1469	7,6973	2,3800	2,4300	1,8200	4,5000	4,5000	300,0000	150,0000	1300,0000	175,0000	175,0000	3,4700	0,3400	0,2300	0,3000	0,1800	0,6000	0,6000	20,0000	4,0068	32,6543	0,4072	0,6955	225,8652	26,9055	7732,8930	0,0000	0,0000	0,0000
109,0000	102,7774	73,8065	89,3877	40,6845	29,8448	35,3388	12,0730	9,9035	117,0219	127,8321	132,2856	135,0077	30,1470	94,6261	101,0975	173,9869	108,8083	44,4312	0,0000	0,0000	0,0000	0,0000	0,0000	0,0000	0,0000	0,0000	0,0000	0,0000	497,9029	6453,9155	13,3687	633,7573	2555,7574	7,7381	2,3800	2,4300	1,8200	4,5000	4,5000	300,0000	150,0000	1300,0000	175,0000	175,0000	3,4700	0,3400	0,2300	0,3000	0,1800	0,6000	0,6000	20,0000	3,7951	28,9709	0,4189	0,6814	225,8652	26,9055	7028,2210	0,0000	0,0000	0,0000
109,0000	101,6843	71,9965	88,5299	41,3876	29,6739	36,5366	12,6581	11,0930	117,7948	122,9409	130,2384	115,7887	29,6212	99,3389	101,0745	172,8359	107,5269	44,7104	0,0000	0,0000	0,0000	0,0000	0,0000	0,0000	0,0000	0,0000	0,0000	0,0000	498,4583	6278,0691	13,1063	631,9722	2464,7940	7,5993	2,3800	2,4300	1,8200	4,5000	4,5000	300,0000	150,0000	1300,0000	175,0000	175,0000	3,4700	0,3400	0,2300	0,3000	0,1800	0,6000	0,6000	38,1273	5,1666	29,6878	0,4152	0,7018	225,8652	26,9055	7599,2316	0,0000	0,0000	0,0000
109,0000	104,3288	72,0459	90,1866	45,1585	33,8370	39,7586	13,0981	13,1711	126,1426	116,7276	110,6673	98,8353	29,8343	105,8787	107,6099	169,5033	110,3899	47,8830	0,0000	0,0000	0,0000	0,0000	0,0000	0,0000	0,0000	0,0000	0,0000	0,0000	461,5043	6861,7673	13,9246	781,9905	2250,6681	7,5034	2,3800	2,4300	1,8200	4,5000	4,5000	300,0000	150,0000	1300,0000	175,0000	175,0000	3,4700	0,3400	0,2300	0,3000	0,1800	0,6000	0,6000	40,8754	6,7177	32,2829	0,3651	0,7182	225,8652	26,9055	8288,8389	0,0000	0,0000	0,0000
109,0000	107,2143	72,4822	92,6211	42,0065	31,6698	36,8995	12,2311	10,7568	135,2115	125,6277	118,6100	140,2412	31,3772	105,8787	104,1533	174,0792	113,6430	45,8044	0,0000	0,0000	0,0000	0,0000	0,0000	0,0000	0,0000	0,0000	0,0000	0,0000	494,3852	7787,5993	15,3594	661,1928	2350,6111	7,4722	2,3800	2,4300	1,8200	4,5000	4,5000	300,0000	150,0000	1300,0000	175,0000	175,0000	3,4700	0,3400	0,2300	0,3000	0,1800	0,6000	0,6000	20,0000	4,2758	34,7322	0,4017	0,7036	225,8652	26,9055	8120,6654	0,0000	0,0000	0,0000
109,0000	103,9284	74,5076	90,3455	40,8332	30,0963	35,4851	12,0984	9,9037	118,8269	127,7722	131,8609	136,1142	30,4912	95,9648	101,4547	174,1101	110,0489	44,5954	0,0000	0,0000	0,0000	0,0000	0,0000	0,0000	0,0000	0,0000	0,0000	0,0000	509,0380	6638,4674	13,6615	639,9431	2558,0890	7,7509	2,3800	2,4300	1,8200	4,5000	4,5000	300,0000	150,0000	1300,0000	175,0000	175,0000	3,4700	0,3400	0,2300	0,3000	0,1800	0,6000	0,6000	20,0000	3,8293	29,4208	0,4173	0,6823	225,8652	26,9055	7136,6228	0,0000	0,0000	0,0000
109,0000	101,6921	72,6178	88,5899	40,5406	29,5554	35,6361	12,3145	10,3651	116,7897	125,9450	131,9182	126,7304	29,8088	96,4720	100,4660	173,1529	107,6404	44,1619	0,0000	0,0000	0,0000	0,0000	0,0000	0,0000	0,0000	0,0000	0,0000	0,0000	479,5227	6301,8619	13,1136	602,6472	2493,1785	7,5979	2,3800	2,4300	1,8200	4,5000	4,5000	300,0000	150,0000	1300,0000	175,0000	175,0000	3,4700	0,3400	0,2300	0,3000	0,1800	0,6000	0,6000	28,7490	4,3340	29,0743	0,4198	0,6910	225,8652	26,9055	7266,2861	0,0000	0,0000	0,0000
109,0000	102,7457	71,9217	89,2930	43,7158	31,8397	39,1544	13,2604	12,8648	121,4573	116,7343	120,0422	90,9640	29,5490	105,8504	104,4881	170,6313	108,6794	46,5199	0,0000	0,0000	0,0000	0,0000	0,0000	0,0000	0,0000	0,0000	0,0000	0,0000	463,9080	6420,9594	13,2685	681,4839	2339,5395	7,4860	2,3800	2,4300	1,8200	4,5000	4,5000	300,0000	150,0000	1300,0000	175,0000	175,0000	3,4700	0,3400	0,2300	0,3000	0,1800	0,6000	0,6000	50,2538	6,8495	30,8240	0,3876	0,7208	225,8652	26,9055	8316,8437	0,0000	0,0000	0,0000
109,0000	106,8427	72,1296	92,2506	43,0011	32,3527	38,0496	12,3686	11,6951	135,6492	123,0272	109,4108	135,2292	31,1077	105,8504	106,1664	173,9407	113,3366	46,7611	0,0000	0,0000	0,0000	0,0000	0,0000	0,0000	0,0000	0,0000	0,0000	0,0000	418,9164	7755,1453	15,1979	662,1091	2200,8463	7,2494	2,3800	2,4300	1,8200	4,5000	4,5000	300,0000	150,0000	1300,0000	175,0000	175,0000	3,4700	0,3400	0,2300	0,3000	0,1800	0,6000	0,6000	20,0000	4,9006	34,7131	0,3896	0,7061	225,8652	26,9055	8146,9540	0,0000	0,0000	0,0000
109,0000	105,0752	74,2186	91,1875	41,1189	30,6607	35,7867	12,1318	10,0231	123,3432	127,5180	130,2860	137,8415	30,8218	98,7839	102,1685	173,9560	111,2907	44,9049	0,0000	0,0000	0,0000	0,0000	0,0000	0,0000	0,0000	0,0000	0,0000	0,0000	498,8919	6972,9438	14,1469	632,8646	2546,5593	7,7230	2,3800	2,4300	1,8200	4,5000	4,5000	300,0000	150,0000	1300,0000	175,0000	175,0000	3,4700	0,3400	0,2300	0,3000	0,1800	0,6000	0,6000	20,0000	3,8996	30,8565	0,4127	0,6880	225,8652	26,9055	7407,8700	0,0000	0,0000	0,0000
109,0000	102,1850	73,2844	88,9063	40,5513	29,6713	35,2880	12,1105	9,9877	116,5318	127,5699	132,1944	132,8506	29,9714	94,9185	100,7320	173,5712	108,1699	44,2799	0,0000	0,0000	0,0000	0,0000	0,0000	0,0000	0,0000	0,0000	0,0000	0,0000	492,2751	6373,9986	13,2407	628,4866	2534,5631	7,6985	2,3800	2,4300	1,8200	4,5000	4,5000	300,0000	150,0000	1300,0000	175,0000	175,0000	3,4700	0,3400	0,2300	0,3000	0,1800	0,6000	0,6000	22,6974	3,8795	28,9006	0,4196	0,6842	225,8652	26,9055	7079,2327	0,0000	0,0000	0,0000
109,0000	101,8892	71,9130	88,6823	42,3013	30,4060	37,6228	12,9741	11,8803	118,7091	119,9986	127,1884	103,4957	29,5098	102,1864	102,2739	172,3547	107,7527	45,4275	0,0000	0,0000	0,0000	0,0000	0,0000	0,0000	0,0000	0,0000	0,0000	0,0000	470,1868	6278,2176	13,0643	634,7431	2431,7884	7,5541	2,3800	2,4300	1,8200	4,5000	4,5000	300,0000	150,0000	1300,0000	175,0000	175,0000	3,4700	0,3400	0,2300	0,3000	0,1800	0,6000	0,6000	45,9839	6,0004	29,9763	0,4066	0,7112	225,8652	26,9055	7921,7503	0,0000	0,0000	0,0000
