HR	AOPmax	AOPmin	AOPmean	PAPmax	PAPmin	PAPmean	PRAmean	WedgeP	QLV	Qsist	QRV	Qpulm	LVes	LVed	RVes	RVed	Plvmax	Prvmax	QVADmax	QVADmin	QVADmean	QECMO	P1mean	P2mean	P3mean	Qventing	Qinflow1	Qinflow2	PELeftV	SWLeftV	MVO2LeftV	PERightV	SWRightV	MVO2RightV	RupAbr	RkidAbr	RsplAbr	RllAbr	RrlAbr	V0upbr	V0kidbr	V0spbr	V0llbr	V0rlbr	Emaxl	Emaxr	RupVbr	RkidVbr	RspVbr	RllVbr	RrlVbr	Paw	Ppleural	PP	RV EF 	LV EF 	Ccw linear	Cl linear	CO	ECMOflowma	ECMOlfowmi	ECMOvol
109,0000	110,0568	76,3661	95,3214	39,9814	27,8647	34,7517	11,5756	11,1887	133,1171	128,5759	137,2770	128,8424	32,6233	108,9610	100,4466	176,0862	116,5712	43,5448	0,0000	0,0000	0,0000	0,0000	0,0000	0,0000	0,0000	0,0000	0,0000	0,0000	596,6799	7786,4221	15,5107	615,8123	2608,2299	7,7898	2,3800	2,4300	1,8200	4,5000	4,5000	300,0000	150,0000	1300,0000	175,0000	175,0000	3,4700	0,3400	0,2300	0,3000	0,1800	0,6000	0,6000	22,9603	2,9261	33,6908	0,4296	0,7006	189,9207	76,8877	8320,8113	0,0000	0,0000	0,0000
109,0000	111,2764	76,7238	95,9629	39,4796	28,7396	34,1534	11,0684	11,0019	137,8463	130,0991	126,5252	134,5367	33,0077	108,9610	99,6789	171,8588	118,1632	43,4709	0,0000	0,0000	0,0000	0,0000	0,0000	0,0000	0,0000	0,0000	0,0000	0,0000	523,4907	8304,1336	16,1760	602,9500	2472,4367	7,5673	2,3800	2,4300	1,8200	4,5000	4,5000	300,0000	150,0000	1300,0000	175,0000	175,0000	3,4700	0,3400	0,2300	0,3000	0,1800	0,6000	0,6000	6,0663	2,2631	34,5525	0,4200	0,6971	189,9207	76,8877	8278,9086	0,0000	0,0000	0,0000
109,0000	110,6307	76,5358	95,5538	37,7783	27,2274	32,4143	10,4215	9,4120	135,5020	137,9925	133,8945	136,6364	33,2549	107,9165	98,1278	175,1476	117,3433	41,6922	0,0000	0,0000	0,0000	0,0000	0,0000	0,0000	0,0000	0,0000	0,0000	0,0000	611,6105	8178,8224	16,1203	629,2640	2522,7589	7,6820	2,3800	2,4300	1,8200	4,5000	4,5000	300,0000	150,0000	1300,0000	175,0000	175,0000	3,4700	0,3400	0,2300	0,3000	0,1800	0,6000	0,6000	5,0000	0,2873	34,0949	0,4397	0,6918	189,9207	76,8877	8138,1158	0,0000	0,0000	0,0000
109,0000	109,5489	76,4117	94,7459	37,5825	26,3654	32,1328	10,2240	8,9451	132,1663	140,4762	138,5885	137,5267	33,0591	105,8827	98,8396	176,9068	116,1475	41,4976	0,0000	0,0000	0,0000	0,0000	0,0000	0,0000	0,0000	0,0000	0,0000	0,0000	630,4386	7913,6630	15,7516	656,2324	2607,8962	7,8498	2,3800	2,4300	1,8200	4,5000	4,5000	300,0000	150,0000	1300,0000	175,0000	175,0000	3,4700	0,3400	0,2300	0,3000	0,1800	0,6000	0,6000	6,1132	-0,3683	33,1373	0,4413	0,6878	189,9207	76,8877	7937,7782	0,0000	0,0000	0,0000
109,0000	109,6734	76,1184	95,0253	39,1375	26,8943	33,8497	11,1812	10,3699	132,4495	132,8363	139,5992	133,1937	32,7464	107,5733	100,0299	176,9491	116,1408	42,7667	0,0000	0,0000	0,0000	0,0000	0,0000	0,0000	0,0000	0,0000	0,0000	0,0000	631,3734	7772,2516	15,5414	636,5921	2614,8416	7,8308	2,3800	2,4300	1,8200	4,5000	4,5000	300,0000	150,0000	1300,0000	175,0000	175,0000	3,4700	0,3400	0,2300	0,3000	0,1800	0,6000	0,6000	20,3851	1,7985	33,5550	0,4347	0,6956	189,9207	76,8877	8156,1325	0,0000	0,0000	0,0000
109,0000	111,0827	76,7345	95,7791	40,7782	29,6844	34,9694	11,4737	11,5984	135,9072	127,0277	128,7555	129,9006	32,6884	109,2284	100,8461	171,7904	117,8027	44,3958	0,0000	0,0000	0,0000	0,0000	0,0000	0,0000	0,0000	0,0000	0,0000	0,0000	544,3608	8102,1963	15,9050	631,6718	2548,7089	7,7245	2,3800	2,4300	1,8200	4,5000	4,5000	300,0000	150,0000	1300,0000	175,0000	175,0000	3,4700	0,3400	0,2300	0,3000	0,1800	0,6000	0,6000	12,8334	3,1679	34,3482	0,4130	0,7007	189,9207	76,8877	8342,8552	0,0000	0,0000	0,0000
109,0000	111,1298	76,3411	95,8945	38,0831	27,8877	32,7823	10,5689	9,8042	137,7909	135,9682	130,5372	136,7191	33,3056	109,2284	98,1613	174,1577	117,9064	42,0108	0,0000	0,0000	0,0000	0,0000	0,0000	0,0000	0,0000	0,0000	0,0000	0,0000	587,3616	8338,4332	16,3229	612,5866	2471,9775	7,5811	2,3800	2,4300	1,8200	4,5000	4,5000	300,0000	150,0000	1300,0000	175,0000	175,0000	3,4700	0,3400	0,2300	0,3000	0,1800	0,6000	0,6000	5,0000	0,7656	34,7887	0,4364	0,6951	189,9207	76,8877	8275,5833	0,0000	0,0000	0,0000
109,0000	109,9268	76,6477	95,0464	37,5763	26,5134	32,1374	10,2592	9,0303	132,7833	139,9924	137,4228	137,0276	33,1440	106,3076	98,4927	176,4036	116,5611	41,4847	0,0000	0,0000	0,0000	0,0000	0,0000	0,0000	0,0000	0,0000	0,0000	0,0000	632,9994	7978,3943	15,8524	651,7777	2584,7838	7,8085	2,3800	2,4300	1,8200	4,5000	4,5000	300,0000	150,0000	1300,0000	175,0000	175,0000	3,4700	0,3400	0,2300	0,3000	0,1800	0,6000	0,6000	5,0000	-0,2312	33,2790	0,4417	0,6882	189,9207	76,8877	7974,8325	0,0000	0,0000	0,0000
109,0000	109,3153	76,0561	94,7848	38,1679	26,2834	32,9241	10,7042	9,5762	132,0787	137,0554	139,7587	136,0852	32,9087	106,5405	99,4460	176,4531	115,7584	41,8056	0,0000	0,0000	0,0000	0,0000	0,0000	0,0000	0,0000	0,0000	0,0000	0,0000	624,9084	7789,4821	15,5575	625,4863	2577,6681	7,7585	2,3800	2,4300	1,8200	4,5000	4,5000	300,0000	150,0000	1300,0000	175,0000	175,0000	3,4700	0,3400	0,2300	0,3000	0,1800	0,6000	0,6000	14,6228	0,6102	33,2592	0,4364	0,6911	189,9207	76,8877	8025,8593	0,0000	0,0000	0,0000
109,0000	110,5316	76,5475	95,5840	40,5932	28,6949	35,1603	11,6840	11,6211	134,2071	126,5163	133,6078	127,4877	32,5923	109,7853	100,6759	174,2938	117,0917	44,0575	0,0000	0,0000	0,0000	0,0000	0,0000	0,0000	0,0000	0,0000	0,0000	0,0000	593,0271	7883,9623	15,6512	627,6823	2581,5217	7,7676	2,3800	2,4300	1,8200	4,5000	4,5000	300,0000	150,0000	1300,0000	175,0000	175,0000	3,4700	0,3400	0,2300	0,3000	0,1800	0,6000	0,6000	19,7089	3,4004	33,9841	0,4224	0,7031	189,9207	76,8877	8414,0303	0,0000	0,0000	0,0000
109,0000	111,4530	76,4068	96,1153	38,6416	28,2200	33,3881	10,7886	10,3812	138,9034	133,0258	126,9633	136,4459	33,2495	109,7853	98,5738	172,9241	118,2963	42,5949	0,0000	0,0000	0,0000	0,0000	0,0000	0,0000	0,0000	0,0000	0,0000	0,0000	558,3108	8407,4277	16,3827	602,3394	2430,9171	7,5043	2,3800	2,4300	1,8200	4,5000	4,5000	300,0000	150,0000	1300,0000	175,0000	175,0000	3,4700	0,3400	0,2300	0,3000	0,1800	0,6000	0,6000	5,0000	1,4664	35,0462	0,4300	0,6971	189,9207	76,8877	8342,4010	0,0000	0,0000	0,0000
109,0000	110,3440	76,7490	95,3685	37,6238	26,7896	32,2228	10,3386	9,1953	133,9145	139,0546	135,7701	136,5765	33,2244	107,0113	98,1677	175,7547	117,0210	41,5294	0,0000	0,0000	0,0000	0,0000	0,0000	0,0000	0,0000	0,0000	0,0000	0,0000	635,1438	8071,5176	15,9949	647,7290	2551,6208	7,7529	2,3800	2,4300	1,8200	4,5000	4,5000	300,0000	150,0000	1300,0000	175,0000	175,0000	3,4700	0,3400	0,2300	0,3000	0,1800	0,6000	0,6000	5,0000	0,0147	33,5950	0,4415	0,6895	189,9207	76,8877	8042,7706	0,0000	0,0000	0,0000
109,0000	109,3536	76,2747	94,6788	37,5970	26,2931	32,3283	10,3554	9,0815	131,8882	139,7273	139,2697	137,3298	33,0163	105,8736	99,0703	176,4059	115,9339	41,5173	0,0000	0,0000	0,0000	0,0000	0,0000	0,0000	0,0000	0,0000	0,0000	0,0000	650,2346	7851,3437	15,6880	672,3742	2594,6869	7,8542	2,3800	2,4300	1,8200	4,5000	4,5000	300,0000	150,0000	1300,0000	175,0000	175,0000	3,4700	0,3400	0,2300	0,3000	0,1800	0,6000	0,6000	9,3495	-0,1439	33,0790	0,4384	0,6882	189,9207	76,8877	7941,4485	0,0000	0,0000	0,0000
109,0000	109,9593	76,3202	95,2534	39,8227	27,6665	34,5914	11,5116	11,0354	132,9103	129,3546	137,9998	129,6593	32,6401	108,6619	100,3895	176,4274	116,4631	43,4052	0,0000	0,0000	0,0000	0,0000	0,0000	0,0000	0,0000	0,0000	0,0000	0,0000	621,3397	7775,8063	15,5317	635,4197	2614,3274	7,8283	2,3800	2,4300	1,8200	4,5000	4,5000	300,0000	150,0000	1300,0000	175,0000	175,0000	3,4700	0,3400	0,2300	0,3000	0,1800	0,6000	0,6000	22,7632	2,7292	33,6390	0,4310	0,6996	189,9207	76,8877	8286,3852	0,0000	0,0000	0,0000
109,0000	111,2352	76,7229	95,9128	39,7351	28,9064	34,3516	11,1528	11,1551	137,4341	129,3621	126,7342	133,6602	32,9357	108,6619	99,9982	171,5492	118,1404	43,7297	0,0000	0,0000	0,0000	0,0000	0,0000	0,0000	0,0000	0,0000	0,0000	0,0000	495,2452	8267,2046	16,0784	590,4876	2491,0921	7,5766	2,3800	2,4300	1,8200	4,5000	4,5000	300,0000	150,0000	1300,0000	175,0000	175,0000	3,4700	0,3400	0,2300	0,3000	0,1800	0,6000	0,6000	7,2190	2,4752	34,5123	0,4171	0,6969	189,9207	76,8877	8254,1572	0,0000	0,0000	0,0000
109,0000	110,7163	76,4725	95,6091	37,8317	27,3650	32,4785	10,4468	9,4804	135,9735	137,6528	133,3151	136,6755	33,2633	108,1847	98,1348	174,9718	117,4398	41,7486	0,0000	0,0000	0,0000	0,0000	0,0000	0,0000	0,0000	0,0000	0,0000	0,0000	611,6189	8210,6252	16,1679	629,5470	2514,3543	7,6699	2,3800	2,4300	1,8200	4,5000	4,5000	300,0000	150,0000	1300,0000	175,0000	175,0000	3,4700	0,3400	0,2300	0,3000	0,1800	0,6000	0,6000	5,0000	0,3705	34,2438	0,4391	0,6925	189,9207	76,8877	8166,4320	0,0000	0,0000	0,0000
109,0000	109,6139	76,4521	94,7910	37,5811	26,3913	32,1207	10,2177	8,9477	132,2728	140,4606	138,3808	137,4708	33,0736	105,9560	98,7783	176,8331	116,2186	41,4950	0,0000	0,0000	0,0000	0,0000	0,0000	0,0000	0,0000	0,0000	0,0000	0,0000	630,8763	7926,8538	15,7720	655,4473	2606,3818	7,8464	2,3800	2,4300	1,8200	4,5000	4,5000	300,0000	150,0000	1300,0000	175,0000	175,0000	3,4700	0,3400	0,2300	0,3000	0,1800	0,6000	0,6000	5,4130	-0,3662	33,1618	0,4414	0,6879	189,9207	76,8877	7944,1746	0,0000	0,0000	0,0000
109,0000	109,6104	76,0587	94,9727	38,9440	26,6992	33,6467	11,0853	10,1958	132,3795	133,7553	139,7092	133,9182	32,7797	107,3365	99,8995	176,8793	116,0683	42,5779	0,0000	0,0000	0,0000	0,0000	0,0000	0,0000	0,0000	0,0000	0,0000	0,0000	656,2371	7775,2020	15,5830	655,5442	2607,7026	7,8485	2,3800	2,4300	1,8200	4,5000	4,5000	300,0000	150,0000	1300,0000	175,0000	175,0000	3,4700	0,3400	0,2300	0,3000	0,1800	0,6000	0,6000	19,5426	1,5426	33,5517	0,4352	0,6946	189,9207	76,8877	8126,6964	0,0000	0,0000	0,0000
109,0000	111,0019	76,6983	95,7493	40,7876	29,5842	35,0677	11,5394	11,6531	135,5479	126,6668	129,6374	129,1740	32,6497	109,4517	100,8655	172,2956	117,7070	44,3970	0,0000	0,0000	0,0000	0,0000	0,0000	0,0000	0,0000	0,0000	0,0000	0,0000	585,9219	8056,8064	15,8992	659,1801	2559,0722	7,7811	2,3800	2,4300	1,8200	4,5000	4,5000	300,0000	150,0000	1300,0000	175,0000	175,0000	3,4700	0,3400	0,2300	0,3000	0,1800	0,6000	0,6000	14,3761	3,2801	34,3036	0,4146	0,7017	189,9207	76,8877	8371,4161	0,0000	0,0000	0,0000
109,0000	111,2349	76,3353	95,9691	38,1626	27,9343	32,8772	10,6067	9,9032	138,1849	135,4410	129,6872	136,6879	33,3118	109,4517	98,1779	173,9172	118,0266	42,0931	0,0000	0,0000	0,0000	0,0000	0,0000	0,0000	0,0000	0,0000	0,0000	0,0000	587,1386	8366,2528	16,3642	613,3184	2459,0087	7,5628	2,3800	2,4300	1,8200	4,5000	4,5000	300,0000	150,0000	1300,0000	175,0000	175,0000	3,4700	0,3400	0,2300	0,3000	0,1800	0,6000	0,6000	5,0000	0,8866	34,8996	0,4355	0,6956	189,9207	76,8877	8299,2445	0,0000	0,0000	0,0000
109,0000	110,0145	76,6947	95,1174	37,5769	26,5471	32,1447	10,2732	9,0565	132,9489	139,8333	137,1335	136,9025	33,1630	106,4178	98,4117	176,2805	116,6573	41,4840	0,0000	0,0000	0,0000	0,0000	0,0000	0,0000	0,0000	0,0000	0,0000	0,0000	633,5576	7994,0508	15,8766	650,7223	2578,4829	7,7975	2,3800	2,4300	1,8200	4,5000	4,5000	300,0000	150,0000	1300,0000	175,0000	175,0000	3,4700	0,3400	0,2300	0,3000	0,1800	0,6000	0,6000	5,0000	-0,1884	33,3198	0,4417	0,6884	189,9207	76,8877	7984,7750	0,0000	0,0000	0,0000
109,0000	109,2203	76,1032	94,7480	37,9653	26,2805	32,7734	10,6202	9,4484	131,9986	137,7419	139,7112	136,4531	32,9393	106,3678	99,3500	176,3309	115,7886	41,6016	0,0000	0,0000	0,0000	0,0000	0,0000	0,0000	0,0000	0,0000	0,0000	0,0000	631,9887	7797,9350	15,5808	637,9543	2576,5671	7,7756	2,3800	2,4300	1,8200	4,5000	4,5000	300,0000	150,0000	1300,0000	175,0000	175,0000	3,4700	0,3400	0,2300	0,3000	0,1800	0,6000	0,6000	13,4328	0,4176	33,1172	0,4366	0,6903	189,9207	76,8877	8003,7140	0,0000	0,0000	0,0000
109,0000	110,3977	76,5024	95,5233	40,4350	28,4767	35,1031	11,6847	11,5479	133,8881	126,8313	134,6312	127,4350	32,5955	109,6670	100,6055	174,7873	116,9455	43,9277	0,0000	0,0000	0,0000	0,0000	0,0000	0,0000	0,0000	0,0000	0,0000	0,0000	592,6826	7849,9848	15,5998	620,7548	2587,7182	7,7665	2,3800	2,4300	1,8200	4,5000	4,5000	300,0000	150,0000	1300,0000	175,0000	175,0000	3,4700	0,3400	0,2300	0,3000	0,1800	0,6000	0,6000	20,8989	3,3402	33,8953	0,4244	0,7028	189,9207	76,8877	8400,7921	0,0000	0,0000	0,0000
109,0000	111,4304	76,4540	96,0933	38,8214	28,3291	33,5625	10,8465	10,5283	138,7767	132,3261	126,6043	136,2651	33,2010	109,6670	98,7970	172,6648	118,2838	42,7845	0,0000	0,0000	0,0000	0,0000	0,0000	0,0000	0,0000	0,0000	0,0000	0,0000	556,2504	8392,0635	16,3566	606,1705	2434,3814	7,5152	2,3800	2,4300	1,8200	4,5000	4,5000	300,0000	150,0000	1300,0000	175,0000	175,0000	3,4700	0,3400	0,2300	0,3000	0,1800	0,6000	0,6000	5,0000	1,6466	34,9765	0,4278	0,6973	189,9207	76,8877	8334,7870	0,0000	0,0000	0,0000
109,0000	110,4160	76,7116	95,4171	37,6528	26,8819	32,2605	10,3578	9,2426	134,2645	138,8151	135,3481	136,5586	33,2337	107,2134	98,1394	175,6097	117,1014	41,5596	0,0000	0,0000	0,0000	0,0000	0,0000	0,0000	0,0000	0,0000	0,0000	0,0000	635,2805	8095,9891	16,0318	647,4514	2544,6156	7,7420	2,3800	2,4300	1,8200	4,5000	4,5000	300,0000	150,0000	1300,0000	175,0000	175,0000	3,4700	0,3400	0,2300	0,3000	0,1800	0,6000	0,6000	5,0000	0,0768	33,7044	0,4412	0,6900	189,9207	76,8877	8063,7891	0,0000	0,0000	0,0000
109,0000	109,3953	76,3099	94,6814	37,5910	26,3059	32,2551	10,3076	9,0244	131,9310	140,0387	139,1177	137,4408	33,0253	105,8049	99,0095	176,6627	115,9794	41,5098	0,0000	0,0000	0,0000	0,0000	0,0000	0,0000	0,0000	0,0000	0,0000	0,0000	652,3178	7869,8079	15,7188	676,9555	2601,6871	7,8715	2,3800	2,4300	1,8200	4,5000	4,5000	300,0000	150,0000	1300,0000	175,0000	175,0000	3,4700	0,3400	0,2300	0,3000	0,1800	0,6000	0,6000	8,4487	-0,2347	33,0854	0,4396	0,6879	189,9207	76,8877	7932,9819	0,0000	0,0000	0,0000
109,0000	109,8743	76,2727	95,1903	39,6589	27,4668	34,4169	11,4385	10,8736	132,7464	130,1910	138,5968	130,5456	32,6617	108,3603	100,3220	176,6888	116,3684	43,2577	0,0000	0,0000	0,0000	0,0000	0,0000	0,0000	0,0000	0,0000	0,0000	0,0000	623,6849	7769,9828	15,5265	635,8123	2618,0634	7,8345	2,3800	2,4300	1,8200	4,5000	4,5000	300,0000	150,0000	1300,0000	175,0000	175,0000	3,4700	0,3400	0,2300	0,3000	0,1800	0,6000	0,6000	22,5113	2,5129	33,6015	0,4322	0,6986	189,9207	76,8877	8251,1458	0,0000	0,0000	0,0000
109,0000	111,2191	76,7336	95,8673	40,0007	29,0860	34,5384	11,2372	11,2958	137,0136	128,6676	127,0689	132,7207	32,8657	108,4617	100,2986	171,2148	118,1416	43,9913	0,0000	0,0000	0,0000	0,0000	0,0000	0,0000	0,0000	0,0000	0,0000	0,0000	566,7315	8225,3225	16,1227	654,1570	2509,3938	7,6993	2,3800	2,4300	1,8200	4,5000	4,5000	300,0000	150,0000	1300,0000	175,0000	175,0000	3,4700	0,3400	0,2300	0,3000	0,1800	0,6000	0,6000	8,3717	2,6772	34,4855	0,4142	0,6970	189,9207	76,8877	8239,9623	0,0000	0,0000	0,0000
109,0000	110,8124	76,4179	95,6730	37,8896	27,5192	32,5483	10,4742	9,5547	136,4578	137,2795	132,6884	136,7105	33,2735	108,4617	98,1430	174,7837	117,5481	41,8094	0,0000	0,0000	0,0000	0,0000	0,0000	0,0000	0,0000	0,0000	0,0000	0,0000	611,6661	8243,9142	16,2178	629,9086	2504,9761	7,6564	2,3800	2,4300	1,8200	4,5000	4,5000	300,0000	150,0000	1300,0000	175,0000	175,0000	3,4700	0,3400	0,2300	0,3000	0,1800	0,6000	0,6000	5,0000	0,4603	34,3945	0,4385	0,6932	189,9207	76,8877	8195,5163	0,0000	0,0000	0,0000
109,0000	109,6873	76,4980	94,8501	37,5800	26,4195	32,1224	10,2245	8,9649	132,3926	140,3701	138,1579	137,3714	33,0903	106,0387	98,7132	176,7314	116,2990	41,4925	0,0000	0,0000	0,0000	0,0000	0,0000	0,0000	0,0000	0,0000	0,0000	0,0000	631,3854	7939,1004	15,7911	654,6154	2601,6687	7,8381	2,3800	2,4300	1,8200	4,5000	4,5000	300,0000	150,0000	1300,0000	175,0000	175,0000	3,4700	0,3400	0,2300	0,3000	0,1800	0,6000	0,6000	5,0000	-0,3395	33,1894	0,4415	0,6879	189,9207	76,8877	7951,3667	0,0000	0,0000	0,0000
109,0000	109,5479	75,9981	94,9217	38,7495	26,5076	33,4457	10,9827	10,0227	132,3113	134,6731	139,7507	134,5914	32,8144	107,1213	99,7760	176,7786	115,9962	42,3865	0,0000	0,0000	0,0000	0,0000	0,0000	0,0000	0,0000	0,0000	0,0000	0,0000	659,1161	7778,1605	15,5918	655,8083	2599,2260	7,8362	2,3800	2,4300	1,8200	4,5000	4,5000	300,0000	150,0000	1300,0000	175,0000	175,0000	3,4700	0,3400	0,2300	0,3000	0,1800	0,6000	0,6000	18,4910	1,2821	33,5499	0,4356	0,6937	189,9207	76,8877	8099,4490	0,0000	0,0000	0,0000
109,0000	110,9408	76,6646	95,7179	40,7846	29,3487	35,1367	11,5949	11,6835	135,1937	126,4258	130,5787	128,5546	32,6296	109,6430	100,8573	172,8062	117,5472	44,3905	0,0000	0,0000	0,0000	0,0000	0,0000	0,0000	0,0000	0,0000	0,0000	0,0000	579,0440	8010,4755	15,8196	640,3547	2566,2961	7,7638	2,3800	2,4300	1,8200	4,5000	4,5000	300,0000	150,0000	1300,0000	175,0000	175,0000	3,4700	0,3400	0,2300	0,3000	0,1800	0,6000	0,6000	15,8407	3,3608	34,2763	0,4164	0,7024	189,9207	76,8877	8394,4688	0,0000	0,0000	0,0000
109,0000	111,3314	76,3391	96,0375	38,2563	27,9897	32,9844	10,6478	10,0116	138,5301	134,8727	128,8672	136,6490	33,3129	109,6430	98,2206	173,6707	118,1382	42,1905	0,0000	0,0000	0,0000	0,0000	0,0000	0,0000	0,0000	0,0000	0,0000	0,0000	586,7218	8390,2108	16,3994	614,4436	2447,5504	7,5473	2,3800	2,4300	1,8200	4,5000	4,5000	300,0000	150,0000	1300,0000	175,0000	175,0000	3,4700	0,3400	0,2300	0,3000	0,1800	0,6000	0,6000	5,0000	1,0175	34,9924	0,4344	0,6962	189,9207	76,8877	8319,9819	0,0000	0,0000	0,0000
109,0000	110,1069	76,7353	95,1910	37,5811	26,5938	32,1564	10,2885	9,0864	133,1475	139,6559	136,8240	136,7898	33,1826	106,5469	98,3356	176,1536	116,7587	41,4870	0,0000	0,0000	0,0000	0,0000	0,0000	0,0000	0,0000	0,0000	0,0000	0,0000	634,1255	8011,8736	15,9041	649,7626	2571,8020	7,7861	2,3800	2,4300	1,8200	4,5000	4,5000	300,0000	150,0000	1300,0000	175,0000	175,0000	3,4700	0,3400	0,2300	0,3000	0,1800	0,6000	0,6000	5,0000	-0,1421	33,3715	0,4418	0,6886	189,9207	76,8877	7996,7077	0,0000	0,0000	0,0000
109,0000	109,2539	76,1526	94,7206	37,7606	26,2796	32,6377	10,5424	9,3347	131,9331	138,3564	139,6362	136,7569	32,9704	106,2169	99,2653	176,2049	115,8252	41,5513	0,0000	0,0000	0,0000	0,0000	0,0000	0,0000	0,0000	0,0000	0,0000	0,0000	638,2007	7808,6380	15,6061	647,9842	2578,6010	7,7936	2,3800	2,4300	1,8200	4,5000	4,5000	300,0000	150,0000	1300,0000	175,0000	175,0000	3,4700	0,3400	0,2300	0,3000	0,1800	0,6000	0,6000	12,3058	0,2446	33,1013	0,4366	0,6896	189,9207	76,8877	7983,8660	0,0000	0,0000	0,0000
109,0000	110,2746	76,4575	95,4600	40,2796	28,2677	35,0122	11,6669	11,4487	133,6016	127,2960	135,6018	127,6222	32,6024	109,4721	100,5463	175,2630	116,8108	43,7986	0,0000	0,0000	0,0000	0,0000	0,0000	0,0000	0,0000	0,0000	0,0000	0,0000	592,9056	7821,5250	15,5576	615,5845	2592,9156	7,7665	2,3800	2,4300	1,8200	4,5000	4,5000	300,0000	150,0000	1300,0000	175,0000	175,0000	3,4700	0,3400	0,2300	0,3000	0,1800	0,6000	0,6000	22,0259	3,2383	33,8171	0,4263	0,7022	189,9207	76,8877	8378,8035	0,0000	0,0000	0,0000
109,0000	111,3859	76,5235	96,0557	39,0283	28,4560	33,7560	10,9121	10,6858	138,5308	131,5897	126,4364	135,9326	33,1417	109,4721	99,0752	172,4021	118,2493	43,0023	0,0000	0,0000	0,0000	0,0000	0,0000	0,0000	0,0000	0,0000	0,0000	0,0000	553,8489	8367,3337	16,3160	610,9319	2443,5815	7,5361	2,3800	2,4300	1,8200	4,5000	4,5000	300,0000	150,0000	1300,0000	175,0000	175,0000	3,4700	0,3400	0,2300	0,3000	0,1800	0,6000	0,6000	5,0000	1,8433	34,8624	0,4253	0,6973	189,9207	76,8877	8320,0233	0,0000	0,0000	0,0000
109,0000	110,4894	76,6600	95,4649	37,6904	26,9853	32,3070	10,3781	9,2960	134,6629	138,5569	134,8875	136,5699	33,2421	107,4414	98,1285	175,4598	117,1837	41,5993	0,0000	0,0000	0,0000	0,0000	0,0000	0,0000	0,0000	0,0000	0,0000	0,0000	635,3717	8123,1447	16,0725	647,4160	2537,6553	7,7315	2,3800	2,4300	1,8200	4,5000	4,5000	300,0000	150,0000	1300,0000	175,0000	175,0000	3,4700	0,3400	0,2300	0,3000	0,1800	0,6000	0,6000	5,0000	0,1436	33,8294	0,4407	0,6906	189,9207	76,8877	8087,7220	0,0000	0,0000	0,0000
109,0000	109,4457	76,3454	94,6961	37,5873	26,3236	32,1987	10,2691	8,9833	132,0019	140,2680	138,9495	137,5112	33,0366	105,7696	98,9525	176,8321	116,0344	41,5048	0,0000	0,0000	0,0000	0,0000	0,0000	0,0000	0,0000	0,0000	0,0000	0,0000	629,7753	7886,9176	15,7106	657,6913	2605,9358	7,8490	2,3800	2,4300	1,8200	4,5000	4,5000	300,0000	150,0000	1300,0000	175,0000	175,0000	3,4700	0,3400	0,2300	0,3000	0,1800	0,6000	0,6000	7,6009	-0,3030	33,1002	0,4404	0,6877	189,9207	76,8877	7927,9004	0,0000	0,0000	0,0000
109,0000	109,8030	76,2250	95,1331	39,4887	27,2702	34,2292	11,3550	10,7038	132,6253	131,0803	139,0618	131,5132	32,6886	108,0765	100,2405	176,8636	116,2881	43,1008	0,0000	0,0000	0,0000	0,0000	0,0000	0,0000	0,0000	0,0000	0,0000	0,0000	626,2333	7769,2640	15,5292	636,1958	2619,9687	7,8379	2,3800	2,4300	1,8200	4,5000	4,5000	300,0000	150,0000	1300,0000	175,0000	175,0000	3,4700	0,3400	0,2300	0,3000	0,1800	0,6000	0,6000	22,1008	2,2769	33,5780	0,4332	0,6975	189,9207	76,8877	8217,2737	0,0000	0,0000	0,0000
109,0000	111,2466	76,7569	95,8336	40,2709	29,2772	34,7083	11,3230	11,4215	136,6161	128,0234	127,5229	131,6826	32,8010	108,7372	100,5541	170,8488	118,0116	44,2496	0,0000	0,0000	0,0000	0,0000	0,0000	0,0000	0,0000	0,0000	0,0000	0,0000	558,1331	8183,1313	16,0467	645,7144	2524,9662	7,7099	2,3800	2,4300	1,8200	4,5000	4,5000	300,0000	150,0000	1300,0000	175,0000	175,0000	3,4700	0,3400	0,2300	0,3000	0,1800	0,6000	0,6000	9,6300	2,8682	34,4898	0,4114	0,6983	189,9207	76,8877	8277,0551	0,0000	0,0000	0,0000
109,0000	110,9184	76,3781	95,7458	37,9511	27,6771	32,6225	10,5040	9,6343	136,9364	136,8710	132,0082	136,7281	33,2853	108,7372	98,1490	174,5824	117,6674	41,8738	0,0000	0,0000	0,0000	0,0000	0,0000	0,0000	0,0000	0,0000	0,0000	0,0000	611,7462	8277,5923	16,2683	630,2684	2494,8193	7,6417	2,3800	2,4300	1,8200	4,5000	4,5000	300,0000	150,0000	1300,0000	175,0000	175,0000	3,4700	0,3400	0,2300	0,3000	0,1800	0,6000	0,6000	5,0000	0,5571	34,5403	0,4378	0,6939	189,9207	76,8877	8224,2608	0,0000	0,0000	0,0000
109,0000	109,7664	76,5487	94,9151	37,5786	26,4493	32,1270	10,2352	8,9860	132,5177	140,2561	137,9213	137,2583	33,1083	106,1256	98,6423	176,6242	116,3855	41,4897	0,0000	0,0000	0,0000	0,0000	0,0000	0,0000	0,0000	0,0000	0,0000	0,0000	631,9332	7951,8501	15,8110	653,7065	2596,2386	7,8286	2,3800	2,4300	1,8200	4,5000	4,5000	300,0000	150,0000	1300,0000	175,0000	175,0000	3,4700	0,3400	0,2300	0,3000	0,1800	0,6000	0,6000	5,0000	-0,3052	33,2177	0,4415	0,6880	189,9207	76,8877	7958,8820	0,0000	0,0000	0,0000
109,0000	109,4771	75,9694	94,8713	38,5520	26,3100	33,2540	10,8823	9,8582	132,2367	135,5483	139,7773	135,1761	32,8479	106,9122	99,6548	176,6721	115,9145	42,1905	0,0000	0,0000	0,0000	0,0000	0,0000	0,0000	0,0000	0,0000	0,0000	0,0000	661,9624	7779,9587	15,5987	656,1852	2590,3440	7,8235	2,3800	2,4300	1,8200	4,5000	4,5000	300,0000	150,0000	1300,0000	175,0000	175,0000	3,4700	0,3400	0,2300	0,3000	0,1800	0,6000	0,6000	17,1008	1,0346	33,5077	0,4359	0,6928	189,9207	76,8877	8073,0013	0,0000	0,0000	0,0000
109,0000	110,8041	76,6277	95,6795	40,7717	29,1219	35,1746	11,6384	11,6875	134,8472	126,3220	131,5742	128,0523	32,6113	109,7676	100,8194	173,3168	117,3883	44,3131	0,0000	0,0000	0,0000	0,0000	0,0000	0,0000	0,0000	0,0000	0,0000	0,0000	596,0712	7963,2499	15,7744	641,9364	2570,4745	7,7724	2,3800	2,4300	1,8200	4,5000	4,5000	300,0000	150,0000	1300,0000	175,0000	175,0000	3,4700	0,3400	0,2300	0,3000	0,1800	0,6000	0,6000	17,2308	3,4085	34,1764	0,4183	0,7029	189,9207	76,8877	8410,0320	0,0000	0,0000	0,0000
109,0000	111,4025	76,3521	96,0865	38,3668	28,0553	33,1058	10,6922	10,1282	138,7735	134,2735	128,1166	136,6041	33,3034	109,7676	98,2967	173,4181	118,2230	42,3061	0,0000	0,0000	0,0000	0,0000	0,0000	0,0000	0,0000	0,0000	0,0000	0,0000	585,9254	8405,7704	16,4215	616,0842	2438,3652	7,5360	2,3800	2,4300	1,8200	4,5000	4,5000	300,0000	150,0000	1300,0000	175,0000	175,0000	3,4700	0,3400	0,2300	0,3000	0,1800	0,6000	0,6000	5,0000	1,1592	35,0504	0,4332	0,6966	189,9207	76,8877	8334,5952	0,0000	0,0000	0,0000
109,0000	110,1924	76,7592	95,2574	37,5896	26,6494	32,1726	10,3047	9,1192	133,3707	139,4655	136,4908	136,6937	33,1993	106,6866	98,2663	176,0217	116,8529	41,4948	0,0000	0,0000	0,0000	0,0000	0,0000	0,0000	0,0000	0,0000	0,0000	0,0000	634,5728	8030,4894	15,9327	648,8965	2564,9665	7,7746	2,3800	2,4300	1,8200	4,5000	4,5000	300,0000	150,0000	1300,0000	175,0000	175,0000	3,4700	0,3400	0,2300	0,3000	0,1800	0,6000	0,6000	5,0000	-0,0923	33,4332	0,4417	0,6888	189,9207	76,8877	8010,1134	0,0000	0,0000	0,0000
109,0000	109,2854	76,1975	94,6958	37,6147	26,2808	32,5165	10,4713	9,2342	131,8743	138,8992	139,5308	137,0004	32,9999	106,0826	99,1923	176,0737	115,8594	41,5381	0,0000	0,0000	0,0000	0,0000	0,0000	0,0000	0,0000	0,0000	0,0000	0,0000	643,8430	7820,2046	15,6318	656,6339	2582,7845	7,8128	2,3800	2,4300	1,8200	4,5000	4,5000	300,0000	150,0000	1300,0000	175,0000	175,0000	3,4700	0,3400	0,2300	0,3000	0,1800	0,6000	0,6000	11,2395	0,0917	33,0879	0,4366	0,6889	189,9207	76,8877	7966,0128	0,0000	0,0000	0,0000
109,0000	110,1560	76,4066	95,3870	40,1251	28,0569	34,8875	11,6269	11,3222	133,3418	127,9121	136,5085	128,1481	32,6112	109,2210	100,4937	175,7099	116,6805	43,6682	0,0000	0,0000	0,0000	0,0000	0,0000	0,0000	0,0000	0,0000	0,0000	0,0000	594,7930	7800,6123	15,5291	615,6061	2600,5494	7,7780	2,3800	2,4300	1,8200	4,5000	4,5000	300,0000	150,0000	1300,0000	175,0000	175,0000	3,4700	0,3400	0,2300	0,3000	0,1800	0,6000	0,6000	23,0922	3,0915	33,7494	0,4281	0,7014	189,9207	76,8877	8350,4697	0,0000	0,0000	0,0000
109,0000	111,3259	76,6126	96,0072	39,2545	28,5966	33,9612	10,9898	10,8504	138,1992	130,8164	126,4366	135,2973	33,0733	109,2210	99,3806	172,1254	118,2001	43,2386	0,0000	0,0000	0,0000	0,0000	0,0000	0,0000	0,0000	0,0000	0,0000	0,0000	525,9554	8335,8547	16,2271	597,1699	2457,2961	7,5360	2,3800	2,4300	1,8200	4,5000	4,5000	300,0000	150,0000	1300,0000	175,0000	175,0000	3,4700	0,3400	0,2300	0,3000	0,1800	0,6000	0,6000	5,0000	2,0586	34,7134	0,4226	0,6972	189,9207	76,8877	8300,1033	0,0000	0,0000	0,0000
109,0000	110,5586	76,5967	95,5080	37,7331	27,1058	32,3595	10,3997	9,3536	135,0841	138,2787	134,3894	136,5987	33,2480	107,6794	98,1240	175,3004	117,2619	41,6444	0,0000	0,0000	0,0000	0,0000	0,0000	0,0000	0,0000	0,0000	0,0000	0,0000	611,6185	8150,9391	16,0786	629,0526	2530,0829	7,6927	2,3800	2,4300	1,8200	4,5000	4,5000	300,0000	150,0000	1300,0000	175,0000	175,0000	3,4700	0,3400	0,2300	0,3000	0,1800	0,6000	0,6000	5,0000	0,2157	33,9619	0,4403	0,6912	189,9207	76,8877	8113,0171	0,0000	0,0000	0,0000
109,0000	109,4948	76,3777	94,7153	37,5841	26,3437	32,1572	10,2406	8,9562	132,0785	140,4164	138,7677	137,5382	33,0471	105,8223	98,8935	176,9103	116,0883	41,5003	0,0000	0,0000	0,0000	0,0000	0,0000	0,0000	0,0000	0,0000	0,0000	0,0000	630,0800	7901,0233	15,7322	656,9248	2607,7516	7,8506	2,3800	2,4300	1,8200	4,5000	4,5000	300,0000	150,0000	1300,0000	175,0000	175,0000	3,4700	0,3400	0,2300	0,3000	0,1800	0,6000	0,6000	6,8048	-0,3480	33,1171	0,4410	0,6877	189,9207	76,8877	7932,5006	0,0000	0,0000	0,0000
109,0000	109,7323	76,1702	95,0744	39,3099	27,0744	34,0339	11,2660	10,5302	132,5228	131,9911	139,4004	132,4370	32,7170	107,8058	100,1379	176,9475	116,2081	42,9322	0,0000	0,0000	0,0000	0,0000	0,0000	0,0000	0,0000	0,0000	0,0000	0,0000	628,8384	7769,9677	15,5342	636,4077	2618,8806	7,8366	2,3800	2,4300	1,8200	4,5000	4,5000	300,0000	150,0000	1300,0000	175,0000	175,0000	3,4700	0,3400	0,2300	0,3000	0,1800	0,6000	0,6000	21,1932	2,0306	33,5621	0,4341	0,6965	189,9207	76,8877	8184,6777	0,0000	0,0000	0,0000
109,0000	111,1685	76,7707	95,8030	40,5420	29,4816	34,8558	11,4049	11,5251	136,2359	127,4596	128,0912	130,6973	32,7398	109,0002	100,7444	171,3226	117,8941	44,3844	0,0000	0,0000	0,0000	0,0000	0,0000	0,0000	0,0000	0,0000	0,0000	0,0000	550,6552	8141,0831	15,9726	638,6509	2537,7101	7,7184	2,3800	2,4300	1,8200	4,5000	4,5000	300,0000	150,0000	1300,0000	175,0000	175,0000	3,4700	0,3400	0,2300	0,3000	0,1800	0,6000	0,6000	11,3337	3,0372	34,3978	0,4120	0,6996	189,9207	76,8877	8312,3837	0,0000	0,0000	0,0000
109,0000	111,0268	76,3500	95,8213	38,0168	27,8492	32,7022	10,5364	9,7194	137,3938	136,4209	131,2724	136,7314	33,2962	109,0002	98,1538	174,3675	117,7898	41,9421	0,0000	0,0000	0,0000	0,0000	0,0000	0,0000	0,0000	0,0000	0,0000	0,0000	611,7658	8310,1171	16,3170	630,6963	2483,4016	7,6253	2,3800	2,4300	1,8200	4,5000	4,5000	300,0000	150,0000	1300,0000	175,0000	175,0000	3,4700	0,3400	0,2300	0,3000	0,1800	0,6000	0,6000	5,0000	0,6616	34,6768	0,4371	0,6945	189,9207	76,8877	8251,7314	0,0000	0,0000	0,0000
109,0000	109,8474	76,5998	94,9816	37,5771	26,4811	32,1319	10,2471	9,0082	132,6489	140,1261	137,6700	137,1399	33,1264	106,2160	98,5661	176,5116	116,4742	41,4868	0,0000	0,0000	0,0000	0,0000	0,0000	0,0000	0,0000	0,0000	0,0000	0,0000	632,4749	7965,0863	15,8317	652,7230	2590,4440	7,8184	2,3800	2,4300	1,8200	4,5000	4,5000	300,0000	150,0000	1300,0000	175,0000	175,0000	3,4700	0,3400	0,2300	0,3000	0,1800	0,6000	0,6000	5,0000	-0,2681	33,2476	0,4416	0,6881	189,9207	76,8877	7966,7615	0,0000	0,0000	0,0000
109,0000	109,3962	76,0132	94,8237	38,3532	26,2866	33,0761	10,7871	9,7059	132,1550	136,3610	139,7788	135,6821	32,8798	106,7129	99,5422	176,5603	115,8211	41,9918	0,0000	0,0000	0,0000	0,0000	0,0000	0,0000	0,0000	0,0000	0,0000	0,0000	664,7773	7783,3505	15,6080	656,6986	2582,1417	7,8120	2,3800	2,4300	1,8200	4,5000	4,5000	300,0000	150,0000	1300,0000	175,0000	175,0000	3,4700	0,3400	0,2300	0,3000	0,1800	0,6000	0,6000	15,7820	0,8054	33,3830	0,4362	0,6919	189,9207	76,8877	8047,8117	0,0000	0,0000	0,0000
109,0000	110,6601	76,5870	95,6339	40,7423	28,8955	35,1817	11,6688	11,6651	134,5154	126,3566	132,6178	127,6856	32,5950	109,8141	100,7540	173,8264	117,2317	44,1792	0,0000	0,0000	0,0000	0,0000	0,0000	0,0000	0,0000	0,0000	0,0000	0,0000	593,7878	7919,8008	15,7060	634,5564	2575,6187	7,7691	2,3800	2,4300	1,8200	4,5000	4,5000	300,0000	150,0000	1300,0000	175,0000	175,0000	3,4700	0,3400	0,2300	0,3000	0,1800	0,6000	0,6000	18,5497	3,4213	34,0731	0,4204	0,7032	189,9207	76,8877	8416,8892	0,0000	0,0000	0,0000
109,0000	111,4438	76,3761	96,1129	38,4987	28,1339	33,2438	10,7402	10,2546	138,8975	133,6411	127,4587	136,5404	33,2816	109,8141	98,4175	173,1629	118,2767	42,4445	0,0000	0,0000	0,0000	0,0000	0,0000	0,0000	0,0000	0,0000	0,0000	0,0000	584,7226	8411,4332	16,4282	618,3755	2432,6777	7,5309	2,3800	2,4300	1,8200	4,5000	4,5000	300,0000	150,0000	1300,0000	175,0000	175,0000	3,4700	0,3400	0,2300	0,3000	0,1800	0,6000	0,6000	5,0000	1,3127	35,0676	0,4316	0,6969	189,9207	76,8877	8342,0436	0,0000	0,0000	0,0000
109,0000	110,2726	76,7636	95,3174	37,6041	26,7162	32,1953	10,3218	9,1563	133,6309	139,2597	136,1311	136,6212	33,2133	106,8439	98,2086	175,8850	116,9417	41,5092	0,0000	0,0000	0,0000	0,0000	0,0000	0,0000	0,0000	0,0000	0,0000	0,0000	634,9110	8050,7013	15,9634	648,1955	2558,0735	7,7632	2,3800	2,4300	1,8200	4,5000	4,5000	300,0000	150,0000	1300,0000	175,0000	175,0000	3,4700	0,3400	0,2300	0,3000	0,1800	0,6000	0,6000	5,0000	-0,0386	33,5090	0,4416	0,6891	189,9207	76,8877	8025,7393	0,0000	0,0000	0,0000
109,0000	109,3184	76,2387	94,6828	37,6046	26,2853	32,4108	10,4074	9,1479	131,8689	139,3660	139,3973	137,1903	33,0086	105,9612	99,1299	176,0960	115,8954	41,5263	0,0000	0,0000	0,0000	0,0000	0,0000	0,0000	0,0000	0,0000	0,0000	0,0000	647,1784	7835,4000	15,6596	664,8042	2588,4114	7,8335	2,3800	2,4300	1,8200	4,5000	4,5000	300,0000	150,0000	1300,0000	175,0000	175,0000	3,4700	0,3400	0,2300	0,3000	0,1800	0,6000	0,6000	10,2315	-0,0405	33,0797	0,4371	0,6885	189,9207	76,8877	7951,8342	0,0000	0,0000	0,0000
109,0000	110,0477	76,3617	95,3149	39,9695	27,8492	34,7401	11,5710	11,1773	133,0985	128,6319	137,3350	128,9010	32,6239	108,9379	100,4423	176,1139	116,5611	43,5345	0,0000	0,0000	0,0000	0,0000	0,0000	0,0000	0,0000	0,0000	0,0000	0,0000	596,8216	7785,2504	15,5092	615,8312	2608,7735	7,7906	2,3800	2,4300	1,8200	4,5000	4,5000	300,0000	150,0000	1300,0000	175,0000	175,0000	3,4700	0,3400	0,2300	0,3000	0,1800	0,6000	0,6000	22,9474	2,9120	33,6860	0,4297	0,7005	189,9207	76,8877	8318,2222	0,0000	0,0000	0,0000
109,0000	111,2715	76,7227	95,9582	39,4982	28,7516	34,1685	11,0747	11,0137	137,8148	130,0422	126,5365	134,4728	33,0019	108,9379	99,7028	171,8359	118,1593	43,4900	0,0000	0,0000	0,0000	0,0000	0,0000	0,0000	0,0000	0,0000	0,0000	0,0000	523,2784	8301,3631	16,1715	603,4449	2473,7525	7,5700	2,3800	2,4300	1,8200	4,5000	4,5000	300,0000	150,0000	1300,0000	175,0000	175,0000	3,4700	0,3400	0,2300	0,3000	0,1800	0,6000	0,6000	6,1527	2,2794	34,5488	0,4198	0,6971	189,9207	76,8877	8277,0211	0,0000	0,0000	0,0000
109,0000	110,6358	76,5301	95,5568	37,7820	27,2375	32,4188	10,4233	9,4168	135,5355	137,9680	133,8525	136,6393	33,2551	107,9352	98,1279	175,1344	117,3491	41,6961	0,0000	0,0000	0,0000	0,0000	0,0000	0,0000	0,0000	0,0000	0,0000	0,0000	611,5987	8181,0004	16,1235	629,2788	2522,1305	7,6811	2,3800	2,4300	1,8200	4,5000	4,5000	300,0000	150,0000	1300,0000	175,0000	175,0000	3,4700	0,3400	0,2300	0,3000	0,1800	0,6000	0,6000	5,0000	0,2933	34,1057	0,4397	0,6919	189,9207	76,8877	8140,1284	0,0000	0,0000	0,0000
109,0000	109,5526	76,4139	94,7481	37,5822	26,3672	32,1313	10,2231	8,9447	132,1728	140,4777	138,5732	137,5238	33,0598	105,8870	98,8348	176,9030	116,1516	41,4973	0,0000	0,0000	0,0000	0,0000	0,0000	0,0000	0,0000	0,0000	0,0000	0,0000	630,4591	7914,5348	15,7530	656,1698	2607,8361	7,8496	2,3800	2,4300	1,8200	4,5000	4,5000	300,0000	150,0000	1300,0000	175,0000	175,0000	3,4700	0,3400	0,2300	0,3000	0,1800	0,6000	0,6000	6,0590	-0,3690	33,1387	0,4413	0,6878	189,9207	76,8877	7938,1663	0,0000	0,0000	0,0000
109,0000	109,6679	76,1135	95,0207	39,1232	26,8796	33,8345	11,1741	10,3567	132,4431	132,9049	139,6106	133,2508	32,7486	107,5543	100,0202	176,9457	116,1345	42,7528	0,0000	0,0000	0,0000	0,0000	0,0000	0,0000	0,0000	0,0000	0,0000	0,0000	631,5723	7772,3495	15,5419	636,5986	2614,3825	7,8301	2,3800	2,4300	1,8200	4,5000	4,5000	300,0000	150,0000	1300,0000	175,0000	175,0000	3,4700	0,3400	0,2300	0,3000	0,1800	0,6000	0,6000	20,3208	1,7795	33,5544	0,4347	0,6955	189,9207	76,8877	8153,8250	0,0000	0,0000	0,0000
109,0000	111,0755	76,7312	95,7767	40,7837	29,7015	34,9775	11,4789	11,6033	135,8810	126,9966	128,8156	129,8408	32,6839	109,2451	100,8504	171,8278	117,7949	44,3962	0,0000	0,0000	0,0000	0,0000	0,0000	0,0000	0,0000	0,0000	0,0000	0,0000	543,8256	8098,8725	15,8992	631,0368	2549,5538	7,7248	2,3800	2,4300	1,8200	4,5000	4,5000	300,0000	150,0000	1300,0000	175,0000	175,0000	3,4700	0,3400	0,2300	0,3000	0,1800	0,6000	0,6000	12,9519	3,1774	34,3443	0,4131	0,7008	189,9207	76,8877	8345,1728	0,0000	0,0000	0,0000
109,0000	111,1374	76,3403	95,8998	38,0888	27,8909	32,7888	10,5717	9,8113	137,8205	135,9300	130,4740	136,7158	33,3060	109,2451	98,1624	174,1401	117,9151	42,0168	0,0000	0,0000	0,0000	0,0000	0,0000	0,0000	0,0000	0,0000	0,0000	0,0000	587,3479	8340,5167	16,3260	612,6141	2471,1833	7,5799	2,3800	2,4300	1,8200	4,5000	4,5000	300,0000	150,0000	1300,0000	175,0000	175,0000	3,4700	0,3400	0,2300	0,3000	0,1800	0,6000	0,6000	5,0000	0,7743	34,7971	0,4363	0,6951	189,9207	76,8877	8277,3589	0,0000	0,0000	0,0000
109,0000	109,9326	76,6511	95,0512	37,5763	26,5162	32,1378	10,2602	9,0321	132,7938	139,9810	137,4020	137,0186	33,1452	106,3146	98,4865	176,3943	116,5675	41,4846	0,0000	0,0000	0,0000	0,0000	0,0000	0,0000	0,0000	0,0000	0,0000	0,0000	633,0341	7979,4072	15,8539	651,6979	2584,3102	7,8077	2,3800	2,4300	1,8200	4,5000	4,5000	300,0000	150,0000	1300,0000	175,0000	175,0000	3,4700	0,3400	0,2300	0,3000	0,1800	0,6000	0,6000	5,0000	-0,2281	33,2815	0,4417	0,6882	189,9207	76,8877	7975,4632	0,0000	0,0000	0,0000
109,0000	109,3076	76,0592	94,7813	38,1527	26,2831	32,9123	10,6977	9,5661	132,0716	137,1092	139,7560	136,1152	32,9109	106,5264	99,4384	176,4439	115,7599	41,7903	0,0000	0,0000	0,0000	0,0000	0,0000	0,0000	0,0000	0,0000	0,0000	0,0000	625,4763	7789,9567	15,5591	626,5284	2577,4523	7,7598	2,3800	2,4300	1,8200	4,5000	4,5000	300,0000	150,0000	1300,0000	175,0000	175,0000	3,4700	0,3400	0,2300	0,3000	0,1800	0,6000	0,6000	14,5313	0,5950	33,2484	0,4364	0,6911	189,9207	76,8877	8024,0959	0,0000	0,0000	0,0000
109,0000	110,5208	76,5438	95,5792	40,5811	28,6784	35,1571	11,6846	11,6165	134,1817	126,5347	133,6861	127,4770	32,5923	109,7791	100,6700	174,3310	117,0799	44,0477	0,0000	0,0000	0,0000	0,0000	0,0000	0,0000	0,0000	0,0000	0,0000	0,0000	592,9930	7881,1484	15,6469	627,1470	2581,9973	7,7675	2,3800	2,4300	1,8200	4,5000	4,5000	300,0000	150,0000	1300,0000	175,0000	175,0000	3,4700	0,3400	0,2300	0,3000	0,1800	0,6000	0,6000	19,8004	3,3973	33,9770	0,4225	0,7031	189,9207	76,8877	8413,3557	0,0000	0,0000	0,0000
109,0000	111,4520	76,4094	96,1140	38,6541	28,2275	33,4005	10,7927	10,3918	138,8982	132,9745	126,9297	136,4356	33,2462	109,7791	98,5884	172,9044	118,2960	42,6080	0,0000	0,0000	0,0000	0,0000	0,0000	0,0000	0,0000	0,0000	0,0000	0,0000	558,1664	8406,5965	16,3812	602,5934	2430,9707	7,5047	2,3800	2,4300	1,8200	4,5000	4,5000	300,0000	150,0000	1300,0000	175,0000	175,0000	3,4700	0,3400	0,2300	0,3000	0,1800	0,6000	0,6000	5,0000	1,4794	35,0426	0,4298	0,6972	189,9207	76,8877	8342,0851	0,0000	0,0000	0,0000
109,0000	110,3491	76,7466	95,3720	37,6256	26,7960	32,2252	10,3400	9,1986	133,9386	139,0372	135,7395	136,5739	33,2250	107,0252	98,1648	175,7437	117,0267	41,5313	0,0000	0,0000	0,0000	0,0000	0,0000	0,0000	0,0000	0,0000	0,0000	0,0000	635,1526	8073,2124	15,9975	647,6969	2551,0898	7,7520	2,3800	2,4300	1,8200	4,5000	4,5000	300,0000	150,0000	1300,0000	175,0000	175,0000	3,4700	0,3400	0,2300	0,3000	0,1800	0,6000	0,6000	5,0000	0,0192	33,6025	0,4414	0,6896	189,9207	76,8877	8044,2188	0,0000	0,0000	0,0000
109,0000	109,3562	76,2771	94,6783	37,5965	26,2939	32,3221	10,3515	9,0767	131,8901	139,7535	139,2587	137,3394	33,0168	105,8672	99,0655	176,4278	115,9367	41,5166	0,0000	0,0000	0,0000	0,0000	0,0000	0,0000	0,0000	0,0000	0,0000	0,0000	650,4824	7852,6414	15,6903	672,9971	2595,2264	7,8559	2,3800	2,4300	1,8200	4,5000	4,5000	300,0000	150,0000	1300,0000	175,0000	175,0000	3,4700	0,3400	0,2300	0,3000	0,1800	0,6000	0,6000	9,2801	-0,1515	33,0791	0,4385	0,6881	189,9207	76,8877	7940,6920	0,0000	0,0000	0,0000
109,0000	109,9522	76,3165	95,2482	39,8106	27,6513	34,5788	11,5064	11,0235	132,8962	129,4154	138,0489	129,7230	32,6414	108,6389	100,3847	176,4496	116,4552	43,3944	0,0000	0,0000	0,0000	0,0000	0,0000	0,0000	0,0000	0,0000	0,0000	0,0000	621,5056	7775,1695	15,5310	635,4462	2614,6942	7,8289	2,3800	2,4300	1,8200	4,5000	4,5000	300,0000	150,0000	1300,0000	175,0000	175,0000	3,4700	0,3400	0,2300	0,3000	0,1800	0,6000	0,6000	22,7461	2,7136	33,6357	0,4311	0,6995	189,9207	76,8877	8283,7265	0,0000	0,0000	0,0000
109,0000	111,2327	76,7231	95,9089	39,7547	28,9194	34,3660	11,1591	11,1660	137,4022	129,3085	126,7547	133,5919	32,9303	108,6389	100,0214	171,5249	118,1395	43,7492	0,0000	0,0000	0,0000	0,0000	0,0000	0,0000	0,0000	0,0000	0,0000	0,0000	495,0486	8264,1459	16,0735	591,0588	2492,5307	7,5796	2,3800	2,4300	1,8200	4,5000	4,5000	300,0000	150,0000	1300,0000	175,0000	175,0000	3,4700	0,3400	0,2300	0,3000	0,1800	0,6000	0,6000	7,3055	2,4907	34,5096	0,4169	0,6969	189,9207	76,8877	8252,2395	0,0000	0,0000	0,0000
109,0000	110,7229	76,4678	95,6133	37,8359	27,3761	32,4835	10,4487	9,4858	136,0092	137,6260	133,2697	136,6783	33,2639	108,2049	98,1353	174,9579	117,4472	41,7530	0,0000	0,0000	0,0000	0,0000	0,0000	0,0000	0,0000	0,0000	0,0000	0,0000	611,6179	8213,0371	16,1715	629,5704	2513,6745	7,6689	2,3800	2,4300	1,8200	4,5000	4,5000	300,0000	150,0000	1300,0000	175,0000	175,0000	3,4700	0,3400	0,2300	0,3000	0,1800	0,6000	0,6000	5,0000	0,3770	34,2550	0,4391	0,6926	189,9207	76,8877	8168,5744	0,0000	0,0000	0,0000
109,0000	109,6188	76,4552	94,7947	37,5810	26,3933	32,1204	10,2178	8,9485	132,2810	140,4562	138,3645	137,4646	33,0747	105,9616	98,7734	176,8256	116,2241	41,4947	0,0000	0,0000	0,0000	0,0000	0,0000	0,0000	0,0000	0,0000	0,0000	0,0000	630,9091	7927,7546	15,7734	655,3848	2606,1251	7,8459	2,3800	2,4300	1,8200	4,5000	4,5000	300,0000	150,0000	1300,0000	175,0000	175,0000	3,4700	0,3400	0,2300	0,3000	0,1800	0,6000	0,6000	5,3624	-0,3650	33,1637	0,4414	0,6879	189,9207	76,8877	7944,6673	0,0000	0,0000	0,0000
109,0000	109,6054	76,0538	94,9686	38,9292	26,6845	33,6313	11,0778	10,1827	132,3742	133,8245	139,7143	133,9694	32,7822	107,3192	99,8894	176,8719	116,0626	42,5634	0,0000	0,0000	0,0000	0,0000	0,0000	0,0000	0,0000	0,0000	0,0000	0,0000	656,4474	7775,3959	15,5836	655,5493	2607,0861	7,8476	2,3800	2,4300	1,8200	4,5000	4,5000	300,0000	150,0000	1300,0000	175,0000	175,0000	3,4700	0,3400	0,2300	0,3000	0,1800	0,6000	0,6000	19,4807	1,5231	33,5516	0,4352	0,6945	189,9207	76,8877	8124,5392	0,0000	0,0000	0,0000
109,0000	110,9961	76,6955	95,7466	40,7875	29,5662	35,0738	11,5439	11,6562	135,5197	126,6445	129,7061	129,1234	32,6479	109,4671	100,8654	172,3334	117,6942	44,3967	0,0000	0,0000	0,0000	0,0000	0,0000	0,0000	0,0000	0,0000	0,0000	0,0000	585,3721	8053,2423	15,8931	657,7440	2559,7094	7,7799	2,3800	2,4300	1,8200	4,5000	4,5000	300,0000	150,0000	1300,0000	175,0000	175,0000	3,4700	0,3400	0,2300	0,3000	0,1800	0,6000	0,6000	14,4886	3,2873	34,3005	0,4147	0,7018	189,9207	76,8877	8373,2960	0,0000	0,0000	0,0000
109,0000	111,2422	76,3349	95,9741	38,1690	27,9380	32,8847	10,6097	9,9110	138,2126	135,3998	129,6241	136,6851	33,3120	109,4671	98,1799	173,8987	118,0349	42,0997	0,0000	0,0000	0,0000	0,0000	0,0000	0,0000	0,0000	0,0000	0,0000	0,0000	587,1107	8368,1701	16,3670	613,3857	2458,0616	7,5614	2,3800	2,4300	1,8200	4,5000	4,5000	300,0000	150,0000	1300,0000	175,0000	175,0000	3,4700	0,3400	0,2300	0,3000	0,1800	0,6000	0,6000	5,0000	0,8961	34,9073	0,4354	0,6957	189,9207	76,8877	8300,9104	0,0000	0,0000	0,0000
109,0000	110,0209	76,6978	95,1225	37,5770	26,5502	32,1454	10,2743	9,0585	132,9620	139,8206	137,1110	136,8935	33,1643	106,4264	98,4056	176,2710	116,6643	41,4840	0,0000	0,0000	0,0000	0,0000	0,0000	0,0000	0,0000	0,0000	0,0000	0,0000	633,5958	7995,2516	15,8785	650,6441	2577,9808	7,7967	2,3800	2,4300	1,8200	4,5000	4,5000	300,0000	150,0000	1300,0000	175,0000	175,0000	3,4700	0,3400	0,2300	0,3000	0,1800	0,6000	0,6000	5,0000	-0,1850	33,3231	0,4417	0,6884	189,9207	76,8877	7985,5647	0,0000	0,0000	0,0000
109,0000	109,2221	76,1066	94,7453	37,9500	26,2803	32,7626	10,6141	9,4394	131,9926	137,7905	139,7065	136,4780	32,9415	106,3553	99,3431	176,3214	115,7907	41,5861	0,0000	0,0000	0,0000	0,0000	0,0000	0,0000	0,0000	0,0000	0,0000	0,0000	632,4746	7798,6047	15,5825	638,7750	2576,6183	7,7769	2,3800	2,4300	1,8200	4,5000	4,5000	300,0000	150,0000	1300,0000	175,0000	175,0000	3,4700	0,3400	0,2300	0,3000	0,1800	0,6000	0,6000	13,3461	0,4039	33,1156	0,4366	0,6903	189,9207	76,8877	8002,1105	0,0000	0,0000	0,0000
109,0000	110,3877	76,4988	95,5183	40,4232	28,4605	35,0974	11,6840	11,5413	133,8649	126,8609	134,7059	127,4395	32,5957	109,6545	100,6006	174,8236	116,9346	43,9180	0,0000	0,0000	0,0000	0,0000	0,0000	0,0000	0,0000	0,0000	0,0000	0,0000	592,6568	7847,6048	15,5962	620,2483	2588,1496	7,7664	2,3800	2,4300	1,8200	4,5000	4,5000	300,0000	150,0000	1300,0000	175,0000	175,0000	3,4700	0,3400	0,2300	0,3000	0,1800	0,6000	0,6000	20,9856	3,3341	33,8890	0,4246	0,7027	189,9207	76,8877	8399,4035	0,0000	0,0000	0,0000
109,0000	111,4274	76,4581	96,0906	38,8360	28,3379	33,5763	10,8511	10,5397	138,7617	132,2722	126,5851	136,2465	33,1968	109,6545	98,8159	172,6451	118,2815	42,7998	0,0000	0,0000	0,0000	0,0000	0,0000	0,0000	0,0000	0,0000	0,0000	0,0000	556,0778	8390,4582	16,3539	606,4935	2434,8725	7,5164	2,3800	2,4300	1,8200	4,5000	4,5000	300,0000	150,0000	1300,0000	175,0000	175,0000	3,4700	0,3400	0,2300	0,3000	0,1800	0,6000	0,6000	5,0000	1,6608	34,9693	0,4276	0,6973	189,9207	76,8877	8333,8862	0,0000	0,0000	0,0000
109,0000	110,4211	76,7079	95,4205	37,6553	26,8894	32,2637	10,3592	9,2463	134,2924	138,7963	135,3150	136,5585	33,2342	107,2293	98,1379	175,5985	117,1072	41,5622	0,0000	0,0000	0,0000	0,0000	0,0000	0,0000	0,0000	0,0000	0,0000	0,0000	635,2852	8097,8940	16,0346	647,4395	2544,0845	7,7411	2,3800	2,4300	1,8200	4,5000	4,5000	300,0000	150,0000	1300,0000	175,0000	175,0000	3,4700	0,3400	0,2300	0,3000	0,1800	0,6000	0,6000	5,0000	0,0816	33,7133	0,4411	0,6901	189,9207	76,8877	8065,4648	0,0000	0,0000	0,0000
109,0000	109,3985	76,3124	94,6819	37,5906	26,3070	32,2503	10,3044	9,0208	131,9351	140,0587	139,1056	137,4474	33,0260	105,8008	99,0050	176,6783	115,9829	41,5093	0,0000	0,0000	0,0000	0,0000	0,0000	0,0000	0,0000	0,0000	0,0000	0,0000	652,3388	7871,1175	15,7207	676,8950	2602,1030	7,8721	2,3800	2,4300	1,8200	4,5000	4,5000	300,0000	150,0000	1300,0000	175,0000	175,0000	3,4700	0,3400	0,2300	0,3000	0,1800	0,6000	0,6000	8,3832	-0,2406	33,0861	0,4396	0,6878	189,9207	76,8877	7932,4556	0,0000	0,0000	0,0000
109,0000	109,8683	76,2690	95,1857	39,6464	27,4519	34,4032	11,4326	10,8611	132,7357	130,2559	138,6362	130,6152	32,6635	108,3380	100,3163	176,7049	116,3617	43,2463	0,0000	0,0000	0,0000	0,0000	0,0000	0,0000	0,0000	0,0000	0,0000	0,0000	623,8667	7769,7176	15,5264	635,8406	2618,2478	7,8348	2,3800	2,4300	1,8200	4,5000	4,5000	300,0000	150,0000	1300,0000	175,0000	175,0000	3,4700	0,3400	0,2300	0,3000	0,1800	0,6000	0,6000	22,4903	2,4959	33,5992	0,4323	0,6985	189,9207	76,8877	8248,5241	0,0000	0,0000	0,0000
109,0000	111,2189	76,7348	95,8642	40,0210	29,1000	34,5518	11,2436	11,3057	136,9825	128,6173	127,0987	132,6468	32,8606	108,4825	100,3197	171,1885	118,1310	44,0109	0,0000	0,0000	0,0000	0,0000	0,0000	0,0000	0,0000	0,0000	0,0000	0,0000	566,0242	8222,0981	16,1168	653,4401	2510,6697	7,7001	2,3800	2,4300	1,8200	4,5000	4,5000	300,0000	150,0000	1300,0000	175,0000	175,0000	3,4700	0,3400	0,2300	0,3000	0,1800	0,6000	0,6000	8,4582	2,6920	34,4841	0,4140	0,6971	189,9207	76,8877	8242,7872	0,0000	0,0000	0,0000
109,0000	110,8200	76,4143	95,6781	37,8941	27,5310	32,5538	10,4763	9,5605	136,4940	137,2500	132,6392	136,7126	33,2743	108,4825	98,1436	174,7690	117,5566	41,8141	0,0000	0,0000	0,0000	0,0000	0,0000	0,0000	0,0000	0,0000	0,0000	0,0000	611,6702	8246,4320	16,2216	629,9367	2504,2353	7,6553	2,3800	2,4300	1,8200	4,5000	4,5000	300,0000	150,0000	1300,0000	175,0000	175,0000	3,4700	0,3400	0,2300	0,3000	0,1800	0,6000	0,6000	5,0000	0,4673	34,4057	0,4384	0,6933	189,9207	76,8877	8197,6955	0,0000	0,0000	0,0000
109,0000	109,6931	76,5016	94,8548	37,5799	26,4216	32,1228	10,2253	8,9665	132,4019	140,3619	138,1405	137,3630	33,0917	106,0451	98,7080	176,7235	116,3053	41,4923	0,0000	0,0000	0,0000	0,0000	0,0000	0,0000	0,0000	0,0000	0,0000	0,0000	631,4252	7940,0394	15,7926	654,5499	2601,2716	7,8374	2,3800	2,4300	1,8200	4,5000	4,5000	300,0000	150,0000	1300,0000	175,0000	175,0000	3,4700	0,3400	0,2300	0,3000	0,1800	0,6000	0,6000	5,0000	-0,3371	33,1915	0,4415	0,6879	189,9207	76,8877	7951,9276	0,0000	0,0000	0,0000
109,0000	109,5429	75,9946	94,9178	38,7347	26,4929	33,4308	10,9750	10,0099	132,3061	134,7407	139,7534	134,6380	32,8170	107,1053	99,7666	176,7707	115,9904	42,3718	0,0000	0,0000	0,0000	0,0000	0,0000	0,0000	0,0000	0,0000	0,0000	0,0000	659,3304	7778,3404	15,5924	655,8279	2598,5734	7,8352	2,3800	2,4300	1,8200	4,5000	4,5000	300,0000	150,0000	1300,0000	175,0000	175,0000	3,4700	0,3400	0,2300	0,3000	0,1800	0,6000	0,6000	18,3842	1,2629	33,5483	0,4356	0,6936	189,9207	76,8877	8097,4262	0,0000	0,0000	0,0000
109,0000	110,9353	76,6619	95,7153	40,7840	29,3311	35,1405	11,5985	11,6847	135,1673	126,4132	130,6513	128,5123	32,6281	109,6547	100,8554	172,8442	117,5351	44,3897	0,0000	0,0000	0,0000	0,0000	0,0000	0,0000	0,0000	0,0000	0,0000	0,0000	578,5496	8006,9449	15,8136	638,9460	2566,7084	7,7623	2,3800	2,4300	1,8200	4,5000	4,5000	300,0000	150,0000	1300,0000	175,0000	175,0000	3,4700	0,3400	0,2300	0,3000	0,1800	0,6000	0,6000	15,9475	3,3656	34,2735	0,4165	0,7024	189,9207	76,8877	8395,9037	0,0000	0,0000	0,0000
109,0000	111,3376	76,3397	96,0418	38,2639	27,9942	32,9930	10,6510	10,0200	138,5520	134,8289	128,8081	136,6458	33,3126	109,6547	98,2249	173,6518	118,1454	42,1985	0,0000	0,0000	0,0000	0,0000	0,0000	0,0000	0,0000	0,0000	0,0000	0,0000	586,6750	8391,6752	16,4015	614,5464	2446,7575	7,5463	2,3800	2,4300	1,8200	4,5000	4,5000	300,0000	150,0000	1300,0000	175,0000	175,0000	3,4700	0,3400	0,2300	0,3000	0,1800	0,6000	0,6000	5,0000	1,0278	34,9979	0,4344	0,6962	189,9207	76,8877	8321,2958	0,0000	0,0000	0,0000
109,0000	110,1134	76,7377	95,1961	37,5815	26,5976	32,1574	10,2896	9,0887	133,1630	139,6421	136,7999	136,7818	33,1839	106,5568	98,3301	176,1438	116,7658	41,4874	0,0000	0,0000	0,0000	0,0000	0,0000	0,0000	0,0000	0,0000	0,0000	0,0000	634,1618	8013,2118	15,9062	649,6923	2571,2906	7,7852	2,3800	2,4300	1,8200	4,5000	4,5000	300,0000	150,0000	1300,0000	175,0000	175,0000	3,4700	0,3400	0,2300	0,3000	0,1800	0,6000	0,6000	5,0000	-0,1385	33,3757	0,4418	0,6886	189,9207	76,8877	7997,6396	0,0000	0,0000	0,0000
109,0000	109,2562	76,1561	94,7185	37,7451	26,2796	32,6281	10,5368	9,3266	131,9280	138,3997	139,6294	136,7772	32,9726	106,2060	99,2593	176,1951	115,8277	41,5503	0,0000	0,0000	0,0000	0,0000	0,0000	0,0000	0,0000	0,0000	0,0000	0,0000	638,6403	7809,4441	15,6079	648,6663	2578,8492	7,7950	2,3800	2,4300	1,8200	4,5000	4,5000	300,0000	150,0000	1300,0000	175,0000	175,0000	3,4700	0,3400	0,2300	0,3000	0,1800	0,6000	0,6000	12,2238	0,2324	33,1001	0,4367	0,6895	189,9207	76,8877	7982,4385	0,0000	0,0000	0,0000
109,0000	110,2654	76,4538	95,4547	40,2680	28,2518	35,0040	11,6647	11,4401	133,5810	127,3370	135,6721	127,6483	32,6029	109,4547	100,5422	175,2975	116,8006	43,7888	0,0000	0,0000	0,0000	0,0000	0,0000	0,0000	0,0000	0,0000	0,0000	0,0000	593,0426	7819,6000	15,5549	615,5769	2593,3392	7,7672	2,3800	2,4300	1,8200	4,5000	4,5000	300,0000	150,0000	1300,0000	175,0000	175,0000	3,4700	0,3400	0,2300	0,3000	0,1800	0,6000	0,6000	22,1079	3,2289	33,8116	0,4264	0,7021	189,9207	76,8877	8376,8389	0,0000	0,0000	0,0000
109,0000	111,3816	76,5294	96,0522	39,0448	28,4662	33,7712	10,9174	10,6979	138,5080	131,5329	126,4309	135,8984	33,1367	109,4547	99,0978	172,3821	118,2457	43,0197	0,0000	0,0000	0,0000	0,0000	0,0000	0,0000	0,0000	0,0000	0,0000	0,0000	553,6545	8365,1256	16,3124	611,3243	2444,4787	7,5380	2,3800	2,4300	1,8200	4,5000	4,5000	300,0000	150,0000	1300,0000	175,0000	175,0000	3,4700	0,3400	0,2300	0,3000	0,1800	0,6000	0,6000	5,0000	1,8587	34,8522	0,4251	0,6973	189,9207	76,8877	8318,6528	0,0000	0,0000	0,0000
109,0000	110,4947	76,6558	95,4682	37,6935	26,9940	32,3108	10,3796	9,3002	134,6941	138,5367	134,8514	136,5718	33,2426	107,4591	98,1282	175,4482	117,1896	41,6026	0,0000	0,0000	0,0000	0,0000	0,0000	0,0000	0,0000	0,0000	0,0000	0,0000	635,3733	8125,2140	16,0756	647,4216	2537,1071	7,7307	2,3800	2,4300	1,8200	4,5000	4,5000	300,0000	150,0000	1300,0000	175,0000	175,0000	3,4700	0,3400	0,2300	0,3000	0,1800	0,6000	0,6000	5,0000	0,1488	33,8389	0,4407	0,6906	189,9207	76,8877	8089,5935	0,0000	0,0000	0,0000
109,0000	109,4495	76,3480	94,6974	37,5871	26,3250	32,1951	10,2666	8,9808	132,0078	140,2819	138,9362	137,5148	33,0374	105,7737	98,9483	176,8411	116,0386	41,5045	0,0000	0,0000	0,0000	0,0000	0,0000	0,0000	0,0000	0,0000	0,0000	0,0000	629,8003	7888,0927	15,7124	657,6361	2606,1469	7,8493	2,3800	2,4300	1,8200	4,5000	4,5000	300,0000	150,0000	1300,0000	175,0000	175,0000	3,4700	0,3400	0,2300	0,3000	0,1800	0,6000	0,6000	7,5394	-0,3072	33,1015	0,4405	0,6877	189,9207	76,8877	7928,2553	0,0000	0,0000	0,0000
109,0000	109,7978	76,2212	95,1288	39,4756	27,2555	34,2147	11,3484	10,6909	132,6173	131,1483	139,0913	131,5863	32,6907	108,0559	100,2337	176,8730	116,2823	43,0886	0,0000	0,0000	0,0000	0,0000	0,0000	0,0000	0,0000	0,0000	0,0000	0,0000	626,4284	7769,3125	15,5296	636,2213	2620,0029	7,8380	2,3800	2,4300	1,8200	4,5000	4,5000	300,0000	150,0000	1300,0000	175,0000	175,0000	3,4700	0,3400	0,2300	0,3000	0,1800	0,6000	0,6000	22,0315	2,2586	33,5766	0,4333	0,6975	189,9207	76,8877	8214,7975	0,0000	0,0000	0,0000
109,0000	111,2514	76,7588	95,8314	40,2913	29,2921	34,7203	11,3294	11,4302	136,5872	127,9777	127,5610	131,6045	32,7963	108,7577	100,5710	170,8571	118,0026	44,2690	0,0000	0,0000	0,0000	0,0000	0,0000	0,0000	0,0000	0,0000	0,0000	0,0000	557,5438	8179,9901	16,0411	645,1599	2526,0091	7,7107	2,3800	2,4300	1,8200	4,5000	4,5000	300,0000	150,0000	1300,0000	175,0000	175,0000	3,4700	0,3400	0,2300	0,3000	0,1800	0,6000	0,6000	9,7608	2,8818	34,4926	0,4114	0,6984	189,9207	76,8877	8279,7925	0,0000	0,0000	0,0000
109,0000	110,9267	76,3757	95,7515	37,9559	27,6900	32,6283	10,5063	9,6405	136,9718	136,8386	131,9550	136,7290	33,2862	108,7577	98,1495	174,5667	117,6767	41,8788	0,0000	0,0000	0,0000	0,0000	0,0000	0,0000	0,0000	0,0000	0,0000	0,0000	611,7520	8280,1127	16,2721	630,2994	2493,9984	7,6405	2,3800	2,4300	1,8200	4,5000	4,5000	300,0000	150,0000	1300,0000	175,0000	175,0000	3,4700	0,3400	0,2300	0,3000	0,1800	0,6000	0,6000	5,0000	0,5647	34,5510	0,4378	0,6939	189,9207	76,8877	8226,3903	0,0000	0,0000	0,0000
109,0000	109,7726	76,5527	94,9202	37,5785	26,4516	32,1274	10,2361	8,9877	132,5276	140,2468	137,9029	137,2495	33,1098	106,1324	98,6368	176,6159	116,3922	41,4895	0,0000	0,0000	0,0000	0,0000	0,0000	0,0000	0,0000	0,0000	0,0000	0,0000	631,9760	7952,8515	15,8126	653,6357	2595,8160	7,8278	2,3800	2,4300	1,8200	4,5000	4,5000	300,0000	150,0000	1300,0000	175,0000	175,0000	3,4700	0,3400	0,2300	0,3000	0,1800	0,6000	0,6000	5,0000	-0,3025	33,2199	0,4415	0,6880	189,9207	76,8877	7959,4737	0,0000	0,0000	0,0000
109,0000	109,4715	75,9727	94,8678	38,5371	26,2950	33,2402	10,8750	9,8464	132,2311	135,6115	139,7781	135,2166	32,8504	106,8970	99,6461	176,6639	115,9081	42,1757	0,0000	0,0000	0,0000	0,0000	0,0000	0,0000	0,0000	0,0000	0,0000	0,0000	662,1761	7780,1107	15,5993	656,2199	2589,6714	7,8225	2,3800	2,4300	1,8200	4,5000	4,5000	300,0000	150,0000	1300,0000	175,0000	175,0000	3,4700	0,3400	0,2300	0,3000	0,1800	0,6000	0,6000	16,9995	1,0167	33,4988	0,4360	0,6927	189,9207	76,8877	8071,0786	0,0000	0,0000	0,0000
109,0000	110,7934	76,6249	95,6764	40,7703	29,1048	35,1762	11,6412	11,6867	134,8220	126,3197	131,6508	128,0198	32,6101	109,7741	100,8155	173,3551	117,3766	44,3029	0,0000	0,0000	0,0000	0,0000	0,0000	0,0000	0,0000	0,0000	0,0000	0,0000	595,8888	7959,7921	15,7690	641,3852	2570,7761	7,7720	2,3800	2,4300	1,8200	4,5000	4,5000	300,0000	150,0000	1300,0000	175,0000	175,0000	3,4700	0,3400	0,2300	0,3000	0,1800	0,6000	0,6000	17,3322	3,4107	34,1684	0,4184	0,7029	189,9207	76,8877	8410,8708	0,0000	0,0000	0,0000
109,0000	111,4068	76,3536	96,0894	38,3760	28,0607	33,1156	10,6956	10,1374	138,7873	134,2272	128,0637	136,6003	33,3023	109,7741	98,3041	173,3991	118,2283	42,3156	0,0000	0,0000	0,0000	0,0000	0,0000	0,0000	0,0000	0,0000	0,0000	0,0000	585,8517	8406,5762	16,4226	616,2339	2437,8010	7,5354	2,3800	2,4300	1,8200	4,5000	4,5000	300,0000	150,0000	1300,0000	175,0000	175,0000	3,4700	0,3400	0,2300	0,3000	0,1800	0,6000	0,6000	5,0000	1,1703	35,0533	0,4331	0,6966	189,9207	76,8877	8335,4262	0,0000	0,0000	0,0000
109,0000	110,1987	76,7603	95,2622	37,5904	26,6540	32,1741	10,3059	9,1219	133,3891	139,4506	136,4648	136,6874	33,2005	106,6978	98,2615	176,0116	116,8599	41,4956	0,0000	0,0000	0,0000	0,0000	0,0000	0,0000	0,0000	0,0000	0,0000	0,0000	634,6034	8031,9640	15,9349	648,8379	2564,4515	7,7737	2,3800	2,4300	1,8200	4,5000	4,5000	300,0000	150,0000	1300,0000	175,0000	175,0000	3,4700	0,3400	0,2300	0,3000	0,1800	0,6000	0,6000	5,0000	-0,0884	33,4384	0,4417	0,6888	189,9207	76,8877	8011,2130	0,0000	0,0000	0,0000
109,0000	109,2879	76,2008	94,6945	37,6139	26,2810	32,5080	10,4662	9,2273	131,8724	138,9369	139,5212	137,0162	33,0010	106,0730	99,1875	176,0637	115,8621	41,5371	0,0000	0,0000	0,0000	0,0000	0,0000	0,0000	0,0000	0,0000	0,0000	0,0000	644,1441	7821,2527	15,6339	657,2590	2583,1570	7,8143	2,3800	2,4300	1,8200	4,5000	4,5000	300,0000	150,0000	1300,0000	175,0000	175,0000	3,4700	0,3400	0,2300	0,3000	0,1800	0,6000	0,6000	11,1619	0,0811	33,0871	0,4366	0,6889	189,9207	76,8877	7964,8374	0,0000	0,0000	0,0000
109,0000	110,1475	76,4029	95,3815	40,1135	28,0412	34,8769	11,6230	11,3116	133,3229	127,9637	136,5737	128,2022	32,6121	109,2007	100,4899	175,7420	116,6712	43,6583	0,0000	0,0000	0,0000	0,0000	0,0000	0,0000	0,0000	0,0000	0,0000	0,0000	594,9409	7799,3218	15,5274	615,6169	2601,2089	7,7790	2,3800	2,4300	1,8200	4,5000	4,5000	300,0000	150,0000	1300,0000	175,0000	175,0000	3,4700	0,3400	0,2300	0,3000	0,1800	0,6000	0,6000	23,0834	3,0787	33,7446	0,4282	0,7014	189,9207	76,8877	8348,1658	0,0000	0,0000	0,0000
