HR	AOPmax	AOPmin	AOPmean	PAPmax	PAPmin	PAPmean	PRAmean	WedgeP	QLV	Qsist	QRV	Qpulm	LVes	LVed	RVes	RVed	Plvmax	Prvmax	QVADmax	QVADmin	QVADmean	QECMO	P1mean	P2mean	P3mean	Qventing	Qinflow1	Qinflow2	PELeftV	SWLeftV	MVO2LeftV	PERightV	SWRightV	MVO2RightV	RupAbr	RkidAbr	RsplAbr	RllAbr	RrlAbr	V0upbr	V0kidbr	V0spbr	V0llbr	V0rlbr	Emaxl	Emaxr	RupVbr	RkidVbr	RspVbr	RllVbr	RrlVbr	Paw	Ppleural	PP	RV EF 	LV EF 	Ccw linear	Cl linear	CO	ECMOflowma	ECMOlfowmi	ECMOvol
109,0000	122,4076	87,3030	106,3974	45,2583	32,7091	39,1316	14,3099	12,7200	141,3086	151,6086	155,6445	156,6445	36,1426	114,2049	114,4918	200,2519	129,5724	49,6256	0,0000	0,0000	0,0000	0,0000	0,0000	0,0000	0,0000	0,0000	0,0000	0,0000	780,4784	9230,7083	17,9472	885,3597	3309,9130	9,2433	2,3800	2,4300	1,8200	4,5000	4,5000	300,0000	150,0000	1300,0000	175,0000	175,0000	3,4700	0,3400	0,2300	0,3000	0,1800	0,6000	0,6000	20,1247	3,7926	35,1046	0,4283	0,6835	225,8652	26,9055	8508,7975	0,0000	0,0000	0,0000
109,0000	121,7042	85,8086	105,8740	46,2726	32,8377	40,6593	14,9475	14,0669	142,4753	146,2882	152,9642	136,4640	35,7011	119,0047	115,2005	199,4838	128,7145	50,1990	0,0000	0,0000	0,0000	0,0000	0,0000	0,0000	0,0000	0,0000	0,0000	0,0000	763,5398	9062,3194	17,6699	876,2869	3212,4468	9,0839	2,3800	2,4300	1,8200	4,5000	4,5000	300,0000	150,0000	1300,0000	175,0000	175,0000	3,4700	0,3400	0,2300	0,3000	0,1800	0,6000	0,6000	39,5413	5,3040	35,8956	0,4225	0,7000	225,8652	26,9055	9080,0940	0,0000	0,0000	0,0000
109,0000	124,4245	86,0554	107,5956	50,0643	37,2015	43,5990	15,2957	16,1634	150,7166	140,8209	132,9517	127,5537	35,9598	123,7707	122,1248	196,8628	131,7140	53,4605	0,0000	0,0000	0,0000	0,0000	0,0000	0,0000	0,0000	0,0000	0,0000	0,0000	722,5210	9788,6570	18,6955	1063,9488	2996,4497	9,0415	2,3800	2,4300	1,8200	4,5000	4,5000	300,0000	150,0000	1300,0000	175,0000	175,0000	3,4700	0,3400	0,2300	0,3000	0,1800	0,6000	0,6000	39,3367	6,6350	38,3691	0,3796	0,7095	225,8652	26,9055	9571,3808	0,0000	0,0000	0,0000
109,0000	126,4819	86,4935	109,4203	46,3262	34,4356	40,3452	14,4807	13,5138	156,9747	149,5793	145,1912	164,9089	37,2776	123,7707	116,8624	200,3905	134,0023	50,8148	0,0000	0,0000	0,0000	0,0000	0,0000	0,0000	0,0000	0,0000	0,0000	0,0000	770,9046	10612,3922	20,0007	890,3531	3158,2547	9,0238	2,3800	2,4300	1,8200	4,5000	4,5000	300,0000	150,0000	1300,0000	175,0000	175,0000	3,4700	0,3400	0,2300	0,3000	0,1800	0,6000	0,6000	20,0000	4,2270	39,9884	0,4168	0,6988	225,8652	26,9055	9427,7430	0,0000	0,0000	0,0000
109,0000	123,3652	88,0569	107,2138	45,3391	32,8650	39,2043	14,3360	12,7107	142,3567	151,5167	155,6036	157,8194	36,4300	114,8685	114,6529	200,3905	130,6035	49,7256	0,0000	0,0000	0,0000	0,0000	0,0000	0,0000	0,0000	0,0000	0,0000	0,0000	764,7419	9385,1679	18,1549	864,4200	3316,7653	9,2222	2,3800	2,4300	1,8200	4,5000	4,5000	300,0000	150,0000	1300,0000	175,0000	175,0000	3,4700	0,3400	0,2300	0,3000	0,1800	0,6000	0,6000	20,0000	3,8233	35,3083	0,4279	0,6829	225,8652	26,9055	8549,8039	0,0000	0,0000	0,0000
109,0000	121,5998	86,2735	105,8570	45,3294	32,5770	39,6479	14,5894	13,2619	141,5527	149,4264	155,0053	147,7338	35,8746	116,2464	114,2780	199,6860	128,7045	49,4878	0,0000	0,0000	0,0000	0,0000	0,0000	0,0000	0,0000	0,0000	0,0000	0,0000	757,8749	9092,3201	17,7063	852,2754	3240,1903	9,0895	2,3800	2,4300	1,8200	4,5000	4,5000	300,0000	150,0000	1300,0000	175,0000	175,0000	3,4700	0,3400	0,2300	0,3000	0,1800	0,6000	0,6000	29,7765	4,4224	35,3264	0,4277	0,6914	225,8652	26,9055	8760,5300	0,0000	0,0000	0,0000
109,0000	122,9251	85,8923	106,7532	48,7126	35,1737	43,2857	15,4972	15,9275	146,2300	140,3385	142,1006	115,4420	35,6737	124,9560	119,0103	197,3078	130,0362	52,1259	0,0000	0,0000	0,0000	0,0000	0,0000	0,0000	0,0000	0,0000	0,0000	0,0000	721,7042	9257,5048	17,8994	939,2959	3079,9492	8,9799	2,3800	2,4300	1,8200	4,5000	4,5000	300,0000	150,0000	1300,0000	175,0000	175,0000	3,4700	0,3400	0,2300	0,3000	0,1800	0,6000	0,6000	49,2263	6,8946	37,0328	0,3968	0,7145	225,8652	26,9055	9731,7721	0,0000	0,0000	0,0000
109,0000	126,6951	86,1132	109,5041	47,3064	34,9477	41,4627	14,5942	14,4564	159,2637	147,2767	135,2246	163,9079	37,2017	124,9560	118,9165	200,2975	134,3085	51,8069	0,0000	0,0000	0,0000	0,0000	0,0000	0,0000	0,0000	0,0000	0,0000	0,0000	708,7355	10755,0205	20,1211	901,7094	2987,2377	8,7849	2,3800	2,4300	1,8200	4,5000	4,5000	300,0000	150,0000	1300,0000	175,0000	175,0000	3,4700	0,3400	0,2300	0,3000	0,1800	0,6000	0,6000	20,0000	4,7805	40,5819	0,4063	0,7023	225,8652	26,9055	9565,2208	0,0000	0,0000	0,0000
109,0000	124,4076	88,1161	108,0173	45,5224	33,2718	39,3917	14,3716	12,8049	145,6048	151,3294	154,6820	159,7189	36,7332	116,9614	115,0677	200,2975	131,7302	49,9395	0,0000	0,0000	0,0000	0,0000	0,0000	0,0000	0,0000	0,0000	0,0000	0,0000	777,3114	9689,6325	18,6293	872,3926	3313,4159	9,2292	2,3800	2,4300	1,8200	4,5000	4,5000	300,0000	150,0000	1300,0000	175,0000	175,0000	3,4700	0,3400	0,2300	0,3000	0,1800	0,6000	0,6000	20,0000	3,8872	36,2915	0,4255	0,6859	225,8652	26,9055	8744,8803	0,0000	0,0000	0,0000
109,0000	121,9835	86,8788	106,0672	45,1801	32,6066	39,1680	14,3664	12,8285	141,0907	151,2599	155,4313	154,1319	36,0168	114,5939	114,2883	199,9310	129,1157	49,5310	0,0000	0,0000	0,0000	0,0000	0,0000	0,0000	0,0000	0,0000	0,0000	0,0000	775,2166	9163,0663	17,8381	882,1633	3284,4329	9,2004	2,3800	2,4300	1,8200	4,5000	4,5000	300,0000	150,0000	1300,0000	175,0000	175,0000	3,4700	0,3400	0,2300	0,3000	0,1800	0,6000	0,6000	23,3356	3,9175	35,1047	0,4284	0,6857	225,8652	26,9055	8564,9116	0,0000	0,0000	0,0000
109,0000	121,9752	85,8182	106,0890	47,2401	33,6607	41,8025	15,2568	14,9116	143,3498	143,3554	149,5917	124,4546	35,6082	121,7093	116,5874	199,0124	129,0105	50,9748	0,0000	0,0000	0,0000	0,0000	0,0000	0,0000	0,0000	0,0000	0,0000	0,0000	753,2455	9061,7344	17,6536	904,7227	3174,7070	9,0700	2,3800	2,4300	1,8200	4,5000	4,5000	300,0000	150,0000	1300,0000	175,0000	175,0000	3,4700	0,3400	0,2300	0,3000	0,1800	0,6000	0,6000	47,1453	6,1369	36,1571	0,4142	0,7074	225,8652	26,9055	9385,0210	0,0000	0,0000	0,0000
109,0000	125,4698	86,2137	108,3635	49,1589	36,1329	42,9320	14,9717	15,6771	154,6904	143,3352	130,3376	144,4876	36,4749	121,7093	122,2632	199,6392	133,1374	53,4960	0,0000	0,0000	0,0000	0,0000	0,0000	0,0000	0,0000	0,0000	0,0000	0,0000	715,9573	10263,9835	19,3970	1060,5665	2970,4182	8,9975	2,3800	2,4300	1,8200	4,5000	4,5000	300,0000	150,0000	1300,0000	175,0000	175,0000	3,4700	0,3400	0,2300	0,3000	0,1800	0,6000	0,6000	28,5218	5,9000	39,2561	0,3876	0,7003	225,8652	26,9055	9290,5524	0,0000	0,0000	0,0000
109,0000	125,3974	87,1081	108,6622	45,9357	34,2281	39,8389	14,4262	13,0942	151,6443	150,6347	151,6722	162,9092	36,9974	120,5534	116,0678	200,3213	132,8104	50,4036	0,0000	0,0000	0,0000	0,0000	0,0000	0,0000	0,0000	0,0000	0,0000	0,0000	788,5550	10170,2003	19,3653	892,6407	3282,0653	9,2125	2,3800	2,4300	1,8200	4,5000	4,5000	300,0000	150,0000	1300,0000	175,0000	175,0000	3,4700	0,3400	0,2300	0,3000	0,1800	0,6000	0,6000	20,0000	4,0199	38,2893	0,4206	0,6931	225,8652	26,9055	9107,6074	0,0000	0,0000	0,0000
109,0000	122,5637	87,4428	106,5323	45,2784	32,7387	39,1487	14,3146	12,7158	141,4337	151,5805	155,6827	156,8973	36,1892	114,1419	114,5402	200,3213	129,7405	49,6501	0,0000	0,0000	0,0000	0,0000	0,0000	0,0000	0,0000	0,0000	0,0000	0,0000	782,4342	9252,9433	17,9834	886,1552	3312,7979	9,2488	2,3800	2,4300	1,8200	4,5000	4,5000	300,0000	150,0000	1300,0000	175,0000	175,0000	3,4700	0,3400	0,2300	0,3000	0,1800	0,6000	0,6000	20,0000	3,7968	35,1209	0,4282	0,6829	225,8652	26,9055	8496,8348	0,0000	0,0000	0,0000
109,0000	121,6691	85,8243	105,8501	46,0560	32,6825	40,4106	14,8651	13,8734	142,2998	147,0062	153,5379	139,2409	35,7347	118,3882	114,9353	199,5347	128,6752	50,0260	0,0000	0,0000	0,0000	0,0000	0,0000	0,0000	0,0000	0,0000	0,0000	0,0000	766,5811	9066,7917	17,6811	871,2331	3217,2820	9,0835	2,3800	2,4300	1,8200	4,5000	4,5000	300,0000	150,0000	1300,0000	175,0000	175,0000	3,4700	0,3400	0,2300	0,3000	0,1800	0,6000	0,6000	37,3304	5,0950	35,8447	0,4240	0,6982	225,8652	26,9055	9009,2415	0,0000	0,0000	0,0000
109,0000	124,1341	86,0150	107,4172	49,8836	36,7442	43,6578	15,3606	16,1930	149,7361	140,4346	134,6317	124,2176	35,8837	124,4411	121,5732	195,9083	131,3372	53,2588	0,0000	0,0000	0,0000	0,0000	0,0000	0,0000	0,0000	0,0000	0,0000	0,0000	710,4354	9662,8303	18,4891	1020,5248	3010,9316	8,9982	2,3800	2,4300	1,8200	4,5000	4,5000	300,0000	150,0000	1300,0000	175,0000	175,0000	3,4700	0,3400	0,2300	0,3000	0,1800	0,6000	0,6000	41,6723	6,7569	38,1191	0,3794	0,7116	225,8652	26,9055	9652,7597	0,0000	0,0000	0,0000
109,0000	126,7082	86,3728	109,5769	46,4568	34,4968	40,5157	14,4968	13,6622	158,1004	149,2192	142,9924	165,2165	37,3278	124,4411	117,1194	200,3708	134,2557	50,9476	0,0000	0,0000	0,0000	0,0000	0,0000	0,0000	0,0000	0,0000	0,0000	0,0000	773,1175	10704,4573	20,1418	898,3662	3114,6476	8,9706	2,3800	2,4300	1,8200	4,5000	4,5000	300,0000	150,0000	1300,0000	175,0000	175,0000	3,4700	0,3400	0,2300	0,3000	0,1800	0,6000	0,6000	20,0000	4,3043	40,3355	0,4155	0,7000	225,8652	26,9055	9495,3521	0,0000	0,0000	0,0000
109,0000	123,6004	88,1812	107,4077	45,3583	32,9128	39,2236	14,3424	12,7178	142,7808	151,4985	155,5059	158,0848	36,5002	115,1724	114,6871	200,3708	130,8571	49,7489	0,0000	0,0000	0,0000	0,0000	0,0000	0,0000	0,0000	0,0000	0,0000	0,0000	767,6168	9433,8089	18,2319	865,1378	3316,3120	9,2226	2,3800	2,4300	1,8200	4,5000	4,5000	300,0000	150,0000	1300,0000	175,0000	175,0000	3,4700	0,3400	0,2300	0,3000	0,1800	0,6000	0,6000	20,0000	3,8328	35,4192	0,4276	0,6831	225,8652	26,9055	8575,2706	0,0000	0,0000	0,0000
109,0000	121,6741	86,4109	105,8878	45,1815	32,5747	39,5063	14,5323	13,1445	141,3876	149,9206	155,1676	149,3518	35,9134	115,8018	114,2235	199,7208	128,7839	49,4900	0,0000	0,0000	0,0000	0,0000	0,0000	0,0000	0,0000	0,0000	0,0000	0,0000	763,2040	9103,2104	17,7306	858,9143	3248,2846	9,1115	2,3800	2,4300	1,8200	4,5000	4,5000	300,0000	150,0000	1300,0000	175,0000	175,0000	3,4700	0,3400	0,2300	0,3000	0,1800	0,6000	0,6000	28,2197	4,2891	35,2633	0,4281	0,6899	225,8652	26,9055	8707,8409	0,0000	0,0000	0,0000
109,0000	122,6758	85,8732	106,5962	48,3829	34,8209	43,0334	15,4851	15,7622	145,4771	140,7362	143,8761	115,3001	35,6439	124,4641	118,4367	197,7125	129,7674	51,8698	0,0000	0,0000	0,0000	0,0000	0,0000	0,0000	0,0000	0,0000	0,0000	0,0000	721,4354	9189,6492	17,7974	922,8325	3097,6216	8,9817	2,3800	2,4300	1,8200	4,5000	4,5000	300,0000	150,0000	1300,0000	175,0000	175,0000	3,4700	0,3400	0,2300	0,3000	0,1800	0,6000	0,6000	50,7831	6,8144	36,8027	0,4010	0,7136	225,8652	26,9055	9681,3934	0,0000	0,0000	0,0000
109,0000	126,4415	86,1496	109,2974	47,6324	35,1360	41,7818	14,6440	14,7162	158,5993	146,5659	133,8266	161,8124	37,0758	124,4641	119,6142	200,2691	134,0650	52,1315	0,0000	0,0000	0,0000	0,0000	0,0000	0,0000	0,0000	0,0000	0,0000	0,0000	705,1289	10678,2497	20,0008	923,1618	2976,2877	8,8006	2,3800	2,4300	1,8200	4,5000	4,5000	300,0000	150,0000	1300,0000	175,0000	175,0000	3,4700	0,3400	0,2300	0,3000	0,1800	0,6000	0,6000	20,0000	4,9727	40,2920	0,4027	0,7021	225,8652	26,9055	9525,3157	0,0000	0,0000	0,0000
109,0000	124,5855	87,9372	108,1335	45,5944	33,4251	39,4667	14,3805	12,8492	146,6764	151,2421	154,3028	160,3217	36,7816	117,6003	115,2483	200,2691	131,9238	50,0216	0,0000	0,0000	0,0000	0,0000	0,0000	0,0000	0,0000	0,0000	0,0000	0,0000	779,3589	9774,9745	18,7601	875,8028	3311,6545	9,2316	2,3800	2,4300	1,8200	4,5000	4,5000	300,0000	150,0000	1300,0000	175,0000	175,0000	3,4700	0,3400	0,2300	0,3000	0,1800	0,6000	0,6000	20,0000	3,9068	36,6483	0,4245	0,6872	225,8652	26,9055	8809,2395	0,0000	0,0000	0,0000
109,0000	122,0809	86,9809	106,1357	45,1983	32,6297	39,1368	14,3403	12,7858	141,1278	151,4361	155,4831	155,0034	36,0457	114,4532	114,3363	200,0075	129,2206	49,5529	0,0000	0,0000	0,0000	0,0000	0,0000	0,0000	0,0000	0,0000	0,0000	0,0000	776,4271	9181,2031	17,8671	882,9131	3292,4247	9,2135	2,3800	2,4300	1,8200	4,5000	4,5000	300,0000	150,0000	1300,0000	175,0000	175,0000	3,4700	0,3400	0,2300	0,3000	0,1800	0,6000	0,6000	22,3722	3,8619	35,1000	0,4283	0,6851	225,8652	26,9055	8546,4151	0,0000	0,0000	0,0000
109,0000	121,8840	85,8134	106,0167	46,9797	33,4191	41,4906	15,1795	14,6885	143,0635	144,1121	150,6561	127,6833	35,6252	120,9901	116,1943	199,2058	128,9114	50,7676	0,0000	0,0000	0,0000	0,0000	0,0000	0,0000	0,0000	0,0000	0,0000	0,0000	755,6047	9056,7252	17,6496	896,2908	3188,7748	9,0784	2,3800	2,4300	1,8200	4,5000	4,5000	300,0000	150,0000	1300,0000	175,0000	175,0000	3,4700	0,3400	0,2300	0,3000	0,1800	0,6000	0,6000	45,2380	5,9261	36,0706	0,4167	0,7056	225,8652	26,9055	9304,7703	0,0000	0,0000	0,0000
109,0000	125,3506	86,2028	108,1562	49,5908	36,4631	43,1516	15,0627	15,8594	153,6527	142,5692	130,1590	139,5230	36,3275	121,3970	122,6673	199,2128	132,7540	53,8328	0,0000	0,0000	0,0000	0,0000	0,0000	0,0000	0,0000	0,0000	0,0000	0,0000	701,4454	10145,2716	19,1977	1062,9932	2967,6718	8,9970	2,3800	2,4300	1,8200	4,5000	4,5000	300,0000	150,0000	1300,0000	175,0000	175,0000	3,4700	0,3400	0,2300	0,3000	0,1800	0,6000	0,6000	31,3925	6,1219	39,1478	0,3842	0,7008	225,8652	26,9055	9272,5725	0,0000	0,0000	0,0000
109,0000	125,6698	86,9274	108,8506	46,0292	34,3092	39,9508	14,4400	13,1817	153,0435	150,4053	150,5279	163,5088	37,0700	121,3970	116,2720	200,3733	133,1083	50,5051	0,0000	0,0000	0,0000	0,0000	0,0000	0,0000	0,0000	0,0000	0,0000	0,0000	791,6604	10285,3275	19,5423	897,6009	3262,7995	9,1911	2,3800	2,4300	1,8200	4,5000	4,5000	300,0000	150,0000	1300,0000	175,0000	175,0000	3,4700	0,3400	0,2300	0,3000	0,1800	0,6000	0,6000	20,0000	4,0612	38,7424	0,4197	0,6946	225,8652	26,9055	9191,6388	0,0000	0,0000	0,0000
109,0000	122,7428	87,5980	106,6865	45,2963	32,7681	39,1643	14,3199	12,7120	141,5906	151,5546	155,7054	157,1411	36,2429	114,2594	114,5797	200,3733	129,9333	49,6722	0,0000	0,0000	0,0000	0,0000	0,0000	0,0000	0,0000	0,0000	0,0000	0,0000	784,6882	9279,3163	18,0263	886,8282	3315,0636	9,2532	2,3800	2,4300	1,8200	4,5000	4,5000	300,0000	150,0000	1300,0000	175,0000	175,0000	3,4700	0,3400	0,2300	0,3000	0,1800	0,6000	0,6000	20,0000	3,8022	35,1447	0,4282	0,6828	225,8652	26,9055	8503,7915	0,0000	0,0000	0,0000
109,0000	121,6365	85,9151	105,8358	45,8516	32,5880	40,1844	14,7876	13,6951	142,1122	147,6845	154,0383	141,7573	35,7689	117,7952	114,7076	199,5827	128,6385	49,8642	0,0000	0,0000	0,0000	0,0000	0,0000	0,0000	0,0000	0,0000	0,0000	0,0000	769,6604	9070,3783	17,6911	866,9644	3221,5723	9,0836	2,3800	2,4300	1,8200	4,5000	4,5000	300,0000	150,0000	1300,0000	175,0000	175,0000	3,4700	0,3400	0,2300	0,3000	0,1800	0,6000	0,6000	35,1709	4,9010	35,7214	0,4253	0,6963	225,8652	26,9055	8940,8697	0,0000	0,0000	0,0000
109,0000	123,7981	85,9781	107,2425	49,6772	36,3114	43,6560	15,4154	16,1832	148,7873	140,1835	136,4653	121,2319	35,8134	124,9342	120,9489	196,1413	130,9758	52,9684	0,0000	0,0000	0,0000	0,0000	0,0000	0,0000	0,0000	0,0000	0,0000	0,0000	729,5038	9538,5973	18,3317	1009,2844	3023,8957	9,0007	2,3800	2,4300	1,8200	4,5000	4,5000	300,0000	150,0000	1300,0000	175,0000	175,0000	3,4700	0,3400	0,2300	0,3000	0,1800	0,6000	0,6000	43,8318	6,8476	37,8200	0,3834	0,7133	225,8652	26,9055	9714,1666	0,0000	0,0000	0,0000
109,0000	126,8596	86,2695	109,6767	46,6162	34,5753	40,7116	14,5150	13,8301	158,9531	148,8149	140,8081	165,3825	37,3510	124,9342	117,4442	200,3523	134,4306	51,1097	0,0000	0,0000	0,0000	0,0000	0,0000	0,0000	0,0000	0,0000	0,0000	0,0000	743,8243	10770,1689	20,1963	883,3710	3073,4682	8,8865	2,3800	2,4300	1,8200	4,5000	4,5000	300,0000	150,0000	1300,0000	175,0000	175,0000	3,4700	0,3400	0,2300	0,3000	0,1800	0,6000	0,6000	20,0000	4,3957	40,5901	0,4138	0,7010	225,8652	26,9055	9546,5658	0,0000	0,0000	0,0000
109,0000	123,8268	88,2592	107,5895	45,3848	32,9743	39,2504	14,3492	12,7290	143,3029	151,4736	155,3741	158,4033	36,5672	115,5271	114,7411	200,3523	131,1013	49,7803	0,0000	0,0000	0,0000	0,0000	0,0000	0,0000	0,0000	0,0000	0,0000	0,0000	770,3776	9488,1198	18,3174	866,2112	3315,7974	9,2235	2,3800	2,4300	1,8200	4,5000	4,5000	300,0000	150,0000	1300,0000	175,0000	175,0000	3,4700	0,3400	0,2300	0,3000	0,1800	0,6000	0,6000	20,0000	3,8438	35,5675	0,4273	0,6835	225,8652	26,9055	8606,6310	0,0000	0,0000	0,0000
109,0000	121,7474	86,5427	105,9230	45,1521	32,5753	39,3858	14,4812	13,0415	141,2455	150,3559	155,2533	150,7837	35,9457	115,4023	114,2188	199,7634	128,8624	49,4948	0,0000	0,0000	0,0000	0,0000	0,0000	0,0000	0,0000	0,0000	0,0000	0,0000	767,5464	9115,1519	17,7549	866,1733	3256,4377	9,1346	2,3800	2,4300	1,8200	4,5000	4,5000	300,0000	150,0000	1300,0000	175,0000	175,0000	3,4700	0,3400	0,2300	0,3000	0,1800	0,6000	0,6000	26,7965	4,1715	35,2047	0,4282	0,6885	225,8652	26,9055	8660,7657	0,0000	0,0000	0,0000
109,0000	122,4493	85,8549	106,4374	48,0710	34,4929	42,7317	15,4410	15,5576	144,7943	141,3206	145,5545	116,9370	35,6206	123,8449	117,9113	198,1119	129,5229	51,6272	0,0000	0,0000	0,0000	0,0000	0,0000	0,0000	0,0000	0,0000	0,0000	0,0000	722,1660	9139,7589	17,7239	910,3945	3120,5347	8,9974	2,3800	2,4300	1,8200	4,5000	4,5000	300,0000	150,0000	1300,0000	175,0000	175,0000	3,4700	0,3400	0,2300	0,3000	0,1800	0,6000	0,6000	51,1251	6,6715	36,5944	0,4048	0,7124	225,8652	26,9055	9616,4411	0,0000	0,0000	0,0000
109,0000	126,1517	86,2470	109,0650	47,9861	35,3483	42,1076	14,7205	14,9866	157,7399	145,7422	132,6473	157,9509	36,9302	123,8449	120,3339	200,2050	133,7924	52,4746	0,0000	0,0000	0,0000	0,0000	0,0000	0,0000	0,0000	0,0000	0,0000	0,0000	670,0931	10585,4635	19,8095	922,8064	2971,4409	8,7928	2,3800	2,4300	1,8200	4,5000	4,5000	300,0000	150,0000	1300,0000	175,0000	175,0000	3,4700	0,3400	0,2300	0,3000	0,1800	0,6000	0,6000	21,0811	5,2087	39,9047	0,3989	0,7018	225,8652	26,9055	9473,6980	0,0000	0,0000	0,0000
109,0000	124,7585	87,7288	108,2425	45,6729	33,5948	39,5492	14,3904	12,8978	147,8195	151,1358	153,8330	160,9651	36,8276	118,2761	115,4430	200,2050	132,1125	50,1107	0,0000	0,0000	0,0000	0,0000	0,0000	0,0000	0,0000	0,0000	0,0000	0,0000	781,3183	9864,9490	18,8977	879,5468	3308,4360	9,2324	2,3800	2,4300	1,8200	4,5000	4,5000	300,0000	150,0000	1300,0000	175,0000	175,0000	3,4700	0,3400	0,2300	0,3000	0,1800	0,6000	0,6000	20,0000	3,9296	37,0297	0,4234	0,6886	225,8652	26,9055	8877,8913	0,0000	0,0000	0,0000
109,0000	122,1735	87,0792	106,2046	45,2174	32,6542	39,1213	14,3219	12,7521	141,1597	151,5540	155,5414	155,7275	36,0731	114,3398	114,3867	200,0901	129,3202	49,5761	0,0000	0,0000	0,0000	0,0000	0,0000	0,0000	0,0000	0,0000	0,0000	0,0000	777,5697	9196,1900	17,8912	883,6904	3299,3891	9,2251	2,3800	2,4300	1,8200	4,5000	4,5000	300,0000	150,0000	1300,0000	175,0000	175,0000	3,4700	0,3400	0,2300	0,3000	0,1800	0,6000	0,6000	21,5114	3,8224	35,0943	0,4283	0,6845	225,8652	26,9055	8531,0712	0,0000	0,0000	0,0000
109,0000	121,8024	85,8033	105,9513	46,7280	33,1971	41,1918	15,1013	14,4685	142,8216	144,8651	151,5740	130,8019	35,6451	120,2825	115,8264	199,3437	128,8226	50,5660	0,0000	0,0000	0,0000	0,0000	0,0000	0,0000	0,0000	0,0000	0,0000	0,0000	758,0685	9054,9542	17,6507	888,6496	3199,5906	9,0831	2,3800	2,4300	1,8200	4,5000	4,5000	300,0000	150,0000	1300,0000	175,0000	175,0000	3,4700	0,3400	0,2300	0,3000	0,1800	0,6000	0,6000	43,1856	5,7137	35,9991	0,4190	0,7037	225,8652	26,9055	9225,4769	0,0000	0,0000	0,0000
109,0000	125,0079	86,1557	107,9549	50,0312	36,8401	43,3354	15,1492	16,0005	152,6341	141,8805	130,4872	134,9552	36,1811	122,2334	122,8109	198,6086	132,3854	53,7929	0,0000	0,0000	0,0000	0,0000	0,0000	0,0000	0,0000	0,0000	0,0000	0,0000	717,2727	10025,6755	19,0424	1086,0436	2968,7470	9,0331	2,3800	2,4300	1,8200	4,5000	4,5000	300,0000	150,0000	1300,0000	175,0000	175,0000	3,4700	0,3400	0,2300	0,3000	0,1800	0,6000	0,6000	34,3057	6,3218	38,8522	0,3816	0,7040	225,8652	26,9055	9379,6972	0,0000	0,0000	0,0000
109,0000	125,9490	86,7622	109,0451	46,1251	34,3482	40,0717	14,4542	13,2796	154,4285	150,1475	149,0697	164,0566	37,1433	122,2334	116,4712	200,4062	133,4144	50,6073	0,0000	0,0000	0,0000	0,0000	0,0000	0,0000	0,0000	0,0000	0,0000	0,0000	765,2747	10400,6455	19,6754	878,3573	3235,9357	9,1221	2,3800	2,4300	1,8200	4,5000	4,5000	300,0000	150,0000	1300,0000	175,0000	175,0000	3,4700	0,3400	0,2300	0,3000	0,1800	0,6000	0,6000	20,0000	4,1095	39,1868	0,4188	0,6961	225,8652	26,9055	9274,8241	0,0000	0,0000	0,0000
109,0000	122,9340	87,7564	106,8504	45,3121	32,7979	39,1782	14,3255	12,7080	141,7786	151,5333	155,7082	157,3825	36,3004	114,4204	114,6110	200,4062	130,1391	49,6920	0,0000	0,0000	0,0000	0,0000	0,0000	0,0000	0,0000	0,0000	0,0000	0,0000	787,1009	9308,8994	18,0742	887,3863	3316,6404	9,2564	2,3800	2,4300	1,8200	4,5000	4,5000	300,0000	150,0000	1300,0000	175,0000	175,0000	3,4700	0,3400	0,2300	0,3000	0,1800	0,6000	0,6000	20,0000	3,8084	35,1776	0,4281	0,6827	225,8652	26,9055	8515,0812	0,0000	0,0000	0,0000
109,0000	121,6004	86,0264	105,8266	45,6603	32,5851	39,9805	14,7151	13,5313	141,9078	148,3198	154,4566	144,0293	35,8019	117,2255	114,5215	199,6271	128,5913	49,7148	0,0000	0,0000	0,0000	0,0000	0,0000	0,0000	0,0000	0,0000	0,0000	0,0000	798,7442	9075,0636	17,7416	887,0262	3226,6413	9,1212	2,3800	2,4300	1,8200	4,5000	4,5000	300,0000	150,0000	1300,0000	175,0000	175,0000	3,4700	0,3400	0,2300	0,3000	0,1800	0,6000	0,6000	33,1779	4,7225	35,5739	0,4263	0,6946	225,8652	26,9055	8875,1779	0,0000	0,0000	0,0000
109,0000	123,4738	85,9409	107,0672	49,4056	35,9019	43,5937	15,4583	16,1332	147,8682	140,0773	138,4330	118,6808	35,7501	125,1971	120,2619	196,5384	130,6269	52,6642	0,0000	0,0000	0,0000	0,0000	0,0000	0,0000	0,0000	0,0000	0,0000	0,0000	725,5927	9428,1900	18,1606	984,5655	3042,8652	8,9921	2,3800	2,4300	1,8200	4,5000	4,5000	300,0000	150,0000	1300,0000	175,0000	175,0000	3,4700	0,3400	0,2300	0,3000	0,1800	0,6000	0,6000	45,8249	6,9035	37,5329	0,3881	0,7144	225,8652	26,9055	9749,7169	0,0000	0,0000	0,0000
109,0000	126,9098	86,1846	109,6986	46,8106	34,6756	40,9375	14,5361	14,0201	159,4530	148,3576	138,6927	165,3230	37,3385	125,1971	117,8515	200,3342	134,4996	51,3068	0,0000	0,0000	0,0000	0,0000	0,0000	0,0000	0,0000	0,0000	0,0000	0,0000	743,7141	10802,2153	20,2441	895,4761	3036,0334	8,8486	2,3800	2,4300	1,8200	4,5000	4,5000	300,0000	150,0000	1300,0000	175,0000	175,0000	3,4700	0,3400	0,2300	0,3000	0,1800	0,6000	0,6000	20,0000	4,5045	40,7253	0,4117	0,7018	225,8652	26,9055	9576,5856	0,0000	0,0000	0,0000
109,0000	124,0374	88,2748	107,7523	45,4205	33,0491	39,2866	14,3564	12,7463	143,9458	151,4387	155,1958	158,7813	36,6285	115,9426	114,8213	200,3342	131,3290	49,8223	0,0000	0,0000	0,0000	0,0000	0,0000	0,0000	0,0000	0,0000	0,0000	0,0000	772,9277	9548,9658	18,4122	867,7327	3315,3828	9,2251	2,3800	2,4300	1,8200	4,5000	4,5000	300,0000	150,0000	1300,0000	175,0000	175,0000	3,4700	0,3400	0,2300	0,3000	0,1800	0,6000	0,6000	20,0000	3,8566	35,7626	0,4269	0,6841	225,8652	26,9055	8645,2410	0,0000	0,0000	0,0000
109,0000	121,8208	86,6650	105,9639	45,1578	32,5803	39,2888	14,4358	12,9533	141,1485	150,7288	155,3188	152,0635	35,9680	115,0573	114,2321	199,8128	128,9410	49,5029	0,0000	0,0000	0,0000	0,0000	0,0000	0,0000	0,0000	0,0000	0,0000	0,0000	770,7205	9129,3418	17,7809	873,5389	3265,4948	9,1592	2,3800	2,4300	1,8200	4,5000	4,5000	300,0000	150,0000	1300,0000	175,0000	175,0000	3,4700	0,3400	0,2300	0,3000	0,1800	0,6000	0,6000	25,4998	4,0695	35,1559	0,4283	0,6874	225,8652	26,9055	8620,7382	0,0000	0,0000	0,0000
109,0000	122,2517	85,8388	106,2949	47,7744	34,1866	42,4164	15,3850	15,3402	144,1952	141,9763	147,0923	119,1751	35,6058	123,1467	117,4261	198,4740	129,3096	51,3956	0,0000	0,0000	0,0000	0,0000	0,0000	0,0000	0,0000	0,0000	0,0000	0,0000	723,2877	9101,6880	17,6686	899,2047	3141,8074	9,0125	2,3800	2,4300	1,8200	4,5000	4,5000	300,0000	150,0000	1300,0000	175,0000	175,0000	3,4700	0,3400	0,2300	0,3000	0,1800	0,6000	0,6000	49,8780	6,5036	36,4129	0,4084	0,7109	225,8652	26,9055	9541,9604	0,0000	0,0000	0,0000
109,0000	125,8696	86,3007	108,8225	48,3687	35,5892	42,4158	14,8041	15,2446	156,7531	144,9022	131,6183	153,5748	36,7757	123,1467	121,0595	200,0968	133,5442	52,8320	0,0000	0,0000	0,0000	0,0000	0,0000	0,0000	0,0000	0,0000	0,0000	0,0000	635,3133	10486,0124	19,6086	927,8632	2969,7617	8,7979	2,3800	2,4300	1,8200	4,5000	4,5000	300,0000	150,0000	1300,0000	175,0000	175,0000	3,4700	0,3400	0,2300	0,3000	0,1800	0,6000	0,6000	23,6250	5,4501	39,5689	0,3950	0,7014	225,8652	26,9055	9414,4348	0,0000	0,0000	0,0000
109,0000	124,9517	87,5119	108,3662	45,7593	33,7919	39,6417	14,4017	12,9555	149,0573	150,9934	153,2526	161,6418	36,8788	119,0094	115,6546	200,1765	132,3235	50,2079	0,0000	0,0000	0,0000	0,0000	0,0000	0,0000	0,0000	0,0000	0,0000	0,0000	783,5000	9962,2876	19,0466	883,7632	3302,9645	9,2305	2,3800	2,4300	1,8200	4,5000	4,5000	300,0000	150,0000	1300,0000	175,0000	175,0000	3,4700	0,3400	0,2300	0,3000	0,1800	0,6000	0,6000	20,0000	3,9561	37,4398	0,4222	0,6901	225,8652	26,9055	8952,2318	0,0000	0,0000	0,0000
109,0000	122,2856	87,1891	106,2944	45,2386	32,6821	39,1212	14,3116	12,7305	141,2237	151,6072	155,5981	156,2894	36,1063	114,2636	114,4420	200,1765	129,4409	49,6018	0,0000	0,0000	0,0000	0,0000	0,0000	0,0000	0,0000	0,0000	0,0000	0,0000	778,9586	9213,1722	17,9187	884,5618	3305,6402	9,2357	2,3800	2,4300	1,8200	4,5000	4,5000	300,0000	150,0000	1300,0000	175,0000	175,0000	3,4700	0,3400	0,2300	0,3000	0,1800	0,6000	0,6000	20,7481	3,7993	35,0965	0,4283	0,6840	225,8652	26,9055	8519,1422	0,0000	0,0000	0,0000
109,0000	121,7453	85,8019	105,9059	46,4862	33,0034	40,9083	15,0225	14,2563	142,6337	145,6065	152,3510	133,7897	35,6724	119,6055	115,4860	199,4314	128,7600	50,3711	0,0000	0,0000	0,0000	0,0000	0,0000	0,0000	0,0000	0,0000	0,0000	0,0000	760,8342	9058,0549	17,6595	881,8321	3207,1486	9,0842	2,3800	2,4300	1,8200	4,5000	4,5000	300,0000	150,0000	1300,0000	175,0000	175,0000	3,4700	0,3400	0,2300	0,3000	0,1800	0,6000	0,6000	41,2443	5,5011	35,9435	0,4209	0,7017	225,8652	26,9055	9148,7134	0,0000	0,0000	0,0000
109,0000	124,6940	86,0991	107,7702	50,2126	37,2798	43,4910	15,2288	16,1028	151,6614	141,2820	131,5217	130,9075	36,0401	123,0514	122,5818	197,7713	132,0512	53,6312	0,0000	0,0000	0,0000	0,0000	0,0000	0,0000	0,0000	0,0000	0,0000	0,0000	674,7711	9905,8076	18,7994	1045,0468	2980,1328	8,9888	2,3800	2,4300	1,8200	4,5000	4,5000	300,0000	150,0000	1300,0000	175,0000	175,0000	3,4700	0,3400	0,2300	0,3000	0,1800	0,6000	0,6000	37,0104	6,4968	38,5949	0,3802	0,7071	225,8652	26,9055	9484,2244	0,0000	0,0000	0,0000
109,0000	126,2362	86,6238	109,2485	46,2248	34,3905	40,2058	14,4678	13,3929	155,7787	149,8685	147,1941	164,5349	37,2173	123,0514	116,6674	200,4081	133,7303	50,7111	0,0000	0,0000	0,0000	0,0000	0,0000	0,0000	0,0000	0,0000	0,0000	0,0000	768,3548	10513,4275	19,8488	884,1669	3198,9666	9,0755	2,3800	2,4300	1,8200	4,5000	4,5000	300,0000	150,0000	1300,0000	175,0000	175,0000	3,4700	0,3400	0,2300	0,3000	0,1800	0,6000	0,6000	20,0000	4,1660	39,6123	0,4179	0,6975	225,8652	26,9055	9355,9132	0,0000	0,0000	0,0000
109,0000	123,1511	87,9190	107,0347	45,3259	32,8302	39,1912	14,3309	12,7075	142,0388	151,5242	155,6712	157,6086	36,3657	114,6290	114,6332	200,4081	130,3729	49,7093	0,0000	0,0000	0,0000	0,0000	0,0000	0,0000	0,0000	0,0000	0,0000	0,0000	762,1208	9345,3383	18,0913	863,9784	3317,0890	9,2221	2,3800	2,4300	1,8200	4,5000	4,5000	300,0000	150,0000	1300,0000	175,0000	175,0000	3,4700	0,3400	0,2300	0,3000	0,1800	0,6000	0,6000	20,0000	3,8156	35,2321	0,4280	0,6828	225,8652	26,9055	8530,7058	0,0000	0,0000	0,0000
109,0000	121,5778	86,1500	105,8357	45,4819	32,5809	39,7979	14,6474	13,3839	141,7156	148,9169	154,7813	146,0576	35,8386	116,6965	114,3757	199,6602	128,6353	49,5772	0,0000	0,0000	0,0000	0,0000	0,0000	0,0000	0,0000	0,0000	0,0000	0,0000	752,3976	9083,0164	17,6842	846,1476	3233,1566	9,0698	2,3800	2,4300	1,8200	4,5000	4,5000	300,0000	150,0000	1300,0000	175,0000	175,0000	3,4700	0,3400	0,2300	0,3000	0,1800	0,6000	0,6000	31,3421	4,5594	35,4278	0,4271	0,6929	225,8652	26,9055	8813,5135	0,0000	0,0000	0,0000
109,0000	123,1764	85,9120	106,9000	49,0359	35,5139	43,4648	15,4868	16,0445	146,9865	140,1337	140,3852	116,6527	35,7069	125,2025	119,5859	196,9382	130,3069	52,3771	0,0000	0,0000	0,0000	0,0000	0,0000	0,0000	0,0000	0,0000	0,0000	0,0000	723,4612	9332,6255	18,0144	960,2007	3063,1641	8,9860	2,3800	2,4300	1,8200	4,5000	4,5000	300,0000	150,0000	1300,0000	175,0000	175,0000	3,4700	0,3400	0,2300	0,3000	0,1800	0,6000	0,6000	47,6607	6,9200	37,2644	0,3928	0,7148	225,8652	26,9055	9755,0199	0,0000	0,0000	0,0000
109,0000	126,8512	86,1283	109,6376	47,0466	34,8027	41,1951	14,5622	14,2352	159,5566	147,8352	136,7636	164,8798	37,2869	125,2025	118,3558	200,3161	134,4552	51,5454	0,0000	0,0000	0,0000	0,0000	0,0000	0,0000	0,0000	0,0000	0,0000	0,0000	742,2591	10796,6224	20,2335	910,2895	3006,0487	8,8259	2,3800	2,4300	1,8200	4,5000	4,5000	300,0000	150,0000	1300,0000	175,0000	175,0000	3,4700	0,3400	0,2300	0,3000	0,1800	0,6000	0,6000	20,0000	4,6351	40,7230	0,4092	0,7022	225,8652	26,9055	9582,8071	0,0000	0,0000	0,0000
109,0000	124,2362	88,2264	107,8985	45,4674	33,1526	39,3348	14,3641	12,7722	144,7360	151,3905	154,9611	159,2317	36,6853	116,4348	114,9325	200,3161	131,5441	49,8765	0,0000	0,0000	0,0000	0,0000	0,0000	0,0000	0,0000	0,0000	0,0000	0,0000	775,3002	9618,1375	18,5193	869,8449	3314,5094	9,2270	2,3800	2,4300	1,8200	4,5000	4,5000	300,0000	150,0000	1300,0000	175,0000	175,0000	3,4700	0,3400	0,2300	0,3000	0,1800	0,6000	0,6000	20,0000	3,8714	36,0098	0,4262	0,6849	225,8652	26,9055	8692,6966	0,0000	0,0000	0,0000
109,0000	121,9016	86,7800	106,0133	45,1673	32,5909	39,2156	14,3967	12,8811	141,0955	151,0364	155,3802	153,2021	35,9923	114,7830	114,2553	199,8698	129,0277	49,5152	0,0000	0,0000	0,0000	0,0000	0,0000	0,0000	0,0000	0,0000	0,0000	0,0000	774,0201	9146,1645	17,8111	881,0956	3275,6364	9,1856	2,3800	2,4300	1,8200	4,5000	4,5000	300,0000	150,0000	1300,0000	175,0000	175,0000	3,4700	0,3400	0,2300	0,3000	0,1800	0,6000	0,6000	24,3230	3,9832	35,1216	0,4284	0,6864	225,8652	26,9055	8588,1838	0,0000	0,0000	0,0000
109,0000	122,0907	85,8260	106,1766	47,4913	33,9000	42,0971	15,3220	15,1185	143,7045	142,6758	148,4666	121,7439	35,6018	122,4020	116,9761	198,7812	129,1355	51,1735	0,0000	0,0000	0,0000	0,0000	0,0000	0,0000	0,0000	0,0000	0,0000	0,0000	724,8528	9075,5527	17,6318	889,0805	3160,3127	9,0250	2,3800	2,4300	1,8200	4,5000	4,5000	300,0000	150,0000	1300,0000	175,0000	175,0000	3,4700	0,3400	0,2300	0,3000	0,1800	0,6000	0,6000	48,5110	6,3203	36,2647	0,4115	0,7091	225,8652	26,9055	9461,2249	0,0000	0,0000	0,0000
109,0000	125,6246	86,2438	108,5774	48,7716	35,8579	42,6972	14,8898	15,4810	155,6879	144,0786	130,8211	148,9618	36,6180	122,4020	121,7330	199,9091	133,3859	53,1852	0,0000	0,0000	0,0000	0,0000	0,0000	0,0000	0,0000	0,0000	0,0000	0,0000	502,1750	10374,5581	19,2426	863,0072	2971,1028	8,7028	2,3800	2,4300	1,8200	4,5000	4,5000	300,0000	150,0000	1300,0000	175,0000	175,0000	3,4700	0,3400	0,2300	0,3000	0,1800	0,6000	0,6000	26,1688	5,6865	39,3807	0,3911	0,7008	225,8652	26,9055	9350,4605	0,0000	0,0000	0,0000
109,0000	125,1694	87,2937	108,5087	45,8499	34,0080	39,7413	14,4140	13,0227	150,3729	150,8211	152,5198	162,3137	36,9366	119,7921	115,8707	200,2576	132,5613	50,3090	0,0000	0,0000	0,0000	0,0000	0,0000	0,0000	0,0000	0,0000	0,0000	0,0000	785,9645	10067,3024	19,2075	888,2661	3294,2356	9,2242	2,3800	2,4300	1,8200	4,5000	4,5000	300,0000	150,0000	1300,0000	175,0000	175,0000	3,4700	0,3400	0,2300	0,3000	0,1800	0,6000	0,6000	20,0000	3,9869	37,8757	0,4214	0,6917	225,8652	26,9055	9031,2487	0,0000	0,0000	0,0000
109,0000	122,4185	87,3129	106,4068	45,2598	32,7113	39,1328	14,3101	12,7196	141,3169	151,6069	155,6479	156,6656	36,1458	114,2003	114,4956	200,2576	129,5841	49,6275	0,0000	0,0000	0,0000	0,0000	0,0000	0,0000	0,0000	0,0000	0,0000	0,0000	780,6144	9232,2332	17,9497	885,4225	3310,1494	9,2438	2,3800	2,4300	1,8200	4,5000	4,5000	300,0000	150,0000	1300,0000	175,0000	175,0000	3,4700	0,3400	0,2300	0,3000	0,1800	0,6000	0,6000	20,0775	3,7927	35,1056	0,4283	0,6835	225,8652	26,9055	8507,9426	0,0000	0,0000	0,0000
109,0000	121,7013	85,8097	105,8717	46,2558	32,8250	40,6398	14,9412	14,0519	142,4625	146,3434	153,0106	136,6784	35,7035	118,9572	115,1788	199,4877	128,7113	50,1855	0,0000	0,0000	0,0000	0,0000	0,0000	0,0000	0,0000	0,0000	0,0000	0,0000	763,7643	9062,6785	17,6708	875,8718	3212,8366	9,0838	2,3800	2,4300	1,8200	4,5000	4,5000	300,0000	150,0000	1300,0000	175,0000	175,0000	3,4700	0,3400	0,2300	0,3000	0,1800	0,6000	0,6000	39,4070	5,2880	35,8916	0,4226	0,6999	225,8652	26,9055	9074,6523	0,0000	0,0000	0,0000
109,0000	124,4033	86,0521	107,5818	50,0515	37,1658	43,6055	15,3008	16,1669	150,6413	140,7878	133,0724	127,2922	35,9538	123,8254	122,0858	196,7897	131,6849	53,4459	0,0000	0,0000	0,0000	0,0000	0,0000	0,0000	0,0000	0,0000	0,0000	0,0000	721,6390	9779,1746	18,6800	1060,9362	2997,6555	9,0388	2,3800	2,4300	1,8200	4,5000	4,5000	300,0000	150,0000	1300,0000	175,0000	175,0000	3,4700	0,3400	0,2300	0,3000	0,1800	0,6000	0,6000	39,5182	6,6452	38,3512	0,3796	0,7096	225,8652	26,9055	9577,9999	0,0000	0,0000	0,0000
109,0000	126,5005	86,4836	109,4333	46,3351	34,4397	40,3572	14,4819	13,5243	157,0660	149,5540	145,0272	164,9359	37,2820	123,8254	116,8798	200,3890	134,0230	50,8239	0,0000	0,0000	0,0000	0,0000	0,0000	0,0000	0,0000	0,0000	0,0000	0,0000	771,0930	10619,9252	20,0123	890,9023	3154,9318	9,0197	2,3800	2,4300	1,8200	4,5000	4,5000	300,0000	150,0000	1300,0000	175,0000	175,0000	3,4700	0,3400	0,2300	0,3000	0,1800	0,6000	0,6000	20,0000	4,2324	40,0169	0,4167	0,6989	225,8652	26,9055	9433,2289	0,0000	0,0000	0,0000
109,0000	123,3827	88,0672	107,2284	45,3403	32,8681	39,2055	14,3365	12,7111	142,3852	151,5157	155,5973	157,8378	36,4352	114,8895	114,6549	200,3890	130,6224	49,7271	0,0000	0,0000	0,0000	0,0000	0,0000	0,0000	0,0000	0,0000	0,0000	0,0000	764,9559	9388,5864	18,1603	864,4633	3316,7348	9,2223	2,3800	2,4300	1,8200	4,5000	4,5000	300,0000	150,0000	1300,0000	175,0000	175,0000	3,4700	0,3400	0,2300	0,3000	0,1800	0,6000	0,6000	20,0000	3,8240	35,3154	0,4278	0,6829	225,8652	26,9055	8551,5135	0,0000	0,0000	0,0000
109,0000	121,6051	86,2837	105,8589	45,3177	32,5767	39,6365	14,5849	13,2526	141,5396	149,4655	155,0204	147,8620	35,8775	116,2113	114,2721	199,6883	128,7102	49,4878	0,0000	0,0000	0,0000	0,0000	0,0000	0,0000	0,0000	0,0000	0,0000	0,0000	758,2921	9093,0786	17,7081	852,7638	3240,7875	9,0911	2,3800	2,4300	1,8200	4,5000	4,5000	300,0000	150,0000	1300,0000	175,0000	175,0000	3,4700	0,3400	0,2300	0,3000	0,1800	0,6000	0,6000	29,6549	4,4118	35,3215	0,4277	0,6913	225,8652	26,9055	8756,3929	0,0000	0,0000	0,0000
109,0000	122,9054	85,8907	106,7413	48,6872	35,1466	43,2688	15,4972	15,9165	146,1709	140,3617	142,2366	115,3821	35,6712	124,9259	118,9658	197,3381	130,0150	52,1062	0,0000	0,0000	0,0000	0,0000	0,0000	0,0000	0,0000	0,0000	0,0000	0,0000	721,5682	9251,8715	17,8908	937,6635	3081,2278	8,9794	2,3800	2,4300	1,8200	4,5000	4,5000	300,0000	150,0000	1300,0000	175,0000	175,0000	3,4700	0,3400	0,2300	0,3000	0,1800	0,6000	0,6000	49,3478	6,8906	37,0147	0,3971	0,7145	225,8652	26,9055	9728,7673	0,0000	0,0000	0,0000
109,0000	126,6784	86,1137	109,4903	47,3293	34,9607	41,4857	14,5973	14,4752	159,2245	147,2276	135,1110	163,7961	37,1932	124,9259	118,9659	200,2958	134,2925	51,8299	0,0000	0,0000	0,0000	0,0000	0,0000	0,0000	0,0000	0,0000	0,0000	0,0000	708,4893	10750,2000	20,1135	903,1863	2986,1007	8,7854	2,3800	2,4300	1,8200	4,5000	4,5000	300,0000	150,0000	1300,0000	175,0000	175,0000	3,4700	0,3400	0,2300	0,3000	0,1800	0,6000	0,6000	20,0000	4,7936	40,5647	0,4060	0,7023	225,8652	26,9055	9562,8637	0,0000	0,0000	0,0000
109,0000	124,4210	88,1043	108,0262	45,5274	33,2824	39,3969	14,3722	12,8079	145,6808	151,3236	154,6565	159,7616	36,7368	117,0069	115,0801	200,2958	131,7448	49,9452	0,0000	0,0000	0,0000	0,0000	0,0000	0,0000	0,0000	0,0000	0,0000	0,0000	777,4664	9695,7413	18,6387	872,6260	3313,3123	9,2293	2,3800	2,4300	1,8200	4,5000	4,5000	300,0000	150,0000	1300,0000	175,0000	175,0000	3,4700	0,3400	0,2300	0,3000	0,1800	0,6000	0,6000	20,0000	3,8885	36,3167	0,4254	0,6860	225,8652	26,9055	8749,4412	0,0000	0,0000	0,0000
109,0000	121,9904	86,8865	106,0719	45,1814	32,6081	39,1650	14,3642	12,8248	141,0920	151,2754	155,4353	154,2022	36,0188	114,5812	114,2915	199,9364	129,1231	49,5325	0,0000	0,0000	0,0000	0,0000	0,0000	0,0000	0,0000	0,0000	0,0000	0,0000	775,3022	9164,4137	17,8403	882,2126	3285,0787	9,2014	2,3800	2,4300	1,8200	4,5000	4,5000	300,0000	150,0000	1300,0000	175,0000	175,0000	3,4700	0,3400	0,2300	0,3000	0,1800	0,6000	0,6000	23,2597	3,9128	35,1039	0,4284	0,6856	225,8652	26,9055	8563,3021	0,0000	0,0000	0,0000
109,0000	121,9672	85,8176	106,0827	47,2202	33,6418	41,7787	15,2512	14,8948	143,3250	143,4117	149,6767	124,6898	35,6091	121,6541	116,5570	199,0289	129,0018	50,9590	0,0000	0,0000	0,0000	0,0000	0,0000	0,0000	0,0000	0,0000	0,0000	0,0000	753,4079	9061,0593	17,6528	904,0662	3175,8538	9,0707	2,3800	2,4300	1,8200	4,5000	4,5000	300,0000	150,0000	1300,0000	175,0000	175,0000	3,4700	0,3400	0,2300	0,3000	0,1800	0,6000	0,6000	47,0304	6,1214	36,1496	0,4144	0,7073	225,8652	26,9055	9378,9048	0,0000	0,0000	0,0000
109,0000	125,4613	86,2121	108,3471	49,1909	36,1564	42,9498	14,9784	15,6920	154,6108	143,2758	130,3103	144,1155	36,4636	121,6541	122,3007	199,6126	133,1075	53,5205	0,0000	0,0000	0,0000	0,0000	0,0000	0,0000	0,0000	0,0000	0,0000	0,0000	714,7943	10255,0003	19,3819	1060,7570	2970,2609	8,9975	2,3800	2,4300	1,8200	4,5000	4,5000	300,0000	150,0000	1300,0000	175,0000	175,0000	3,4700	0,3400	0,2300	0,3000	0,1800	0,6000	0,6000	28,7126	5,9171	39,2492	0,3873	0,7003	225,8652	26,9055	9285,7708	0,0000	0,0000	0,0000
109,0000	125,4170	87,0936	108,6756	45,9427	34,2478	39,8471	14,4272	13,1004	151,7488	150,6184	151,5954	162,9563	37,0026	120,6162	116,0835	200,3259	132,8318	50,4113	0,0000	0,0000	0,0000	0,0000	0,0000	0,0000	0,0000	0,0000	0,0000	0,0000	788,7775	10178,7099	19,3784	893,0065	3280,8480	9,2113	2,3800	2,4300	1,8200	4,5000	4,5000	300,0000	150,0000	1300,0000	175,0000	175,0000	3,4700	0,3400	0,2300	0,3000	0,1800	0,6000	0,6000	20,0000	4,0227	38,3233	0,4205	0,6932	225,8652	26,9055	9113,8811	0,0000	0,0000	0,0000
109,0000	122,5764	87,4540	106,5433	45,2798	32,7410	39,1500	14,3150	12,7155	141,4444	151,5783	155,6850	156,9159	36,1930	114,1370	114,5435	200,3259	129,7542	49,6519	0,0000	0,0000	0,0000	0,0000	0,0000	0,0000	0,0000	0,0000	0,0000	0,0000	782,5937	9254,7849	17,9864	886,2110	3312,9927	9,2492	2,3800	2,4300	1,8200	4,5000	4,5000	300,0000	150,0000	1300,0000	175,0000	175,0000	3,4700	0,3400	0,2300	0,3000	0,1800	0,6000	0,6000	20,0000	3,7972	35,1225	0,4282	0,6829	225,8652	26,9055	8495,8877	0,0000	0,0000	0,0000
109,0000	121,6666	85,8248	105,8487	46,0402	32,6715	40,3928	14,8591	13,8595	142,2863	147,0585	153,5782	139,4384	35,7372	118,3429	114,9168	199,5384	128,6724	50,0134	0,0000	0,0000	0,0000	0,0000	0,0000	0,0000	0,0000	0,0000	0,0000	0,0000	766,8112	9067,0868	17,6819	870,8844	3217,6206	9,0835	2,3800	2,4300	1,8200	4,5000	4,5000	300,0000	150,0000	1300,0000	175,0000	175,0000	3,4700	0,3400	0,2300	0,3000	0,1800	0,6000	0,6000	37,1625	5,0799	35,8418	0,4241	0,6980	225,8652	26,9055	9004,0189	0,0000	0,0000	0,0000
109,0000	124,1084	86,0122	107,4039	49,8691	36,7105	43,6597	15,3650	16,1936	149,6637	140,4109	134,7639	123,9805	35,8782	124,4849	121,5289	195,8392	131,3095	53,2434	0,0000	0,0000	0,0000	0,0000	0,0000	0,0000	0,0000	0,0000	0,0000	0,0000	709,4767	9653,3515	18,4735	1016,9059	3011,8850	8,9942	2,3800	2,4300	1,8200	4,5000	4,5000	300,0000	150,0000	1300,0000	175,0000	175,0000	3,4700	0,3400	0,2300	0,3000	0,1800	0,6000	0,6000	41,8403	6,7649	38,0963	0,3794	0,7118	225,8652	26,9055	9658,1275	0,0000	0,0000	0,0000
109,0000	126,7225	86,3643	109,5866	46,4676	34,5020	40,5294	14,4981	13,6741	158,1748	149,1905	142,8276	165,2348	37,3306	124,4849	117,1412	200,3693	134,2719	50,9587	0,0000	0,0000	0,0000	0,0000	0,0000	0,0000	0,0000	0,0000	0,0000	0,0000	773,2467	10710,3655	20,1508	899,0353	3111,4387	8,9668	2,3800	2,4300	1,8200	4,5000	4,5000	300,0000	150,0000	1300,0000	175,0000	175,0000	3,4700	0,3400	0,2300	0,3000	0,1800	0,6000	0,6000	20,0000	4,3106	40,3581	0,4154	0,7001	225,8652	26,9055	9499,8205	0,0000	0,0000	0,0000
109,0000	123,6177	88,1888	107,4218	45,3600	32,9168	39,2253	14,3429	12,7185	142,8161	151,4969	155,4973	158,1067	36,5054	115,1970	114,6903	200,3693	130,8758	49,7509	0,0000	0,0000	0,0000	0,0000	0,0000	0,0000	0,0000	0,0000	0,0000	0,0000	767,8276	9437,6612	18,2380	865,2042	3316,2750	9,2227	2,3800	2,4300	1,8200	4,5000	4,5000	300,0000	150,0000	1300,0000	175,0000	175,0000	3,4700	0,3400	0,2300	0,3000	0,1800	0,6000	0,6000	20,0000	3,8336	35,4289	0,4276	0,6831	225,8652	26,9055	8577,3933	0,0000	0,0000	0,0000
109,0000	121,6796	86,4210	105,8902	45,1712	32,5746	39,4965	14,5283	13,1363	141,3757	149,9553	155,1766	149,4655	35,9161	115,7702	114,2215	199,7238	128,7898	49,4902	0,0000	0,0000	0,0000	0,0000	0,0000	0,0000	0,0000	0,0000	0,0000	0,0000	763,5730	9104,0400	17,7324	859,4321	3248,8966	9,1132	2,3800	2,4300	1,8200	4,5000	4,5000	300,0000	150,0000	1300,0000	175,0000	175,0000	3,4700	0,3400	0,2300	0,3000	0,1800	0,6000	0,6000	28,1084	4,2798	35,2586	0,4281	0,6898	225,8652	26,9055	8704,0923	0,0000	0,0000	0,0000
109,0000	122,6579	85,8717	106,5842	48,3589	34,7950	43,0121	15,4829	15,7481	145,4233	140,7741	144,0054	115,3583	35,6419	124,4209	118,3958	197,7428	129,7481	51,8512	0,0000	0,0000	0,0000	0,0000	0,0000	0,0000	0,0000	0,0000	0,0000	0,0000	721,4808	9185,3710	17,7911	921,8523	3099,2364	8,9826	2,3800	2,4300	1,8200	4,5000	4,5000	300,0000	150,0000	1300,0000	175,0000	175,0000	3,4700	0,3400	0,2300	0,3000	0,1800	0,6000	0,6000	50,8943	6,8059	36,7862	0,4013	0,7135	225,8652	26,9055	9676,9058	0,0000	0,0000	0,0000
109,0000	126,4206	86,1548	109,2806	47,6584	35,1513	41,8066	14,6488	14,7363	158,5398	146,5071	133,7305	161,5898	37,0655	124,4209	119,6689	200,2662	134,0450	52,1571	0,0000	0,0000	0,0000	0,0000	0,0000	0,0000	0,0000	0,0000	0,0000	0,0000	704,8395	10671,6639	19,9905	924,9286	2975,7427	8,8024	2,3800	2,4300	1,8200	4,5000	4,5000	300,0000	150,0000	1300,0000	175,0000	175,0000	3,4700	0,3400	0,2300	0,3000	0,1800	0,6000	0,6000	20,0000	4,9890	40,2658	0,4025	0,7021	225,8652	26,9055	9521,7393	0,0000	0,0000	0,0000
109,0000	124,5989	87,9223	108,1421	45,6005	33,4318	39,4726	14,3812	12,8528	146,7609	151,2345	154,2698	160,3678	36,7851	117,6504	115,2635	200,2662	131,9383	50,0286	0,0000	0,0000	0,0000	0,0000	0,0000	0,0000	0,0000	0,0000	0,0000	0,0000	779,5137	9781,6637	18,7703	876,0679	3311,7282	9,2321	2,3800	2,4300	1,8200	4,5000	4,5000	300,0000	150,0000	1300,0000	175,0000	175,0000	3,4700	0,3400	0,2300	0,3000	0,1800	0,6000	0,6000	20,0000	3,9084	36,6766	0,4244	0,6873	225,8652	26,9055	8814,3146	0,0000	0,0000	0,0000
109,0000	122,0884	86,9885	106,1411	45,1999	32,6317	39,1352	14,3387	12,7831	141,1313	151,4466	155,4873	155,0637	36,0479	114,4445	114,3405	200,0140	129,2286	49,5548	0,0000	0,0000	0,0000	0,0000	0,0000	0,0000	0,0000	0,0000	0,0000	0,0000	776,5196	9182,5023	17,8692	882,9788	3292,9950	9,2144	2,3800	2,4300	1,8200	4,5000	4,5000	300,0000	150,0000	1300,0000	175,0000	175,0000	3,4700	0,3400	0,2300	0,3000	0,1800	0,6000	0,6000	22,3041	3,8584	35,0999	0,4283	0,6850	225,8652	26,9055	8545,2232	0,0000	0,0000	0,0000
109,0000	121,8781	85,8130	106,0120	46,9606	33,4019	41,4678	15,1736	14,6719	143,0448	144,1685	150,7298	127,9226	35,6268	120,9372	116,1661	199,2183	128,9049	50,7523	0,0000	0,0000	0,0000	0,0000	0,0000	0,0000	0,0000	0,0000	0,0000	0,0000	755,7923	9056,5839	17,6497	895,6961	3189,7034	9,0789	2,3800	2,4300	1,8200	4,5000	4,5000	300,0000	150,0000	1300,0000	175,0000	175,0000	3,4700	0,3400	0,2300	0,3000	0,1800	0,6000	0,6000	45,0801	5,9102	36,0650	0,4169	0,7054	225,8652	26,9055	9298,8402	0,0000	0,0000	0,0000
109,0000	125,3250	86,2050	108,1414	49,6239	36,4896	43,1666	15,0694	15,8715	153,5764	142,5143	130,1630	139,1643	36,3167	121,4609	122,6889	199,1745	132,7265	53,8612	0,0000	0,0000	0,0000	0,0000	0,0000	0,0000	0,0000	0,0000	0,0000	0,0000	700,4216	10136,4094	19,1829	1063,0802	2967,5410	8,9969	2,3800	2,4300	1,8200	4,5000	4,5000	300,0000	150,0000	1300,0000	175,0000	175,0000	3,4700	0,3400	0,2300	0,3000	0,1800	0,6000	0,6000	31,6185	6,1378	39,1199	0,3840	0,7010	225,8652	26,9055	9280,7208	0,0000	0,0000	0,0000
109,0000	125,6912	86,9148	108,8655	46,0363	34,3121	39,9595	14,4411	13,1887	153,1492	150,3866	150,4308	163,5519	37,0757	121,4609	116,2872	200,3766	133,1317	50,5128	0,0000	0,0000	0,0000	0,0000	0,0000	0,0000	0,0000	0,0000	0,0000	0,0000	791,9042	10294,1184	19,5558	897,9876	3261,0838	9,1891	2,3800	2,4300	1,8200	4,5000	4,5000	300,0000	150,0000	1300,0000	175,0000	175,0000	3,4700	0,3400	0,2300	0,3000	0,1800	0,6000	0,6000	20,0000	4,0646	38,7764	0,4197	0,6948	225,8652	26,9055	9197,9879	0,0000	0,0000	0,0000
109,0000	122,7572	87,6102	106,6989	45,2976	32,7703	39,1654	14,3203	12,7118	141,6041	151,5526	155,7063	157,1594	36,2473	114,2711	114,5824	200,3766	129,9487	49,6738	0,0000	0,0000	0,0000	0,0000	0,0000	0,0000	0,0000	0,0000	0,0000	0,0000	784,8698	9281,4868	18,0298	886,8760	3315,2106	9,2535	2,3800	2,4300	1,8200	4,5000	4,5000	300,0000	150,0000	1300,0000	175,0000	175,0000	3,4700	0,3400	0,2300	0,3000	0,1800	0,6000	0,6000	20,0000	3,8026	35,1469	0,4282	0,6828	225,8652	26,9055	8504,5977	0,0000	0,0000	0,0000
109,0000	121,6343	85,9235	105,8352	45,8368	32,5879	40,1684	14,7820	13,6824	142,0978	147,7336	154,0725	141,9361	35,7715	117,7520	114,6923	199,5862	128,6360	49,8526	0,0000	0,0000	0,0000	0,0000	0,0000	0,0000	0,0000	0,0000	0,0000	0,0000	769,8938	9070,7405	17,6920	866,6794	3221,9012	9,0836	2,3800	2,4300	1,8200	4,5000	4,5000	300,0000	150,0000	1300,0000	175,0000	175,0000	3,4700	0,3400	0,2300	0,3000	0,1800	0,6000	0,6000	35,0158	4,8871	35,7108	0,4253	0,6962	225,8652	26,9055	8935,8683	0,0000	0,0000	0,0000
109,0000	123,7737	85,9756	107,2297	49,6605	36,2795	43,6534	15,4191	16,1809	148,7178	140,1703	136,6088	121,0243	35,8085	124,9628	120,8993	196,1708	130,9496	52,9450	0,0000	0,0000	0,0000	0,0000	0,0000	0,0000	0,0000	0,0000	0,0000	0,0000	729,1786	9529,8472	18,3182	1007,5030	3025,1326	8,9999	2,3800	2,4300	1,8200	4,5000	4,5000	300,0000	150,0000	1300,0000	175,0000	175,0000	3,4700	0,3400	0,2300	0,3000	0,1800	0,6000	0,6000	43,9870	6,8530	37,7981	0,3837	0,7134	225,8652	26,9055	9717,8218	0,0000	0,0000	0,0000
109,0000	126,8674	86,2626	109,6815	46,6295	34,5821	40,7275	14,5165	13,8436	159,0041	148,7825	140,6464	165,3875	37,3515	124,9628	117,4717	200,3509	134,4400	51,1232	0,0000	0,0000	0,0000	0,0000	0,0000	0,0000	0,0000	0,0000	0,0000	0,0000	743,8663	10773,8781	20,2019	884,1986	3070,4774	8,8832	2,3800	2,4300	1,8200	4,5000	4,5000	300,0000	150,0000	1300,0000	175,0000	175,0000	3,4700	0,3400	0,2300	0,3000	0,1800	0,6000	0,6000	20,0000	4,4032	40,6048	0,4137	0,7011	225,8652	26,9055	9549,6272	0,0000	0,0000	0,0000
109,0000	123,8434	88,2629	107,6027	45,3871	32,9796	39,2528	14,3498	12,7301	143,3470	151,4714	155,3626	158,4295	36,5720	115,5562	114,7462	200,3509	131,1193	49,7831	0,0000	0,0000	0,0000	0,0000	0,0000	0,0000	0,0000	0,0000	0,0000	0,0000	770,5801	9492,4794	18,3242	866,3095	3315,7555	9,2236	2,3800	2,4300	1,8200	4,5000	4,5000	300,0000	150,0000	1300,0000	175,0000	175,0000	3,4700	0,3400	0,2300	0,3000	0,1800	0,6000	0,6000	20,0000	3,8447	35,5805	0,4273	0,6835	225,8652	26,9055	8609,2751	0,0000	0,0000	0,0000
109,0000	121,7531	86,5524	105,9261	45,1524	32,5755	39,3777	14,4776	13,0344	141,2374	150,3861	155,2574	150,8842	35,9474	115,3744	114,2200	199,7669	128,8685	49,4953	0,0000	0,0000	0,0000	0,0000	0,0000	0,0000	0,0000	0,0000	0,0000	0,0000	767,7857	9116,2043	17,7569	866,7424	3257,0583	9,1364	2,3800	2,4300	1,8200	4,5000	4,5000	300,0000	150,0000	1300,0000	175,0000	175,0000	3,4700	0,3400	0,2300	0,3000	0,1800	0,6000	0,6000	26,6950	4,1633	35,2007	0,4282	0,6884	225,8652	26,9055	8657,5354	0,0000	0,0000	0,0000
109,0000	122,4336	85,8539	106,4262	48,0483	34,4687	42,7082	15,4370	15,5416	144,7461	141,3681	145,6756	117,0939	35,6193	123,7950	117,8738	198,1410	129,5060	51,6095	0,0000	0,0000	0,0000	0,0000	0,0000	0,0000	0,0000	0,0000	0,0000	0,0000	722,2352	9136,5181	17,7191	909,5155	3122,2552	8,9986	2,3800	2,4300	1,8200	4,5000	4,5000	300,0000	150,0000	1300,0000	175,0000	175,0000	3,4700	0,3400	0,2300	0,3000	0,1800	0,6000	0,6000	51,0359	6,6595	36,5797	0,4051	0,7123	225,8652	26,9055	9611,1519	0,0000	0,0000	0,0000
109,0000	126,1302	86,2632	109,0474	48,0140	35,3655	42,1317	14,7268	15,0067	157,6698	145,6787	132,5637	157,6317	36,9189	123,7950	120,3891	200,1989	133,7727	52,5012	0,0000	0,0000	0,0000	0,0000	0,0000	0,0000	0,0000	0,0000	0,0000	0,0000	669,8301	10578,1244	19,7982	924,8963	2971,2094	8,7956	2,3800	2,4300	1,8200	4,5000	4,5000	300,0000	150,0000	1300,0000	175,0000	175,0000	3,4700	0,3400	0,2300	0,3000	0,1800	0,6000	0,6000	21,2719	5,2269	39,8670	0,3987	0,7018	225,8652	26,9055	9469,4888	0,0000	0,0000	0,0000
109,0000	124,7725	87,7139	108,2514	45,6792	33,6091	39,5559	14,3913	12,9019	147,9097	151,1261	153,7938	161,0154	36,8313	118,3295	115,4586	200,1989	132,1277	50,1178	0,0000	0,0000	0,0000	0,0000	0,0000	0,0000	0,0000	0,0000	0,0000	0,0000	781,4766	9872,0159	18,9085	879,8520	3308,1143	9,2324	2,3800	2,4300	1,8200	4,5000	4,5000	300,0000	150,0000	1300,0000	175,0000	175,0000	3,4700	0,3400	0,2300	0,3000	0,1800	0,6000	0,6000	20,0000	3,9315	37,0586	0,4233	0,6887	225,8652	26,9055	8883,3070	0,0000	0,0000	0,0000
109,0000	122,1815	87,0872	106,2108	45,2190	32,6563	39,1208	14,3208	12,7501	141,1640	151,5600	155,5458	155,7756	36,0755	114,3334	114,3909	200,0967	129,3288	49,5781	0,0000	0,0000	0,0000	0,0000	0,0000	0,0000	0,0000	0,0000	0,0000	0,0000	777,6689	9197,4380	17,8932	883,7560	3299,8871	9,2259	2,3800	2,4300	1,8200	4,5000	4,5000	300,0000	150,0000	1300,0000	175,0000	175,0000	3,4700	0,3400	0,2300	0,3000	0,1800	0,6000	0,6000	21,4508	3,8201	35,0943	0,4283	0,6845	225,8652	26,9055	8530,1161	0,0000	0,0000	0,0000
109,0000	121,7977	85,8030	105,9476	46,7096	33,1814	41,1700	15,0954	14,4523	142,8065	144,9210	151,6370	131,0302	35,6470	120,2310	115,8000	199,3520	128,8174	50,5512	0,0000	0,0000	0,0000	0,0000	0,0000	0,0000	0,0000	0,0000	0,0000	0,0000	758,2710	9055,1072	17,6512	888,1117	3200,2803	9,0834	2,3800	2,4300	1,8200	4,5000	4,5000	300,0000	150,0000	1300,0000	175,0000	175,0000	3,4700	0,3400	0,2300	0,3000	0,1800	0,6000	0,6000	43,0363	5,6978	35,9947	0,4191	0,7035	225,8652	26,9055	9219,6516	0,0000	0,0000	0,0000
109,0000	124,9837	86,1512	107,9408	50,0632	36,8706	43,3482	15,1555	16,0096	152,5602	141,8323	130,5390	134,6344	36,1703	122,2961	122,8074	198,5542	132,3593	53,7814	0,0000	0,0000	0,0000	0,0000	0,0000	0,0000	0,0000	0,0000	0,0000	0,0000	716,2511	10016,7780	19,0275	1085,4436	2968,9893	9,0325	2,3800	2,4300	1,8200	4,5000	4,5000	300,0000	150,0000	1300,0000	175,0000	175,0000	3,4700	0,3400	0,2300	0,3000	0,1800	0,6000	0,6000	34,5156	6,3358	38,8325	0,3815	0,7042	225,8652	26,9055	9387,7094	0,0000	0,0000	0,0000
109,0000	125,9708	86,7522	109,0606	46,1324	34,3513	40,0812	14,4553	13,2875	154,5320	150,1273	148,9445	164,0946	37,1490	122,2961	116,4857	200,4074	133,4383	50,6149	0,0000	0,0000	0,0000	0,0000	0,0000	0,0000	0,0000	0,0000	0,0000	0,0000	765,5105	10409,2680	19,6886	878,7708	3233,5110	9,1191	2,3800	2,4300	1,8200	4,5000	4,5000	300,0000	150,0000	1300,0000	175,0000	175,0000	3,4700	0,3400	0,2300	0,3000	0,1800	0,6000	0,6000	20,0000	4,1134	39,2185	0,4188	0,6962	225,8652	26,9055	9281,0363	0,0000	0,0000	0,0000
109,0000	122,9497	87,7688	106,8638	45,3132	32,8002	39,1792	14,3259	12,7078	141,7958	151,5322	155,7069	157,3997	36,3051	114,4346	114,6129	200,4074	130,1561	49,6933	0,0000	0,0000	0,0000	0,0000	0,0000	0,0000	0,0000	0,0000	0,0000	0,0000	759,6585	9311,4335	18,0369	863,5649	3316,7115	9,2209	2,3800	2,4300	1,8200	4,5000	4,5000	300,0000	150,0000	1300,0000	175,0000	175,0000	3,4700	0,3400	0,2300	0,3000	0,1800	0,6000	0,6000	20,0000	3,8089	35,1810	0,4281	0,6827	225,8652	26,9055	8516,1141	0,0000	0,0000	0,0000
109,0000	121,5984	86,0356	105,8268	45,6464	32,5848	39,9661	14,7099	13,5197	141,8932	148,3659	154,4843	144,1897	35,8045	117,1845	114,5091	199,6300	128,5865	49,7041	0,0000	0,0000	0,0000	0,0000	0,0000	0,0000	0,0000	0,0000	0,0000	0,0000	798,9936	9075,5928	17,7428	886,8022	3227,0835	9,1215	2,3800	2,4300	1,8200	4,5000	4,5000	300,0000	150,0000	1300,0000	175,0000	175,0000	3,4700	0,3400	0,2300	0,3000	0,1800	0,6000	0,6000	33,0348	4,7097	35,5628	0,4264	0,6945	225,8652	26,9055	8870,4184	0,0000	0,0000	0,0000
109,0000	123,4507	85,9386	107,0544	49,3772	35,8717	43,5864	15,4610	16,1280	147,8002	140,0758	138,5831	118,5093	35,7466	125,2073	120,2091	196,5684	130,6021	52,6421	0,0000	0,0000	0,0000	0,0000	0,0000	0,0000	0,0000	0,0000	0,0000	0,0000	725,4207	9420,5290	18,1489	982,6619	3044,4613	8,9917	2,3800	2,4300	1,8200	4,5000	4,5000	300,0000	150,0000	1300,0000	175,0000	175,0000	3,4700	0,3400	0,2300	0,3000	0,1800	0,6000	0,6000	45,9679	6,9062	37,5121	0,3885	0,7145	225,8652	26,9055	9751,2175	0,0000	0,0000	0,0000
109,0000	126,9096	86,1792	109,6972	46,8268	34,6842	40,9557	14,5378	14,0354	159,4759	148,3209	138,5393	165,3057	37,3361	125,2073	117,8857	200,3328	134,5006	51,3231	0,0000	0,0000	0,0000	0,0000	0,0000	0,0000	0,0000	0,0000	0,0000	0,0000	743,6557	10803,2329	20,2455	896,4890	3033,4499	8,8462	2,3800	2,4300	1,8200	4,5000	4,5000	300,0000	150,0000	1300,0000	175,0000	175,0000	3,4700	0,3400	0,2300	0,3000	0,1800	0,6000	0,6000	20,0000	4,5135	40,7304	0,4116	0,7018	225,8652	26,9055	9577,9636	0,0000	0,0000	0,0000
109,0000	124,0530	88,2735	107,7641	45,4236	33,0560	39,2897	14,3570	12,7479	144,0000	151,4356	155,1803	158,8124	36,6330	115,9770	114,8285	200,3328	131,3458	49,8259	0,0000	0,0000	0,0000	0,0000	0,0000	0,0000	0,0000	0,0000	0,0000	0,0000	773,1149	9553,8972	18,4199	867,8700	3315,3237	9,2252	2,3800	2,4300	1,8200	4,5000	4,5000	300,0000	150,0000	1300,0000	175,0000	175,0000	3,4700	0,3400	0,2300	0,3000	0,1800	0,6000	0,6000	20,0000	3,8576	35,7795	0,4268	0,6841	225,8652	26,9055	8648,4978	0,0000	0,0000	0,0000
109,0000	121,8268	86,6740	105,9674	45,1584	32,5809	39,2825	14,4327	12,9474	141,1432	150,7542	155,3236	152,1537	35,9698	115,0344	114,2335	199,8167	128,9475	49,5036	0,0000	0,0000	0,0000	0,0000	0,0000	0,0000	0,0000	0,0000	0,0000	0,0000	770,9661	9130,5378	17,7831	874,0960	3266,2178	9,1611	2,3800	2,4300	1,8200	4,5000	4,5000	300,0000	150,0000	1300,0000	175,0000	175,0000	3,4700	0,3400	0,2300	0,3000	0,1800	0,6000	0,6000	25,4075	4,0625	35,1528	0,4283	0,6873	225,8652	26,9055	8618,0403	0,0000	0,0000	0,0000
109,0000	122,2385	85,8374	106,2853	47,7527	34,1643	42,3925	15,3805	15,3237	144,1547	142,0274	147,2011	119,3558	35,6051	123,0921	117,3912	198,4990	129,2953	51,3787	0,0000	0,0000	0,0000	0,0000	0,0000	0,0000	0,0000	0,0000	0,0000	0,0000	723,3923	9099,3593	17,6652	898,4099	3143,3021	9,0135	2,3800	2,4300	1,8200	4,5000	4,5000	300,0000	150,0000	1300,0000	175,0000	175,0000	3,4700	0,3400	0,2300	0,3000	0,1800	0,6000	0,6000	49,7795	6,4904	36,4011	0,4086	0,7107	225,8652	26,9055	9536,0831	0,0000	0,0000	0,0000
109,0000	125,8497	86,2957	108,8042	48,3983	35,6084	42,4378	14,8105	15,2631	156,6754	144,8398	131,5497	153,2367	36,7640	123,0921	121,1125	200,0859	133,5276	52,8589	0,0000	0,0000	0,0000	0,0000	0,0000	0,0000	0,0000	0,0000	0,0000	0,0000	635,1255	10478,1939	19,5967	930,4455	2969,8028	8,8018	2,3800	2,4300	1,8200	4,5000	4,5000	300,0000	150,0000	1300,0000	175,0000	175,0000	3,4700	0,3400	0,2300	0,3000	0,1800	0,6000	0,6000	23,8157	5,4680	39,5540	0,3947	0,7013	225,8652	26,9055	9409,7687	0,0000	0,0000	0,0000
109,0000	124,9672	87,4954	108,3763	45,7660	33,8076	39,6490	14,4026	12,9602	149,1535	150,9816	153,2034	161,6929	36,8830	119,0665	115,6708	200,1830	132,3404	50,2154	0,0000	0,0000	0,0000	0,0000	0,0000	0,0000	0,0000	0,0000	0,0000	0,0000	783,6753	9969,9147	19,0583	884,0930	3302,4333	9,2302	2,3800	2,4300	1,8200	4,5000	4,5000	300,0000	150,0000	1300,0000	175,0000	175,0000	3,4700	0,3400	0,2300	0,3000	0,1800	0,6000	0,6000	20,0000	3,9582	37,4718	0,4222	0,6902	225,8652	26,9055	8958,0104	0,0000	0,0000	0,0000
109,0000	122,2948	87,1979	106,3020	45,2402	32,6842	39,1217	14,3111	12,7293	141,2296	151,6090	155,6021	156,3244	36,1090	114,2587	114,4462	200,1830	129,4509	49,6037	0,0000	0,0000	0,0000	0,0000	0,0000	0,0000	0,0000	0,0000	0,0000	0,0000	779,0733	9214,5397	17,9209	884,6281	3306,0764	9,2365	2,3800	2,4300	1,8200	4,5000	4,5000	300,0000	150,0000	1300,0000	175,0000	175,0000	3,4700	0,3400	0,2300	0,3000	0,1800	0,6000	0,6000	20,6947	3,7982	35,0969	0,4283	0,6840	225,8652	26,9055	8518,3091	0,0000	0,0000	0,0000
