HR	AOPmax	AOPmin	AOPmean	PAPmax	PAPmin	PAPmean	PRAmean	WedgeP	QLV	Qsist	QRV	Qpulm	LVes	LVed	RVes	RVed	Plvmax	Prvmax	QVADmax	QVADmin	QVADmean	QECMO	P1mean	P2mean	P3mean	Qventing	Qinflow1	Qinflow2	PELeftV	SWLeftV	MVO2LeftV	PERightV	SWRightV	MVO2RightV	RupAbr	RkidAbr	RsplAbr	RllAbr	RrlAbr	V0upbr	V0kidbr	V0spbr	V0llbr	V0rlbr	Emaxl	Emaxr	RupVbr	RkidVbr	RspVbr	RllVbr	RrlVbr	Paw	Ppleural	PP	RV EF 	LV EF 	Ccw linear	Cl linear	CO	ECMOflowma	ECMOlfowmi	ECMOvol
109,0000	108,5630	73,5171	93,7156	40,5497	30,2263	35,4584	11,8229	10,8591	137,0163	127,7051	119,3930	138,1577	31,9441	107,4400	100,7660	171,9353	115,1293	44,3768	0,0000	0,0000	0,0000	0,0000	0,0000	0,0000	0,0000	0,0000	0,0000	0,0000	496,5651	8005,6292	15,6889	602,8633	2306,7647	7,3193	2,3800	2,4300	1,8200	4,5000	4,5000	300,0000	150,0000	1300,0000	175,0000	175,0000	3,4700	0,3400	0,2300	0,3000	0,1800	0,6000	0,6000	15,0000	3,6378	35,0459	0,4139	0,7027	222,0954	35,7076	8229,0593	0,0000	0,0000	0,0000
109,0000	106,2008	75,2499	92,1338	39,4589	28,7274	34,1236	11,6117	9,8024	124,2604	131,1318	132,7318	135,7917	31,4011	99,8685	98,8490	172,1999	112,5102	43,2479	0,0000	0,0000	0,0000	0,0000	0,0000	0,0000	0,0000	0,0000	0,0000	0,0000	547,0120	7123,7009	14,4446	613,0590	2513,6574	7,6441	2,3800	2,4300	1,8200	4,5000	4,5000	300,0000	150,0000	1300,0000	175,0000	175,0000	3,4700	0,3400	0,2300	0,3000	0,1800	0,6000	0,6000	15,0000	2,8859	30,9508	0,4260	0,6856	222,0954	35,7076	7462,9538	0,0000	0,0000	0,0000
109,0000	104,2007	73,9503	90,5776	39,2392	28,2526	34,1960	11,7388	10,0034	121,3136	130,2414	133,8750	131,0295	30,8172	98,7818	98,4974	172,2625	110,3503	42,9995	0,0000	0,0000	0,0000	0,0000	0,0000	0,0000	0,0000	0,0000	0,0000	0,0000	523,6792	6767,3282	13,8763	594,0123	2489,7073	7,5798	2,3800	2,4300	1,8200	4,5000	4,5000	300,0000	150,0000	1300,0000	175,0000	175,0000	3,4700	0,3400	0,2300	0,3000	0,1800	0,6000	0,6000	21,0725	3,1382	30,2505	0,4282	0,6880	222,0954	35,7076	7408,1398	0,0000	0,0000	0,0000
109,0000	104,7003	73,3132	90,9452	41,7693	29,9055	37,0181	12,7246	12,2093	124,0364	121,0278	126,9469	105,6869	30,4377	105,9092	101,0103	170,9580	110,7903	44,9019	0,0000	0,0000	0,0000	0,0000	0,0000	0,0000	0,0000	0,0000	0,0000	0,0000	502,1945	6758,8586	13,8315	618,4737	2411,2362	7,4990	2,3800	2,4300	1,8200	4,5000	4,5000	300,0000	150,0000	1300,0000	175,0000	175,0000	3,4700	0,3400	0,2300	0,3000	0,1800	0,6000	0,6000	40,7194	5,6728	31,3871	0,4092	0,7126	222,0954	35,7076	8226,3914	0,0000	0,0000	0,0000
109,0000	107,7757	73,6266	93,0514	41,7074	30,9721	36,6223	12,0766	11,8326	135,0598	124,4092	114,1247	130,9729	31,4913	105,9092	102,8501	171,3579	114,3950	45,5254	0,0000	0,0000	0,0000	0,0000	0,0000	0,0000	0,0000	0,0000	0,0000	0,0000	437,5142	7799,8243	15,2926	621,8732	2261,9795	7,2807	2,3800	2,4300	1,8200	4,5000	4,5000	300,0000	150,0000	1300,0000	175,0000	175,0000	3,4700	0,3400	0,2300	0,3000	0,1800	0,6000	0,6000	16,2967	4,5048	34,1491	0,3998	0,7027	222,0954	35,7076	8111,5569	0,0000	0,0000	0,0000
109,0000	107,0165	74,6584	92,6869	39,7266	29,3398	34,4207	11,6589	9,9946	128,5612	130,5661	130,6687	137,2134	31,6161	102,4533	99,3922	172,3095	113,4006	43,5399	0,0000	0,0000	0,0000	0,0000	0,0000	0,0000	0,0000	0,0000	0,0000	0,0000	532,3435	7425,0649	14,8736	604,1126	2491,8667	7,5981	2,3800	2,4300	1,8200	4,5000	4,5000	300,0000	150,0000	1300,0000	175,0000	175,0000	3,4700	0,3400	0,2300	0,3000	0,1800	0,6000	0,6000	15,0000	3,0250	32,3582	0,4232	0,6914	222,0954	35,7076	7721,2563	0,0000	0,0000	0,0000
109,0000	104,6603	74,4094	90,8752	39,3023	28,3562	33,9744	11,5773	9,7562	121,5391	131,3961	133,8331	134,4035	30,9520	98,0075	98,6266	172,3687	110,8456	43,0730	0,0000	0,0000	0,0000	0,0000	0,0000	0,0000	0,0000	0,0000	0,0000	0,0000	532,0138	6852,8970	14,0168	608,2257	2521,6165	7,6488	2,3800	2,4300	1,8200	4,5000	4,5000	300,0000	150,0000	1300,0000	175,0000	175,0000	3,4700	0,3400	0,2300	0,3000	0,1800	0,6000	0,6000	16,3102	2,8042	30,2509	0,4278	0,6842	222,0954	35,7076	7309,0438	0,0000	0,0000	0,0000
109,0000	104,2063	73,2753	90,5787	40,6589	28,7978	35,7518	12,3771	11,2704	122,5094	124,6677	131,5810	116,5505	30,5048	102,7963	99,6092	172,1104	110,2510	44,0015	0,0000	0,0000	0,0000	0,0000	0,0000	0,0000	0,0000	0,0000	0,0000	0,0000	531,6354	6708,7272	13,8005	613,4731	2461,7279	7,5671	2,3800	2,4300	1,8200	4,5000	4,5000	300,0000	150,0000	1300,0000	175,0000	175,0000	3,4700	0,3400	0,2300	0,3000	0,1800	0,6000	0,6000	34,8228	4,6956	30,9310	0,4212	0,7033	222,0954	35,7076	7879,7709	0,0000	0,0000	0,0000
109,0000	106,8078	73,5519	92,1581	43,3505	32,2676	37,6019	12,4974	12,6411	130,5709	120,8478	114,2252	115,0194	30,8517	105,7087	104,3725	169,4654	113,1734	46,5656	0,0000	0,0000	0,0000	0,0000	0,0000	0,0000	0,0000	0,0000	0,0000	0,0000	471,5502	7381,3748	14,7173	712,3342	2297,1270	7,4687	2,3800	2,4300	1,8200	4,5000	4,5000	300,0000	150,0000	1300,0000	175,0000	175,0000	3,4700	0,3400	0,2300	0,3000	0,1800	0,6000	0,6000	26,9556	5,5347	33,2559	0,3841	0,7081	222,0954	35,7076	8159,4149	0,0000	0,0000	0,0000
109,0000	108,0092	73,8737	93,3504	40,1181	29,9721	34,8986	11,7335	10,3651	134,0294	129,3388	125,9203	138,4763	31,8585	105,7087	100,1005	172,2695	114,4943	43,9497	0,0000	0,0000	0,0000	0,0000	0,0000	0,0000	0,0000	0,0000	0,0000	0,0000	517,3853	7804,2880	15,4188	601,2444	2419,8087	7,4860	2,3800	2,4300	1,8200	4,5000	4,5000	300,0000	150,0000	1300,0000	175,0000	175,0000	3,4700	0,3400	0,2300	0,3000	0,1800	0,6000	0,6000	15,0000	3,2797	34,1355	0,4189	0,6986	222,0954	35,7076	8049,6713	0,0000	0,0000	0,0000
109,0000	105,4262	74,9644	91,5118	39,3850	28,5191	34,0378	11,5838	9,7507	122,5150	131,3385	133,4972	135,3121	31,1766	98,6824	98,7666	172,3236	111,6725	43,1671	0,0000	0,0000	0,0000	0,0000	0,0000	0,0000	0,0000	0,0000	0,0000	0,0000	539,4926	6967,8732	14,2001	610,7481	2524,4268	7,6568	2,3800	2,4300	1,8200	4,5000	4,5000	300,0000	150,0000	1300,0000	175,0000	175,0000	3,4700	0,3400	0,2300	0,3000	0,1800	0,6000	0,6000	15,0000	2,8208	30,4618	0,4269	0,6841	222,0954	35,7076	7358,1289	0,0000	0,0000	0,0000
109,0000	104,0418	73,5015	90,4916	39,7050	28,2416	34,7094	11,9789	10,4396	121,7706	128,2265	133,4870	126,2309	30,6768	100,2461	98,6883	172,2397	110,0597	43,1991	0,0000	0,0000	0,0000	0,0000	0,0000	0,0000	0,0000	0,0000	0,0000	0,0000	505,0764	6727,3425	13,7886	565,7178	2469,1806	7,5067	2,3800	2,4300	1,8200	4,5000	4,5000	300,0000	150,0000	1300,0000	175,0000	175,0000	3,4700	0,3400	0,2300	0,3000	0,1800	0,6000	0,6000	26,5556	3,6905	30,5403	0,4270	0,6940	222,0954	35,7076	7583,0571	0,0000	0,0000	0,0000
109,0000	105,5417	73,3910	91,4567	42,8133	31,0714	37,7401	12,7758	12,7163	126,5439	119,5228	121,1659	104,9287	30,5204	107,4854	102,5520	169,3144	111,6997	45,7205	0,0000	0,0000	0,0000	0,0000	0,0000	0,0000	0,0000	0,0000	0,0000	0,0000	481,9373	6957,6820	14,0987	643,2251	2356,0901	7,4535	2,3800	2,4300	1,8200	4,5000	4,5000	300,0000	150,0000	1300,0000	175,0000	175,0000	3,4700	0,3400	0,2300	0,3000	0,1800	0,6000	0,6000	36,5330	5,9902	32,1507	0,3943	0,7161	222,0954	35,7076	8389,1796	0,0000	0,0000	0,0000
109,0000	108,5365	73,4652	93,6806	40,7188	30,3305	35,6516	11,8540	11,0244	137,1695	127,1719	117,8652	137,7205	31,9050	107,4854	101,0616	171,8378	115,1154	44,5456	0,0000	0,0000	0,0000	0,0000	0,0000	0,0000	0,0000	0,0000	0,0000	0,0000	495,4243	8007,3291	15,6898	611,1260	2284,1095	7,2977	2,3800	2,4300	1,8200	4,5000	4,5000	300,0000	150,0000	1300,0000	175,0000	175,0000	3,4700	0,3400	0,2300	0,3000	0,1800	0,6000	0,6000	15,0000	3,7649	35,0713	0,4119	0,7032	222,0954	35,7076	8238,2630	0,0000	0,0000	0,0000
109,0000	106,3782	75,2173	92,2652	39,4941	28,8131	34,1630	11,6201	9,8276	124,9280	131,0501	132,4384	135,9936	31,4504	100,2857	98,9109	172,2135	112,7028	43,2863	0,0000	0,0000	0,0000	0,0000	0,0000	0,0000	0,0000	0,0000	0,0000	0,0000	548,6691	7174,4051	14,5229	614,3141	2510,2363	7,6409	2,3800	2,4300	1,8200	4,5000	4,5000	300,0000	150,0000	1300,0000	175,0000	175,0000	3,4700	0,3400	0,2300	0,3000	0,1800	0,6000	0,6000	15,0000	2,9079	31,1608	0,4256	0,6864	222,0954	35,7076	7503,0501	0,0000	0,0000	0,0000
109,0000	104,2773	74,0509	90,6180	39,2458	28,2636	34,1136	11,6922	9,9262	121,2833	130,6030	133,8816	131,9256	30,8399	98,5192	98,5072	172,2759	110,4325	43,0075	0,0000	0,0000	0,0000	0,0000	0,0000	0,0000	0,0000	0,0000	0,0000	0,0000	526,5022	6782,4298	13,9031	600,7545	2497,0823	7,6009	2,3800	2,4300	1,8200	4,5000	4,5000	300,0000	150,0000	1300,0000	175,0000	175,0000	3,4700	0,3400	0,2300	0,3000	0,1800	0,6000	0,6000	19,9306	3,0375	30,2263	0,4282	0,6870	222,0954	35,7076	7377,0398	0,0000	0,0000	0,0000
109,0000	104,5449	73,3003	90,8352	41,5315	29,6457	36,7639	12,6675	12,0251	123,5661	121,6985	128,1667	107,5169	30,4342	105,2740	100,6932	171,3131	110,6216	44,7132	0,0000	0,0000	0,0000	0,0000	0,0000	0,0000	0,0000	0,0000	0,0000	0,0000	503,5854	6733,7730	13,7960	612,4939	2425,9614	7,5121	2,3800	2,4300	1,8200	4,5000	4,5000	300,0000	150,0000	1300,0000	175,0000	175,0000	3,4700	0,3400	0,2300	0,3000	0,1800	0,6000	0,6000	39,8663	5,5009	31,2445	0,4122	0,7109	222,0954	35,7076	8157,5390	0,0000	0,0000	0,0000
109,0000	107,5455	73,6239	92,8473	42,0202	31,1899	36,8699	12,1603	12,0404	134,1546	123,6076	113,6522	127,8464	31,3549	105,2740	103,3458	171,1529	114,1931	45,8206	0,0000	0,0000	0,0000	0,0000	0,0000	0,0000	0,0000	0,0000	0,0000	0,0000	410,9089	7722,4518	15,1369	620,7735	2268,3802	7,2886	2,3800	2,4300	1,8200	4,5000	4,5000	300,0000	150,0000	1300,0000	175,0000	175,0000	3,4700	0,3400	0,2300	0,3000	0,1800	0,6000	0,6000	18,2917	4,7333	33,9216	0,3962	0,7022	222,0954	35,7076	8057,1913	0,0000	0,0000	0,0000
109,0000	107,1920	74,4738	92,7992	39,8024	29,5213	34,5070	11,6714	10,0536	129,6536	130,3800	130,0082	137,5610	31,6597	103,0988	99,5471	172,3317	113,5934	43,6215	0,0000	0,0000	0,0000	0,0000	0,0000	0,0000	0,0000	0,0000	0,0000	0,0000	533,7400	7499,0164	14,9864	607,1265	2483,7898	7,5906	2,3800	2,4300	1,8200	4,5000	4,5000	300,0000	150,0000	1300,0000	175,0000	175,0000	3,4700	0,3400	0,2300	0,3000	0,1800	0,6000	0,6000	15,0000	3,0649	32,7182	0,4224	0,6929	222,0954	35,7076	7786,8637	0,0000	0,0000	0,0000
109,0000	104,7838	74,5075	90,9730	39,3209	28,3882	33,9767	11,5678	9,7426	121,6723	131,4430	133,8007	134,7451	30,9881	98,0295	98,6656	172,3898	110,9790	43,0943	0,0000	0,0000	0,0000	0,0000	0,0000	0,0000	0,0000	0,0000	0,0000	0,0000	533,2104	6871,8375	14,0470	608,8283	2524,9939	7,6548	2,3800	2,4300	1,8200	4,5000	4,5000	300,0000	150,0000	1300,0000	175,0000	175,0000	3,4700	0,3400	0,2300	0,3000	0,1800	0,6000	0,6000	15,5874	2,7874	30,2763	0,4277	0,6839	222,0954	35,7076	7307,5140	0,0000	0,0000	0,0000
109,0000	104,1642	73,2766	90,5460	40,4486	28,6174	35,5101	12,2958	11,0837	122,3591	125,4363	132,1204	118,7758	30,5368	102,2244	99,3678	172,1662	110,2037	43,8251	0,0000	0,0000	0,0000	0,0000	0,0000	0,0000	0,0000	0,0000	0,0000	0,0000	534,2075	6711,7913	13,8089	610,0069	2464,7912	7,5665	2,3800	2,4300	1,8200	4,5000	4,5000	300,0000	150,0000	1300,0000	175,0000	175,0000	3,4700	0,3400	0,2300	0,3000	0,1800	0,6000	0,6000	33,3216	4,4789	30,8876	0,4228	0,7013	222,0954	35,7076	7813,9583	0,0000	0,0000	0,0000
109,0000	106,5555	73,5107	92,0117	43,4135	32,4865	37,7171	12,5727	12,7190	129,7269	120,3395	115,3176	112,3688	30,7449	106,3006	104,1532	168,7054	112,9139	46,4563	0,0000	0,0000	0,0000	0,0000	0,0000	0,0000	0,0000	0,0000	0,0000	0,0000	462,7847	7293,6091	14,5728	697,7698	2310,0446	7,4662	2,3800	2,4300	1,8200	4,5000	4,5000	300,0000	150,0000	1300,0000	175,0000	175,0000	3,4700	0,3400	0,2300	0,3000	0,1800	0,6000	0,6000	29,1796	5,6864	33,0448	0,3826	0,7108	222,0954	35,7076	8235,5697	0,0000	0,0000	0,0000
109,0000	108,2127	73,7660	93,4908	40,2045	30,0209	35,0177	11,7525	10,4697	135,0215	128,9881	124,3136	138,5366	31,9037	106,3006	100,2250	172,1973	114,7211	44,0354	0,0000	0,0000	0,0000	0,0000	0,0000	0,0000	0,0000	0,0000	0,0000	0,0000	518,7486	7874,6197	15,5261	605,3743	2391,2441	7,4494	2,3800	2,4300	1,8200	4,5000	4,5000	300,0000	150,0000	1300,0000	175,0000	175,0000	3,4700	0,3400	0,2300	0,3000	0,1800	0,6000	0,6000	15,0000	3,3539	34,4467	0,4180	0,6999	222,0954	35,7076	8109,2592	0,0000	0,0000	0,0000
109,0000	105,6218	75,0773	91,6733	39,3981	28,5586	34,0531	11,5900	9,7583	122,8464	131,3012	133,3494	135,4094	31,2340	98,9224	98,7748	172,2504	111,8837	43,1814	0,0000	0,0000	0,0000	0,0000	0,0000	0,0000	0,0000	0,0000	0,0000	0,0000	541,4105	7001,1196	14,2527	611,1040	2522,2096	7,6540	2,3800	2,4300	1,8200	4,5000	4,5000	300,0000	150,0000	1300,0000	175,0000	175,0000	3,4700	0,3400	0,2300	0,3000	0,1800	0,6000	0,6000	15,0000	2,8347	30,5445	0,4266	0,6843	222,0954	35,7076	7378,0318	0,0000	0,0000	0,0000
109,0000	104,0144	73,6150	90,5006	39,5369	28,2417	34,5511	11,9095	10,3083	121,6240	128,8249	133,6745	127,6807	30,7143	99,8139	98,5886	172,2432	110,1253	43,0578	0,0000	0,0000	0,0000	0,0000	0,0000	0,0000	0,0000	0,0000	0,0000	0,0000	510,8842	6735,0814	13,8089	573,9975	2472,7325	7,5244	2,3800	2,4300	1,8200	4,5000	4,5000	300,0000	150,0000	1300,0000	175,0000	175,0000	3,4700	0,3400	0,2300	0,3000	0,1800	0,6000	0,6000	24,9965	3,5264	30,3993	0,4276	0,6923	222,0954	35,7076	7531,8609	0,0000	0,0000	0,0000
109,0000	105,2954	73,3675	91,3213	42,5268	30,7523	37,6242	12,7947	12,6351	125,8147	119,6695	122,7502	103,9691	30,4900	107,3242	102,1053	169,7407	111,4338	45,4963	0,0000	0,0000	0,0000	0,0000	0,0000	0,0000	0,0000	0,0000	0,0000	0,0000	501,3494	6891,3700	14,0285	647,1238	2369,7598	7,4798	2,3800	2,4300	1,8200	4,5000	4,5000	300,0000	150,0000	1300,0000	175,0000	175,0000	3,4700	0,3400	0,2300	0,3000	0,1800	0,6000	0,6000	38,0921	5,9793	31,9279	0,3985	0,7159	222,0954	35,7076	8374,9226	0,0000	0,0000	0,0000
109,0000	108,4260	73,4406	93,5820	40,9222	30,4581	35,8698	11,8913	11,2087	137,0043	126,5795	116,5537	136,9806	31,8348	107,3242	101,4323	171,7376	115,0141	44,7494	0,0000	0,0000	0,0000	0,0000	0,0000	0,0000	0,0000	0,0000	0,0000	0,0000	469,7171	7983,2191	15,6152	601,3517	2268,1878	7,2593	2,3800	2,4300	1,8200	4,5000	4,5000	300,0000	150,0000	1300,0000	175,0000	175,0000	3,4700	0,3400	0,2300	0,3000	0,1800	0,6000	0,6000	15,0000	3,9124	34,9854	0,4094	0,7034	222,0954	35,7076	8228,3385	0,0000	0,0000	0,0000
109,0000	106,5471	75,1318	92,3839	39,5395	28,9142	34,2130	11,6289	9,8599	125,7136	130,9536	132,0899	136,2439	31,4961	100,7643	98,9998	172,2330	112,8867	43,3360	0,0000	0,0000	0,0000	0,0000	0,0000	0,0000	0,0000	0,0000	0,0000	0,0000	550,2089	7231,1164	14,6101	615,9795	2506,7081	7,6381	2,3800	2,4300	1,8200	4,5000	4,5000	300,0000	150,0000	1300,0000	175,0000	175,0000	3,4700	0,3400	0,2300	0,3000	0,1800	0,6000	0,6000	15,0000	2,9327	31,4153	0,4252	0,6874	222,0954	35,7076	7550,2354	0,0000	0,0000	0,0000
109,0000	104,3626	74,1461	90,6683	39,2559	28,2801	34,0518	11,6523	9,8635	121,2964	130,8991	133,8809	132,7155	30,8651	98,3171	98,5265	172,2949	110,5244	43,0194	0,0000	0,0000	0,0000	0,0000	0,0000	0,0000	0,0000	0,0000	0,0000	0,0000	529,1290	6800,0947	13,9335	606,7354	2505,2271	7,6221	2,3800	2,4300	1,8200	4,5000	4,5000	300,0000	150,0000	1300,0000	175,0000	175,0000	3,4700	0,3400	0,2300	0,3000	0,1800	0,6000	0,6000	18,8821	2,9532	30,2166	0,4282	0,6861	222,0954	35,7076	7352,2695	0,0000	0,0000	0,0000
109,0000	104,4212	73,2909	90,7454	41,3010	29,4074	36,5042	12,6029	11,8355	123,1879	122,4153	129,2451	109,5903	30,4405	104,6165	100,3956	171,6096	110,4871	44,5285	0,0000	0,0000	0,0000	0,0000	0,0000	0,0000	0,0000	0,0000	0,0000	0,0000	505,2827	6717,6396	13,7744	607,1704	2438,0801	7,5222	2,3800	2,4300	1,8200	4,5000	4,5000	300,0000	150,0000	1300,0000	175,0000	175,0000	3,4700	0,3400	0,2300	0,3000	0,1800	0,6000	0,6000	38,9199	5,3131	31,1304	0,4150	0,7090	222,0954	35,7076	8085,1741	0,0000	0,0000	0,0000
109,0000	107,3553	73,5940	92,6478	42,3472	31,4281	37,0966	12,2455	12,2302	133,2081	122,8323	113,3917	124,5866	31,2188	104,6165	103,7905	170,8768	114,0976	46,1138	0,0000	0,0000	0,0000	0,0000	0,0000	0,0000	0,0000	0,0000	0,0000	0,0000	384,8721	7636,8892	14,9699	624,2619	2276,9481	7,3067	2,3800	2,4300	1,8200	4,5000	4,5000	300,0000	150,0000	1300,0000	175,0000	175,0000	3,4700	0,3400	0,2300	0,3000	0,1800	0,6000	0,6000	20,2866	4,9555	33,7613	0,3926	0,7016	222,0954	35,7076	8000,3450	0,0000	0,0000	0,0000
109,0000	107,3846	74,2936	92,9252	39,8810	29,7167	34,5987	11,6852	10,1205	130,7845	130,1635	129,2220	137,8769	31,7074	103,7697	99,7004	172,3426	113,8051	43,7053	0,0000	0,0000	0,0000	0,0000	0,0000	0,0000	0,0000	0,0000	0,0000	0,0000	535,2723	7576,5207	15,1047	610,3044	2473,2321	7,5795	2,3800	2,4300	1,8200	4,5000	4,5000	300,0000	150,0000	1300,0000	175,0000	175,0000	3,4700	0,3400	0,2300	0,3000	0,1800	0,6000	0,6000	15,0000	3,1100	33,0910	0,4215	0,6944	222,0954	35,7076	7854,7842	0,0000	0,0000	0,0000
109,0000	104,9256	74,6153	91,0911	39,3392	28,4216	33,9903	11,5680	9,7403	121,8383	131,4348	133,7537	134,9471	31,0296	98,1625	98,7012	172,3995	111,1320	43,1152	0,0000	0,0000	0,0000	0,0000	0,0000	0,0000	0,0000	0,0000	0,0000	0,0000	534,5900	6892,3007	14,0797	609,4112	2526,1832	7,6574	2,3800	2,4300	1,8200	4,5000	4,5000	300,0000	150,0000	1300,0000	175,0000	175,0000	3,4700	0,3400	0,2300	0,3000	0,1800	0,6000	0,6000	15,0000	2,7886	30,3103	0,4275	0,6839	222,0954	35,7076	7317,4862	0,0000	0,0000	0,0000
109,0000	104,1322	73,2860	90,5223	40,2467	28,4546	35,2802	12,2110	10,9026	122,2180	126,2007	132,5567	120,9263	30,5720	101,6856	99,1530	172,1917	110,1672	43,6551	0,0000	0,0000	0,0000	0,0000	0,0000	0,0000	0,0000	0,0000	0,0000	0,0000	536,8932	6715,6369	13,8187	607,1328	2466,2310	7,5643	2,3800	2,4300	1,8200	4,5000	4,5000	300,0000	150,0000	1300,0000	175,0000	175,0000	3,4700	0,3400	0,2300	0,3000	0,1800	0,6000	0,6000	31,8350	4,2608	30,8462	0,4242	0,6993	222,0954	35,7076	7751,3886	0,0000	0,0000	0,0000
109,0000	106,3265	73,4773	91,8663	43,3030	32,0990	37,7923	12,6401	12,7658	128,8697	119,9389	116,6557	110,0247	30,6784	106,8266	103,8137	168,0910	112,5848	46,3309	0,0000	0,0000	0,0000	0,0000	0,0000	0,0000	0,0000	0,0000	0,0000	0,0000	497,2192	7203,7273	14,4898	709,3461	2322,8931	7,5028	2,3800	2,4300	1,8200	4,5000	4,5000	300,0000	150,0000	1300,0000	175,0000	175,0000	3,4700	0,3400	0,2300	0,3000	0,1800	0,6000	0,6000	31,2536	5,8101	32,8492	0,3824	0,7128	222,0954	35,7076	8300,1511	0,0000	0,0000	0,0000
109,0000	108,3878	73,6643	93,6096	40,3024	30,0777	35,1506	11,7738	10,5887	135,9144	128,5914	122,5972	138,5124	31,9378	106,8266	100,3684	172,1119	114,9187	44,1316	0,0000	0,0000	0,0000	0,0000	0,0000	0,0000	0,0000	0,0000	0,0000	0,0000	519,7640	7936,1945	15,6197	610,2298	2360,5440	7,4108	2,3800	2,4300	1,8200	4,5000	4,5000	300,0000	150,0000	1300,0000	175,0000	175,0000	3,4700	0,3400	0,2300	0,3000	0,1800	0,6000	0,6000	15,0000	3,4385	34,7236	0,4168	0,7010	222,0954	35,7076	8162,8835	0,0000	0,0000	0,0000
109,0000	105,8259	75,1715	91,8395	39,4134	28,6049	34,0713	11,5968	9,7697	123,2552	131,2530	133,1711	135,5121	31,2937	99,2073	98,7866	172,1834	112,1044	43,1982	0,0000	0,0000	0,0000	0,0000	0,0000	0,0000	0,0000	0,0000	0,0000	0,0000	543,4074	7039,3010	14,3129	611,5509	2519,5172	7,6507	2,3800	2,4300	1,8200	4,5000	4,5000	300,0000	150,0000	1300,0000	175,0000	175,0000	3,4700	0,3400	0,2300	0,3000	0,1800	0,6000	0,6000	15,0000	2,8502	30,6544	0,4263	0,6846	222,0954	35,7076	7402,5821	0,0000	0,0000	0,0000
109,0000	104,0616	73,7336	90,5215	39,3790	28,2428	34,4115	11,8455	10,1912	121,4959	129,3667	133,7981	128,9654	30,7534	99,4225	98,5233	172,2461	110,2010	42,9919	0,0000	0,0000	0,0000	0,0000	0,0000	0,0000	0,0000	0,0000	0,0000	0,0000	515,9717	6744,8338	13,8311	581,0551	2477,7752	7,5426	2,3800	2,4300	1,8200	4,5000	4,5000	300,0000	150,0000	1300,0000	175,0000	175,0000	3,4700	0,3400	0,2300	0,3000	0,1800	0,6000	0,6000	23,5520	3,3782	30,3280	0,4280	0,6907	222,0954	35,7076	7484,9389	0,0000	0,0000	0,0000
109,0000	105,0725	73,3476	91,1922	42,2554	30,4456	37,4577	12,7948	12,5209	125,1472	119,9768	124,2646	103,6277	30,4664	106,9611	101,6966	170,1664	111,1930	45,2839	0,0000	0,0000	0,0000	0,0000	0,0000	0,0000	0,0000	0,0000	0,0000	0,0000	500,2899	6835,0820	13,9427	632,4436	2382,4064	7,4767	2,3800	2,4300	1,8200	4,5000	4,5000	300,0000	150,0000	1300,0000	175,0000	175,0000	3,4700	0,3400	0,2300	0,3000	0,1800	0,6000	0,6000	39,5366	5,9237	31,7248	0,4024	0,7152	222,0954	35,7076	8337,9145	0,0000	0,0000	0,0000
109,0000	108,2391	73,4538	93,4267	41,1633	30,6119	36,1137	11,9380	11,4112	136,5262	125,9151	115,5030	135,7625	31,7351	106,9611	101,8812	171,6318	114,8347	44,9908	0,0000	0,0000	0,0000	0,0000	0,0000	0,0000	0,0000	0,0000	0,0000	0,0000	467,0965	7934,3228	15,5381	613,1650	2260,1718	7,2649	2,3800	2,4300	1,8200	4,5000	4,5000	300,0000	150,0000	1300,0000	175,0000	175,0000	3,4700	0,3400	0,2300	0,3000	0,1800	0,6000	0,6000	15,0000	4,0852	34,7853	0,4064	0,7033	222,0954	35,7076	8199,6300	0,0000	0,0000	0,0000
109,0000	106,7096	75,0008	92,4923	39,5959	29,0435	34,2753	11,6383	9,9003	126,6160	130,8402	131,6786	136,5490	31,5388	101,3042	99,1172	172,2577	113,0641	43,3977	0,0000	0,0000	0,0000	0,0000	0,0000	0,0000	0,0000	0,0000	0,0000	0,0000	529,8589	7293,4963	14,6730	599,0704	2502,5737	7,6066	2,3800	2,4300	1,8200	4,5000	4,5000	300,0000	150,0000	1300,0000	175,0000	175,0000	3,4700	0,3400	0,2300	0,3000	0,1800	0,6000	0,6000	15,0000	2,9607	31,7088	0,4246	0,6887	222,0954	35,7076	7604,4330	0,0000	0,0000	0,0000
109,0000	104,4592	74,2376	90,7310	39,2697	28,3024	34,0095	11,6193	9,8153	121,3575	131,1292	133,8710	133,3998	30,8934	98,1757	98,5558	172,3187	110,6286	43,0354	0,0000	0,0000	0,0000	0,0000	0,0000	0,0000	0,0000	0,0000	0,0000	0,0000	530,0698	6818,8892	13,9630	607,1693	2512,1663	7,6331	2,3800	2,4300	1,8200	4,5000	4,5000	300,0000	150,0000	1300,0000	175,0000	175,0000	3,4700	0,3400	0,2300	0,3000	0,1800	0,6000	0,6000	17,9225	2,8858	30,2216	0,4281	0,6853	222,0954	35,7076	7333,7686	0,0000	0,0000	0,0000
109,0000	104,3303	73,2859	90,6765	41,0769	29,1824	36,2419	12,5298	11,6420	122,9015	123,1733	130,1757	111,9312	30,4570	103,9720	100,1152	171,8421	110,3876	44,3468	0,0000	0,0000	0,0000	0,0000	0,0000	0,0000	0,0000	0,0000	0,0000	0,0000	507,3052	6710,2264	13,7663	602,4074	2448,4455	7,5306	2,3800	2,4300	1,8200	4,5000	4,5000	300,0000	150,0000	1300,0000	175,0000	175,0000	3,4700	0,3400	0,2300	0,3000	0,1800	0,6000	0,6000	37,8845	5,1092	31,0444	0,4174	0,7071	222,0954	35,7076	8013,1389	0,0000	0,0000	0,0000
109,0000	107,2334	73,5870	92,4674	42,6858	31,6886	37,2994	12,3333	12,3993	132,2749	122,0885	113,3694	121,1861	31,0886	104,4529	104,1455	170,5109	113,7674	46,3992	0,0000	0,0000	0,0000	0,0000	0,0000	0,0000	0,0000	0,0000	0,0000	0,0000	491,1231	7549,0416	14,9975	722,9500	2283,9540	7,4648	2,3800	2,4300	1,8200	4,5000	4,5000	300,0000	150,0000	1300,0000	175,0000	175,0000	3,4700	0,3400	0,2300	0,3000	0,1800	0,6000	0,6000	22,2816	5,1703	33,6464	0,3892	0,7024	222,0954	35,7076	7996,7158	0,0000	0,0000	0,0000
109,0000	107,5960	74,1332	93,0672	39,9613	29,8871	34,6956	11,7003	10,1960	131,9295	129,9146	128,2851	138,1454	31,7598	104,4529	99,8473	172,3376	114,0376	43,7896	0,0000	0,0000	0,0000	0,0000	0,0000	0,0000	0,0000	0,0000	0,0000	0,0000	536,9529	7656,4857	15,2269	613,6438	2459,3796	7,5638	2,3800	2,4300	1,8200	4,5000	4,5000	300,0000	150,0000	1300,0000	175,0000	175,0000	3,4700	0,3400	0,2300	0,3000	0,1800	0,6000	0,6000	15,0000	3,1611	33,4628	0,4206	0,6959	222,0954	35,7076	7923,5567	0,0000	0,0000	0,0000
109,0000	105,0872	74,7339	91,2276	39,3565	28,4559	34,0077	11,5729	9,7433	122,0399	131,4046	133,6883	135,0847	31,0771	98,3210	98,7311	172,3934	111,3065	43,1349	0,0000	0,0000	0,0000	0,0000	0,0000	0,0000	0,0000	0,0000	0,0000	0,0000	536,1706	6915,7045	14,1171	609,9469	2526,1652	7,6582	2,3800	2,4300	1,8200	4,5000	4,5000	300,0000	150,0000	1300,0000	175,0000	175,0000	3,4700	0,3400	0,2300	0,3000	0,1800	0,6000	0,6000	15,0000	2,7984	30,3533	0,4273	0,6839	222,0954	35,7076	7329,5940	0,0000	0,0000	0,0000
109,0000	104,1044	73,3051	90,5066	40,0528	28,3035	35,0662	12,1269	10,7315	122,0751	126,9391	132,9354	122,9228	30,6086	101,1717	98,9647	172,2121	110,1349	43,4915	0,0000	0,0000	0,0000	0,0000	0,0000	0,0000	0,0000	0,0000	0,0000	0,0000	539,6350	6719,2780	13,8283	604,8205	2467,0405	7,5621	2,3800	2,4300	1,8200	4,5000	4,5000	300,0000	150,0000	1300,0000	175,0000	175,0000	3,4700	0,3400	0,2300	0,3000	0,1800	0,6000	0,6000	29,9030	4,0507	30,7993	0,4253	0,6975	222,0954	35,7076	7691,3786	0,0000	0,0000	0,0000
109,0000	106,0710	73,4481	91,7266	43,1759	31,7306	37,8197	12,6981	12,7805	128,0465	119,6648	118,1001	107,9539	30,6181	107,2233	103,4271	168,5002	112,2706	46,1876	0,0000	0,0000	0,0000	0,0000	0,0000	0,0000	0,0000	0,0000	0,0000	0,0000	488,2630	7114,0888	14,3423	677,4540	2332,9343	7,4701	2,3800	2,4300	1,8200	4,5000	4,5000	300,0000	150,0000	1300,0000	175,0000	175,0000	3,4700	0,3400	0,2300	0,3000	0,1800	0,6000	0,6000	33,1856	5,9039	32,6228	0,3862	0,7144	222,0954	35,7076	8349,9625	0,0000	0,0000	0,0000
109,0000	108,5118	73,5801	93,6898	40,4194	30,1473	35,3007	11,7978	10,7218	136,6068	128,1518	120,9039	138,3887	31,9529	107,2233	100,5498	172,0215	115,0626	44,2472	0,0000	0,0000	0,0000	0,0000	0,0000	0,0000	0,0000	0,0000	0,0000	0,0000	520,2083	7981,9958	15,6889	615,9749	2331,3296	7,3756	2,3800	2,4300	1,8200	4,5000	4,5000	300,0000	150,0000	1300,0000	175,0000	175,0000	3,4700	0,3400	0,2300	0,3000	0,1800	0,6000	0,6000	15,0000	3,5354	34,9316	0,4155	0,7020	222,0954	35,7076	8204,4669	0,0000	0,0000	0,0000
109,0000	106,0253	75,2328	91,9983	39,4338	28,6620	34,0951	11,6043	9,7845	123,7363	131,1952	132,9607	135,6410	31,3512	99,5299	98,8107	172,1901	112,3201	43,2205	0,0000	0,0000	0,0000	0,0000	0,0000	0,0000	0,0000	0,0000	0,0000	0,0000	545,3385	7081,1958	14,3784	612,2025	2516,5701	7,6472	2,3800	2,4300	1,8200	4,5000	4,5000	300,0000	150,0000	1300,0000	175,0000	175,0000	3,4700	0,3400	0,2300	0,3000	0,1800	0,6000	0,6000	15,0000	2,8677	30,7926	0,4262	0,6850	222,0954	35,7076	7431,4785	0,0000	0,0000	0,0000
109,0000	104,1331	73,8491	90,5470	39,2355	28,2463	34,2909	11,7873	10,0873	121,3813	129,8496	133,8645	130,1020	30,7915	99,0705	98,4935	172,2528	110,2777	42,9947	0,0000	0,0000	0,0000	0,0000	0,0000	0,0000	0,0000	0,0000	0,0000	0,0000	520,5645	6755,4363	13,8538	587,6897	2483,7695	7,5615	2,3800	2,4300	1,8200	4,5000	4,5000	300,0000	150,0000	1300,0000	175,0000	175,0000	3,4700	0,3400	0,2300	0,3000	0,1800	0,6000	0,6000	22,2162	3,2461	30,2840	0,4282	0,6892	222,0954	35,7076	7442,4115	0,0000	0,0000	0,0000
109,0000	104,8684	73,3279	91,0620	41,9974	30,1583	37,2448	12,7700	12,3724	124,5412	120,4562	125,6990	104,2241	30,4483	106,4511	101,3253	170,5854	110,9723	45,0816	0,0000	0,0000	0,0000	0,0000	0,0000	0,0000	0,0000	0,0000	0,0000	0,0000	501,1366	6789,8963	13,8763	624,6573	2396,0129	7,4854	2,3800	2,4300	1,8200	4,5000	4,5000	300,0000	150,0000	1300,0000	175,0000	175,0000	3,4700	0,3400	0,2300	0,3000	0,1800	0,6000	0,6000	40,8724	5,8162	31,5405	0,4060	0,7140	222,0954	35,7076	8284,3020	0,0000	0,0000	0,0000
109,0000	108,0044	73,5121	93,2373	41,4379	30,7909	36,3791	12,0011	11,6286	135,8209	125,1608	114,6959	133,7330	31,6138	106,4511	102,3868	171,5093	114,6094	45,2636	0,0000	0,0000	0,0000	0,0000	0,0000	0,0000	0,0000	0,0000	0,0000	0,0000	440,1514	7868,1515	15,3988	607,1866	2259,0337	7,2543	2,3800	2,4300	1,8200	4,5000	4,5000	300,0000	150,0000	1300,0000	175,0000	175,0000	3,4700	0,3400	0,2300	0,3000	0,1800	0,6000	0,6000	15,0000	4,2899	34,4922	0,4030	0,7030	222,0954	35,7076	8157,2658	0,0000	0,0000	0,0000
109,0000	106,8707	74,8306	92,5956	39,6621	29,1923	34,3484	11,6485	9,9475	127,6100	130,7070	131,1935	136,8948	31,5799	101,8930	99,2580	172,2860	113,2406	43,4698	0,0000	0,0000	0,0000	0,0000	0,0000	0,0000	0,0000	0,0000	0,0000	0,0000	531,1806	7360,8758	14,7758	601,6133	2497,6809	7,6031	2,3800	2,4300	1,8200	4,5000	4,5000	300,0000	150,0000	1300,0000	175,0000	175,0000	3,4700	0,3400	0,2300	0,3000	0,1800	0,6000	0,6000	15,0000	2,9922	32,0401	0,4239	0,6901	222,0954	35,7076	7664,1264	0,0000	0,0000	0,0000
109,0000	104,5652	74,3283	90,8050	39,2865	28,3298	33,9849	11,5937	9,7802	121,4530	131,2950	133,8534	133,9764	30,9244	98,0816	98,5929	172,3461	110,7430	43,0548	0,0000	0,0000	0,0000	0,0000	0,0000	0,0000	0,0000	0,0000	0,0000	0,0000	531,0981	6837,5682	13,9925	607,7199	2517,6299	7,6421	2,3800	2,4300	1,8200	4,5000	4,5000	300,0000	150,0000	1300,0000	175,0000	175,0000	3,4700	0,3400	0,2300	0,3000	0,1800	0,6000	0,6000	17,0476	2,8354	30,2370	0,4279	0,6847	222,0954	35,7076	7320,1333	0,0000	0,0000	0,0000
109,0000	104,2644	73,2822	90,6246	40,8582	28,9735	35,9835	12,4509	11,4480	122,6866	123,9508	130,9677	114,3896	30,4813	103,3567	99,8470	172,0102	110,3151	44,1674	0,0000	0,0000	0,0000	0,0000	0,0000	0,0000	0,0000	0,0000	0,0000	0,0000	529,5022	6708,9317	13,7976	617,0919	2456,8098	7,5651	2,3800	2,4300	1,8200	4,5000	4,5000	300,0000	150,0000	1300,0000	175,0000	175,0000	3,4700	0,3400	0,2300	0,3000	0,1800	0,6000	0,6000	36,2837	4,8949	30,9823	0,4195	0,7051	222,0954	35,7076	7943,4228	0,0000	0,0000	0,0000
109,0000	107,0681	73,6011	92,3059	43,0314	31,9739	37,4708	12,4213	12,5408	131,3823	121,4041	113,6377	117,8189	30,9651	105,1237	104,3542	170,0300	113,4536	46,6506	0,0000	0,0000	0,0000	0,0000	0,0000	0,0000	0,0000	0,0000	0,0000	0,0000	480,6817	7462,2735	14,8520	719,0931	2289,7236	7,4677	2,3800	2,4300	1,8200	4,5000	4,5000	300,0000	150,0000	1300,0000	175,0000	175,0000	3,4700	0,3400	0,2300	0,3000	0,1800	0,6000	0,6000	24,7573	5,3711	33,4670	0,3863	0,7054	222,0954	35,7076	8083,2947	0,0000	0,0000	0,0000
109,0000	107,8157	73,9927	93,2179	40,0419	29,9304	34,7974	11,7169	10,2797	133,0497	129,6328	127,1621	138,3474	31,8133	105,1237	99,9825	172,3121	114,2798	43,8727	0,0000	0,0000	0,0000	0,0000	0,0000	0,0000	0,0000	0,0000	0,0000	0,0000	538,6713	7735,2333	15,3473	617,1300	2441,2763	7,5419	2,3800	2,4300	1,8200	4,5000	4,5000	300,0000	150,0000	1300,0000	175,0000	175,0000	3,4700	0,3400	0,2300	0,3000	0,1800	0,6000	0,6000	15,0000	3,2191	33,8230	0,4198	0,6974	222,0954	35,7076	7990,8344	0,0000	0,0000	0,0000
109,0000	105,2613	74,8569	91,3741	39,3721	28,4855	34,0236	11,5783	9,7468	122,2707	131,3725	133,6005	135,2076	31,1283	98,4994	98,7531	172,3670	111,4944	43,1526	0,0000	0,0000	0,0000	0,0000	0,0000	0,0000	0,0000	0,0000	0,0000	0,0000	537,8792	6941,7362	14,1586	610,3848	2525,6860	7,6581	2,3800	2,4300	1,8200	4,5000	4,5000	300,0000	150,0000	1300,0000	175,0000	175,0000	3,4700	0,3400	0,2300	0,3000	0,1800	0,6000	0,6000	15,0000	2,8094	30,4044	0,4271	0,6840	222,0954	35,7076	7343,4564	0,0000	0,0000	0,0000
109,0000	104,0745	73,4061	90,4972	39,8680	28,2412	34,8721	12,0477	10,5738	121,9208	127,6310	133,2515	124,7273	30,6448	100,6801	98,8071	172,2287	110,0998	43,3361	0,0000	0,0000	0,0000	0,0000	0,0000	0,0000	0,0000	0,0000	0,0000	0,0000	542,3662	6722,7009	13,8375	603,0649	2467,5511	7,5602	2,3800	2,4300	1,8200	4,5000	4,5000	300,0000	150,0000	1300,0000	175,0000	175,0000	3,4700	0,3400	0,2300	0,3000	0,1800	0,6000	0,6000	28,1052	3,8563	30,6685	0,4263	0,6956	222,0954	35,7076	7633,8556	0,0000	0,0000	0,0000
109,0000	105,7912	73,4192	91,5878	43,0292	31,3805	37,8003	12,7446	12,7625	127,2544	119,5254	119,6550	106,2062	30,5629	107,4507	102,9901	168,9200	111,9689	45,9387	0,0000	0,0000	0,0000	0,0000	0,0000	0,0000	0,0000	0,0000	0,0000	0,0000	484,0215	7028,3660	14,2076	658,4409	2343,3105	7,4571	2,3800	2,4300	1,8200	4,5000	4,5000	300,0000	150,0000	1300,0000	175,0000	175,0000	3,4700	0,3400	0,2300	0,3000	0,1800	0,6000	0,6000	34,9834	5,9652	32,3719	0,3903	0,7156	222,0954	35,7076	8380,7654	0,0000	0,0000	0,0000
109,0000	108,5643	73,5128	93,7155	40,5613	30,2334	35,4721	11,8251	10,8709	137,0388	127,6670	119,2739	138,1329	31,9423	107,4507	100,7858	171,9282	115,1318	44,3884	0,0000	0,0000	0,0000	0,0000	0,0000	0,0000	0,0000	0,0000	0,0000	0,0000	496,5124	8006,6787	15,6904	603,4346	2304,8942	7,3173	2,3800	2,4300	1,8200	4,5000	4,5000	300,0000	150,0000	1300,0000	175,0000	175,0000	3,4700	0,3400	0,2300	0,3000	0,1800	0,6000	0,6000	15,0000	3,6467	35,0516	0,4138	0,7027	222,0954	35,7076	8230,4124	0,0000	0,0000	0,0000
109,0000	106,2147	75,2495	92,1444	39,4613	28,7333	34,1262	11,6124	9,8041	124,3069	131,1262	132,7116	135,8054	31,4050	99,8981	98,8529	172,2008	112,5253	43,2504	0,0000	0,0000	0,0000	0,0000	0,0000	0,0000	0,0000	0,0000	0,0000	0,0000	547,1442	7127,3555	14,4502	613,1410	2513,4124	7,6439	2,3800	2,4300	1,8200	4,5000	4,5000	300,0000	150,0000	1300,0000	175,0000	175,0000	3,4700	0,3400	0,2300	0,3000	0,1800	0,6000	0,6000	15,0000	2,8874	30,9652	0,4259	0,6856	222,0954	35,7076	7465,7506	0,0000	0,0000	0,0000
109,0000	104,2065	73,9583	90,5806	39,2396	28,2533	34,1891	11,7351	9,9972	121,3103	130,2708	133,8758	131,1005	30,8190	98,7604	98,4979	172,2635	110,3565	43,0000	0,0000	0,0000	0,0000	0,0000	0,0000	0,0000	0,0000	0,0000	0,0000	0,0000	523,8904	6768,4238	13,8783	594,5132	2490,2346	7,5813	2,3800	2,4300	1,8200	4,5000	4,5000	300,0000	150,0000	1300,0000	175,0000	175,0000	3,4700	0,3400	0,2300	0,3000	0,1800	0,6000	0,6000	20,9835	3,1301	30,2482	0,4282	0,6879	222,0954	35,7076	7405,6147	0,0000	0,0000	0,0000
109,0000	104,6879	73,3124	90,9366	41,7511	29,8855	36,9993	12,7205	12,1958	123,9984	121,0764	127,0432	105,8163	30,4372	105,8633	100,9858	170,9866	110,7768	44,8876	0,0000	0,0000	0,0000	0,0000	0,0000	0,0000	0,0000	0,0000	0,0000	0,0000	502,2916	6756,6940	13,8284	617,9996	2412,4179	7,5000	2,3800	2,4300	1,8200	4,5000	4,5000	300,0000	150,0000	1300,0000	175,0000	175,0000	3,4700	0,3400	0,2300	0,3000	0,1800	0,6000	0,6000	40,6588	5,6605	31,3755	0,4094	0,7125	222,0954	35,7076	8221,4366	0,0000	0,0000	0,0000
109,0000	107,7579	73,6446	93,0364	41,7303	30,9878	36,6416	12,0829	11,8488	134,9947	124,3483	114,0828	130,7435	31,4812	105,8633	102,8883	171,3446	114,3788	45,5474	0,0000	0,0000	0,0000	0,0000	0,0000	0,0000	0,0000	0,0000	0,0000	0,0000	437,3104	7794,1592	15,2838	623,1815	2262,3335	7,2832	2,3800	2,4300	1,8200	4,5000	4,5000	300,0000	150,0000	1300,0000	175,0000	175,0000	3,4700	0,3400	0,2300	0,3000	0,1800	0,6000	0,6000	16,4463	4,5221	34,1132	0,3995	0,7026	222,0954	35,7076	8107,6438	0,0000	0,0000	0,0000
109,0000	107,0294	74,6444	92,6951	39,7322	29,3530	34,4270	11,6598	9,9988	128,6417	130,5532	130,6230	137,2401	31,6193	102,5009	99,4038	172,3115	113,4148	43,5459	0,0000	0,0000	0,0000	0,0000	0,0000	0,0000	0,0000	0,0000	0,0000	0,0000	532,4469	7430,5487	14,8820	604,3320	2491,3358	7,5977	2,3800	2,4300	1,8200	4,5000	4,5000	300,0000	150,0000	1300,0000	175,0000	175,0000	3,4700	0,3400	0,2300	0,3000	0,1800	0,6000	0,6000	15,0000	3,0278	32,3850	0,4231	0,6915	222,0954	35,7076	7726,0946	0,0000	0,0000	0,0000
109,0000	104,6692	74,4166	90,8821	39,3037	28,3586	33,9742	11,5763	9,7548	121,5484	131,4017	133,8311	134,4337	30,9546	98,0032	98,6296	172,3706	110,8552	43,0746	0,0000	0,0000	0,0000	0,0000	0,0000	0,0000	0,0000	0,0000	0,0000	0,0000	532,1003	6854,2911	14,0191	608,2714	2521,9085	7,6493	2,3800	2,4300	1,8200	4,5000	4,5000	300,0000	150,0000	1300,0000	175,0000	175,0000	3,4700	0,3400	0,2300	0,3000	0,1800	0,6000	0,6000	16,2534	2,8023	30,2526	0,4278	0,6841	222,0954	35,7076	7308,2957	0,0000	0,0000	0,0000
109,0000	104,2029	73,2753	90,5760	40,6430	28,7838	35,7334	12,3711	11,2562	122,4975	124,7255	131,6257	116,7212	30,5071	102,7525	99,5907	172,1164	110,2472	43,9883	0,0000	0,0000	0,0000	0,0000	0,0000	0,0000	0,0000	0,0000	0,0000	0,0000	531,8254	6708,9162	13,8011	613,1980	2462,0423	7,5671	2,3800	2,4300	1,8200	4,5000	4,5000	300,0000	150,0000	1300,0000	175,0000	175,0000	3,4700	0,3400	0,2300	0,3000	0,1800	0,6000	0,6000	34,7074	4,6794	30,9276	0,4214	0,7031	222,0954	35,7076	7874,7506	0,0000	0,0000	0,0000
109,0000	106,7882	73,5486	92,1470	43,3753	32,2930	37,6115	12,5033	12,6481	130,5072	120,8062	114,2900	114,8068	30,8430	105,7551	104,3652	169,4139	113,1524	46,5581	0,0000	0,0000	0,0000	0,0000	0,0000	0,0000	0,0000	0,0000	0,0000	0,0000	470,8466	7374,8670	14,7065	711,5404	2297,9248	7,4687	2,3800	2,4300	1,8200	4,5000	4,5000	300,0000	150,0000	1300,0000	175,0000	175,0000	3,4700	0,3400	0,2300	0,3000	0,1800	0,6000	0,6000	27,1278	5,5470	33,2396	0,3840	0,7084	222,0954	35,7076	8165,4161	0,0000	0,0000	0,0000
109,0000	108,0252	73,8652	93,3615	40,1244	29,9756	34,9072	11,7349	10,3725	134,1070	129,3137	125,8096	138,4839	31,8622	105,7551	100,1099	172,2651	114,5121	43,9560	0,0000	0,0000	0,0000	0,0000	0,0000	0,0000	0,0000	0,0000	0,0000	0,0000	517,4965	7809,8035	15,4272	601,5413	2417,8561	7,4835	2,3800	2,4300	1,8200	4,5000	4,5000	300,0000	150,0000	1300,0000	175,0000	175,0000	3,4700	0,3400	0,2300	0,3000	0,1800	0,6000	0,6000	15,0000	3,2849	34,1600	0,4189	0,6987	222,0954	35,7076	8054,3306	0,0000	0,0000	0,0000
109,0000	105,4406	74,9733	91,5237	39,3860	28,5219	34,0390	11,5842	9,7512	122,5376	131,3357	133,4875	135,3199	31,1808	98,6990	98,7674	172,3191	111,6880	43,1682	0,0000	0,0000	0,0000	0,0000	0,0000	0,0000	0,0000	0,0000	0,0000	0,0000	539,6334	6970,2142	14,2038	610,7763	2524,2934	7,6567	2,3800	2,4300	1,8200	4,5000	4,5000	300,0000	150,0000	1300,0000	175,0000	175,0000	3,4700	0,3400	0,2300	0,3000	0,1800	0,6000	0,6000	15,0000	2,8218	30,4673	0,4268	0,6841	222,0954	35,7076	7359,4830	0,0000	0,0000	0,0000
109,0000	104,0397	73,5098	90,4919	39,6921	28,2417	34,6969	11,9736	10,4292	121,7592	128,2731	133,5035	126,3459	30,6796	100,2125	98,6799	172,2403	110,0643	43,1883	0,0000	0,0000	0,0000	0,0000	0,0000	0,0000	0,0000	0,0000	0,0000	0,0000	505,5485	6727,8601	13,7901	566,4025	2469,3883	7,5081	2,3800	2,4300	1,8200	4,5000	4,5000	300,0000	150,0000	1300,0000	175,0000	175,0000	3,4700	0,3400	0,2300	0,3000	0,1800	0,6000	0,6000	26,4345	3,6776	30,5299	0,4271	0,6939	222,0954	35,7076	7579,0913	0,0000	0,0000	0,0000
109,0000	105,5225	73,3891	91,4464	42,7913	31,0468	37,7333	12,7778	12,7113	126,4874	119,5283	121,2877	104,8403	30,5180	107,4808	102,5170	169,3465	111,6791	45,7034	0,0000	0,0000	0,0000	0,0000	0,0000	0,0000	0,0000	0,0000	0,0000	0,0000	481,8450	6952,3470	14,0906	642,0076	2357,1677	7,4533	2,3800	2,4300	1,8200	4,5000	4,5000	300,0000	150,0000	1300,0000	175,0000	175,0000	3,4700	0,3400	0,2300	0,3000	0,1800	0,6000	0,6000	36,6541	5,9908	32,1335	0,3946	0,7161	222,0954	35,7076	8388,9554	0,0000	0,0000	0,0000
109,0000	108,5313	73,4623	93,6755	40,7328	30,3393	35,6671	11,8566	11,0376	137,1688	127,1297	117,7582	137,6774	31,9009	107,4808	101,0867	171,8304	115,1110	44,5596	0,0000	0,0000	0,0000	0,0000	0,0000	0,0000	0,0000	0,0000	0,0000	0,0000	495,3055	8006,4610	15,6883	611,8119	2282,6411	7,2966	2,3800	2,4300	1,8200	4,5000	4,5000	300,0000	150,0000	1300,0000	175,0000	175,0000	3,4700	0,3400	0,2300	0,3000	0,1800	0,6000	0,6000	15,0000	3,7752	35,0690	0,4117	0,7032	222,0954	35,7076	8238,2195	0,0000	0,0000	0,0000
109,0000	106,3913	75,2129	92,2746	39,4971	28,8203	34,1664	11,6207	9,8297	124,9830	131,0434	132,4143	136,0106	31,4540	100,3197	98,9166	172,2148	112,7171	43,2896	0,0000	0,0000	0,0000	0,0000	0,0000	0,0000	0,0000	0,0000	0,0000	0,0000	548,7903	7178,4722	14,5292	614,4248	2509,9706	7,6407	2,3800	2,4300	1,8200	4,5000	4,5000	300,0000	150,0000	1300,0000	175,0000	175,0000	3,4700	0,3400	0,2300	0,3000	0,1800	0,6000	0,6000	15,0000	2,9096	31,1784	0,4256	0,6865	222,0954	35,7076	7506,3565	0,0000	0,0000	0,0000
109,0000	104,2835	74,0583	90,6215	39,2464	28,2646	34,1083	11,6890	9,9210	121,2830	130,6275	133,8818	131,9884	30,8417	98,5020	98,5083	172,2772	110,4392	43,0082	0,0000	0,0000	0,0000	0,0000	0,0000	0,0000	0,0000	0,0000	0,0000	0,0000	526,7203	6783,6862	13,9053	601,2679	2497,6716	7,6026	2,3800	2,4300	1,8200	4,5000	4,5000	300,0000	150,0000	1300,0000	175,0000	175,0000	3,4700	0,3400	0,2300	0,3000	0,1800	0,6000	0,6000	19,8487	3,0306	30,2252	0,4282	0,6869	222,0954	35,7076	7374,9724	0,0000	0,0000	0,0000
109,0000	104,5346	73,2996	90,8279	41,5139	29,6269	36,7445	12,6629	12,0111	123,5347	121,7508	128,2526	107,6637	30,4344	105,2252	100,6704	171,3375	110,6105	44,6992	0,0000	0,0000	0,0000	0,0000	0,0000	0,0000	0,0000	0,0000	0,0000	0,0000	503,7035	6732,2824	13,7940	612,0726	2426,9755	7,5129	2,3800	2,4300	1,8200	4,5000	4,5000	300,0000	150,0000	1300,0000	175,0000	175,0000	3,4700	0,3400	0,2300	0,3000	0,1800	0,6000	0,6000	39,7985	5,4874	31,2350	0,4124	0,7108	222,0954	35,7076	8152,1963	0,0000	0,0000	0,0000
109,0000	107,5296	73,6210	92,8321	42,0443	31,2070	36,8876	12,1667	12,0553	134,0846	123,5485	113,6248	127,6063	31,3446	105,2252	103,3814	171,1350	114,1806	45,8429	0,0000	0,0000	0,0000	0,0000	0,0000	0,0000	0,0000	0,0000	0,0000	0,0000	386,2193	7716,3201	15,0908	602,0966	2269,0066	7,2616	2,3800	2,4300	1,8200	4,5000	4,5000	300,0000	150,0000	1300,0000	175,0000	175,0000	3,4700	0,3400	0,2300	0,3000	0,1800	0,6000	0,6000	18,4413	4,7502	33,9086	0,3959	0,7021	222,0954	35,7076	8052,9841	0,0000	0,0000	0,0000
109,0000	107,2059	74,4600	92,8082	39,8083	29,5356	34,5138	11,6724	10,0583	129,7374	130,3648	129,9540	137,5861	31,6631	103,1484	99,5588	172,3331	113,6087	43,6278	0,0000	0,0000	0,0000	0,0000	0,0000	0,0000	0,0000	0,0000	0,0000	0,0000	533,8508	7504,7210	14,9951	607,3606	2483,0917	7,5899	2,3800	2,4300	1,8200	4,5000	4,5000	300,0000	150,0000	1300,0000	175,0000	175,0000	3,4700	0,3400	0,2300	0,3000	0,1800	0,6000	0,6000	15,0000	3,0681	32,7459	0,4223	0,6930	222,0954	35,7076	7791,8970	0,0000	0,0000	0,0000
109,0000	104,7939	74,5153	90,9812	39,3223	28,3906	33,9774	11,5675	9,7420	121,6836	131,4442	133,7978	134,7653	30,9910	98,0386	98,6684	172,3910	110,9898	43,0959	0,0000	0,0000	0,0000	0,0000	0,0000	0,0000	0,0000	0,0000	0,0000	0,0000	533,3079	6873,3374	14,0494	608,8736	2525,1916	7,6551	2,3800	2,4300	1,8200	4,5000	4,5000	300,0000	150,0000	1300,0000	175,0000	175,0000	3,4700	0,3400	0,2300	0,3000	0,1800	0,6000	0,6000	15,5362	2,7869	30,2786	0,4276	0,6839	222,0954	35,7076	7308,1935	0,0000	0,0000	0,0000
109,0000	104,1615	73,2770	90,5439	40,4331	28,6045	35,4924	12,2896	11,0699	122,3485	125,4939	132,1565	118,9389	30,5393	102,1828	99,3505	172,1687	110,2006	43,8120	0,0000	0,0000	0,0000	0,0000	0,0000	0,0000	0,0000	0,0000	0,0000	0,0000	534,4057	6712,0739	13,8097	609,7667	2464,9403	7,5663	2,3800	2,4300	1,8200	4,5000	4,5000	300,0000	150,0000	1300,0000	175,0000	175,0000	3,4700	0,3400	0,2300	0,3000	0,1800	0,6000	0,6000	33,2122	4,4626	30,8844	0,4229	0,7011	222,0954	35,7076	7809,1372	0,0000	0,0000	0,0000
109,0000	106,5376	73,5079	92,0004	43,4057	32,4563	37,7245	12,5780	12,7236	129,6608	120,3056	115,4166	112,1849	30,7397	106,3433	104,1278	168,6435	112,8898	46,4474	0,0000	0,0000	0,0000	0,0000	0,0000	0,0000	0,0000	0,0000	0,0000	0,0000	505,4445	7286,7936	14,6264	735,7678	2311,1738	7,5248	2,3800	2,4300	1,8200	4,5000	4,5000	300,0000	150,0000	1300,0000	175,0000	175,0000	3,4700	0,3400	0,2300	0,3000	0,1800	0,6000	0,6000	29,3402	5,6967	33,0296	0,3826	0,7109	222,0954	35,7076	8240,8001	0,0000	0,0000	0,0000
109,0000	108,2269	73,7576	93,5005	40,2113	30,0248	35,0272	11,7540	10,4781	135,0936	128,9602	124,1840	138,5381	31,9067	106,3433	100,2345	172,1909	114,7371	44,0420	0,0000	0,0000	0,0000	0,0000	0,0000	0,0000	0,0000	0,0000	0,0000	0,0000	518,8373	7879,6195	15,5337	605,7114	2388,8739	7,4464	2,3800	2,4300	1,8200	4,5000	4,5000	300,0000	150,0000	1300,0000	175,0000	175,0000	3,4700	0,3400	0,2300	0,3000	0,1800	0,6000	0,6000	15,0000	3,3598	34,4693	0,4179	0,7000	222,0954	35,7076	8113,5891	0,0000	0,0000	0,0000
109,0000	105,6369	75,0851	91,6858	39,3991	28,5617	34,0543	11,5905	9,7591	122,8747	131,2981	133,3368	135,4162	31,2385	98,9424	98,7753	172,2439	111,9001	43,1825	0,0000	0,0000	0,0000	0,0000	0,0000	0,0000	0,0000	0,0000	0,0000	0,0000	541,5594	7003,8422	14,2570	611,1309	2522,0099	7,6538	2,3800	2,4300	1,8200	4,5000	4,5000	300,0000	150,0000	1300,0000	175,0000	175,0000	3,4700	0,3400	0,2300	0,3000	0,1800	0,6000	0,6000	15,0000	2,8358	30,5518	0,4265	0,6843	222,0954	35,7076	7379,7325	0,0000	0,0000	0,0000
109,0000	104,0107	73,6239	90,5019	39,5247	28,2417	34,5399	11,9045	10,2990	121,6140	128,8677	133,6858	127,7823	30,7172	99,7832	98,5823	172,2432	110,1308	43,0475	0,0000	0,0000	0,0000	0,0000	0,0000	0,0000	0,0000	0,0000	0,0000	0,0000	511,2875	6735,7700	13,8105	574,5567	2473,0615	7,5258	2,3800	2,4300	1,8200	4,5000	4,5000	300,0000	150,0000	1300,0000	175,0000	175,0000	3,4700	0,3400	0,2300	0,3000	0,1800	0,6000	0,6000	24,8843	3,5147	30,3868	0,4277	0,6922	222,0954	35,7076	7528,1959	0,0000	0,0000	0,0000
109,0000	105,2780	73,3660	91,3115	42,5059	30,7288	37,6134	12,7955	12,6277	125,7625	119,6870	122,8659	103,9188	30,4881	107,3037	102,0734	169,7726	111,4150	45,4800	0,0000	0,0000	0,0000	0,0000	0,0000	0,0000	0,0000	0,0000	0,0000	0,0000	501,2643	6886,8412	14,0216	645,9945	2370,7445	7,4796	2,3800	2,4300	1,8200	4,5000	4,5000	300,0000	150,0000	1300,0000	175,0000	175,0000	3,4700	0,3400	0,2300	0,3000	0,1800	0,6000	0,6000	38,2043	5,9768	31,9120	0,3988	0,7159	222,0954	35,7076	8372,8990	0,0000	0,0000	0,0000
109,0000	108,4145	73,4402	93,5722	40,9390	30,4687	35,8872	11,8944	11,2233	136,9788	126,5324	116,4658	136,9088	31,8284	107,3037	101,4632	171,7299	115,0032	44,7662	0,0000	0,0000	0,0000	0,0000	0,0000	0,0000	0,0000	0,0000	0,0000	0,0000	469,5435	7980,3686	15,6107	602,1702	2267,2963	7,2592	2,3800	2,4300	1,8200	4,5000	4,5000	300,0000	150,0000	1300,0000	175,0000	175,0000	3,4700	0,3400	0,2300	0,3000	0,1800	0,6000	0,6000	15,0000	3,9244	34,9743	0,4092	0,7034	222,0954	35,7076	8226,8068	0,0000	0,0000	0,0000
109,0000	106,5595	75,1233	92,3924	39,5433	28,9231	34,2173	11,6296	9,8627	125,7774	130,9458	132,0614	136,2649	31,4994	100,8028	99,0076	172,2346	112,9003	43,3402	0,0000	0,0000	0,0000	0,0000	0,0000	0,0000	0,0000	0,0000	0,0000	0,0000	550,3203	7235,6271	14,6170	616,1242	2506,4127	7,6379	2,3800	2,4300	1,8200	4,5000	4,5000	300,0000	150,0000	1300,0000	175,0000	175,0000	3,4700	0,3400	0,2300	0,3000	0,1800	0,6000	0,6000	15,0000	2,9347	31,4362	0,4252	0,6875	222,0954	35,7076	7554,0676	0,0000	0,0000	0,0000
109,0000	104,3695	74,1531	90,6726	39,2568	28,2815	34,0480	11,6496	9,8594	121,2993	130,9186	133,8804	132,7704	30,8671	98,3044	98,5283	172,2965	110,5318	43,0204	0,0000	0,0000	0,0000	0,0000	0,0000	0,0000	0,0000	0,0000	0,0000	0,0000	529,1960	6801,5000	13,9357	606,7625	2505,8117	7,6230	2,3800	2,4300	1,8200	4,5000	4,5000	300,0000	150,0000	1300,0000	175,0000	175,0000	3,4700	0,3400	0,2300	0,3000	0,1800	0,6000	0,6000	18,8071	2,9476	30,2164	0,4281	0,6860	222,0954	35,7076	7350,6705	0,0000	0,0000	0,0000
109,0000	104,4133	73,2904	90,7396	41,2840	29,3899	36,4846	12,5977	11,8211	123,1633	122,4708	129,3199	109,7561	30,4414	104,5672	100,3740	171,6293	110,4784	44,5148	0,0000	0,0000	0,0000	0,0000	0,0000	0,0000	0,0000	0,0000	0,0000	0,0000	505,4235	6716,7768	13,7733	606,7937	2438,8963	7,5229	2,3800	2,4300	1,8200	4,5000	4,5000	300,0000	150,0000	1300,0000	175,0000	175,0000	3,4700	0,3400	0,2300	0,3000	0,1800	0,6000	0,6000	38,8452	5,2984	31,1230	0,4152	0,7089	222,0954	35,7076	8079,7087	0,0000	0,0000	0,0000
109,0000	107,3436	73,5927	92,6335	42,3723	31,4469	37,1127	12,2520	12,2437	133,1369	122,7753	113,3814	124,3365	31,2088	104,5672	103,8208	170,8528	114,0814	46,1356	0,0000	0,0000	0,0000	0,0000	0,0000	0,0000	0,0000	0,0000	0,0000	0,0000	456,3633	7630,2841	15,0670	686,1526	2277,5718	7,4002	2,3800	2,4300	1,8200	4,5000	4,5000	300,0000	150,0000	1300,0000	175,0000	175,0000	3,4700	0,3400	0,2300	0,3000	0,1800	0,6000	0,6000	20,4363	4,9719	33,7509	0,3923	0,7015	222,0954	35,7076	7996,0707	0,0000	0,0000	0,0000
109,0000	107,3998	74,2807	92,9353	39,8870	29,7323	34,6058	11,6863	10,1259	130,8702	130,1460	129,1573	137,8991	31,7112	103,8207	99,7117	172,3428	113,8218	43,7116	0,0000	0,0000	0,0000	0,0000	0,0000	0,0000	0,0000	0,0000	0,0000	0,0000	535,3930	7582,4538	15,1137	610,5511	2472,3045	7,5785	2,3800	2,4300	1,8200	4,5000	4,5000	300,0000	150,0000	1300,0000	175,0000	175,0000	3,4700	0,3400	0,2300	0,3000	0,1800	0,6000	0,6000	15,0000	3,1136	33,1191	0,4214	0,6946	222,0954	35,7076	7859,9327	0,0000	0,0000	0,0000
109,0000	104,9370	74,6239	91,1008	39,3405	28,4242	33,9916	11,5683	9,7404	121,8522	131,4327	133,7494	134,9578	31,0329	98,1735	98,7037	172,3996	111,1444	43,1167	0,0000	0,0000	0,0000	0,0000	0,0000	0,0000	0,0000	0,0000	0,0000	0,0000	534,7017	6893,9387	14,0823	609,4532	2526,2004	7,6575	2,3800	2,4300	1,8200	4,5000	4,5000	300,0000	150,0000	1300,0000	175,0000	175,0000	3,4700	0,3400	0,2300	0,3000	0,1800	0,6000	0,6000	15,0000	2,7893	30,3132	0,4275	0,6839	222,0954	35,7076	7318,3223	0,0000	0,0000	0,0000
109,0000	104,1299	73,2864	90,5207	40,2318	28,4427	35,2634	12,2045	10,8892	122,2073	126,2578	132,5873	121,0828	30,5746	101,6461	99,1378	172,1933	110,1646	43,6425	0,0000	0,0000	0,0000	0,0000	0,0000	0,0000	0,0000	0,0000	0,0000	0,0000	537,0965	6715,9180	13,8194	606,9390	2466,3105	7,5641	2,3800	2,4300	1,8200	4,5000	4,5000	300,0000	150,0000	1300,0000	175,0000	175,0000	3,4700	0,3400	0,2300	0,3000	0,1800	0,6000	0,6000	31,6853	4,2445	30,8435	0,4243	0,6992	222,0954	35,7076	7746,7866	0,0000	0,0000	0,0000
109,0000	106,3107	73,4750	91,8556	43,2940	32,0703	37,7960	12,6448	12,7680	128,8065	119,9139	116,7600	109,8591	30,6737	106,8612	103,7865	168,1213	112,5606	46,3209	0,0000	0,0000	0,0000	0,0000	0,0000	0,0000	0,0000	0,0000	0,0000	0,0000	496,5591	7196,9938	14,4787	707,1032	2323,7547	7,5007	2,3800	2,4300	1,8200	4,5000	4,5000	300,0000	150,0000	1300,0000	175,0000	175,0000	3,4700	0,3400	0,2300	0,3000	0,1800	0,6000	0,6000	31,4033	5,8182	32,8357	0,3827	0,7130	222,0954	35,7076	8304,4440	0,0000	0,0000	0,0000
109,0000	108,3991	73,6573	93,6171	40,3104	30,0825	35,1612	11,7755	10,5981	135,9739	128,5599	122,4690	138,5070	31,9396	106,8612	100,3803	172,1052	114,9315	44,1395	0,0000	0,0000	0,0000	0,0000	0,0000	0,0000	0,0000	0,0000	0,0000	0,0000	519,8184	7940,2274	15,6259	610,6261	2358,2706	7,4080	2,3800	2,4300	1,8200	4,5000	4,5000	300,0000	150,0000	1300,0000	175,0000	175,0000	3,4700	0,3400	0,2300	0,3000	0,1800	0,6000	0,6000	15,0000	3,4453	34,7418	0,4168	0,7011	222,0954	35,7076	8166,4562	0,0000	0,0000	0,0000
109,0000	105,8410	75,1773	91,8516	39,4147	28,6087	34,0729	11,5974	9,7707	123,2883	131,2490	133,1564	135,5207	31,2980	99,2299	98,7879	172,1838	112,1206	43,1996	0,0000	0,0000	0,0000	0,0000	0,0000	0,0000	0,0000	0,0000	0,0000	0,0000	543,5541	7042,2881	14,3175	611,5910	2519,3017	7,6504	2,3800	2,4300	1,8200	4,5000	4,5000	300,0000	150,0000	1300,0000	175,0000	175,0000	3,4700	0,3400	0,2300	0,3000	0,1800	0,6000	0,6000	15,0000	2,8515	30,6637	0,4263	0,6846	222,0954	35,7076	7404,5736	0,0000	0,0000	0,0000
109,0000	104,0669	73,7424	90,5232	39,3675	28,2429	34,4018	11,8410	10,1829	121,4866	129,4050	133,8050	129,0556	30,7562	99,3946	98,5199	172,2464	110,2066	42,9920	0,0000	0,0000	0,0000	0,0000	0,0000	0,0000	0,0000	0,0000	0,0000	0,0000	516,3280	6745,5797	13,8328	581,5600	2478,1966	7,5439	2,3800	2,4300	1,8200	4,5000	4,5000	300,0000	150,0000	1300,0000	175,0000	175,0000	3,4700	0,3400	0,2300	0,3000	0,1800	0,6000	0,6000	23,4481	3,3677	30,3245	0,4280	0,6906	222,0954	35,7076	7481,5841	0,0000	0,0000	0,0000
109,0000	105,0564	73,3461	91,1824	42,2356	30,4230	37,4433	12,7939	12,5110	125,0993	120,0067	124,3750	103,6346	30,4649	106,9266	101,6676	170,1982	111,1756	45,2684	0,0000	0,0000	0,0000	0,0000	0,0000	0,0000	0,0000	0,0000	0,0000	0,0000	500,2586	6831,1897	13,9368	631,5313	2383,3054	7,4767	2,3800	2,4300	1,8200	4,5000	4,5000	300,0000	150,0000	1300,0000	175,0000	175,0000	3,4700	0,3400	0,2300	0,3000	0,1800	0,6000	0,6000	39,6405	5,9176	31,7103	0,4027	0,7151	222,0954	35,7076	8334,3353	0,0000	0,0000	0,0000
109,0000	108,2224	73,4564	93,4131	41,1829	30,6245	36,1330	11,9420	11,4271	136,4793	125,8619	115,4351	135,6443	31,7265	106,9266	101,9177	171,6234	114,8186	45,0103	0,0000	0,0000	0,0000	0,0000	0,0000	0,0000	0,0000	0,0000	0,0000	0,0000	466,8752	7929,7859	15,5310	614,1385	2259,8764	7,2660	2,3800	2,4300	1,8200	4,5000	4,5000	300,0000	150,0000	1300,0000	175,0000	175,0000	3,4700	0,3400	0,2300	0,3000	0,1800	0,6000	0,6000	15,0000	4,0993	34,7660	0,4062	0,7033	222,0954	35,7076	8196,8113	0,0000	0,0000	0,0000
109,0000	106,7215	74,9888	92,5000	39,6006	29,0541	34,2805	11,6391	9,9036	126,6878	130,8310	131,6449	136,5738	31,5419	101,3469	99,1271	172,2597	113,0772	43,4028	0,0000	0,0000	0,0000	0,0000	0,0000	0,0000	0,0000	0,0000	0,0000	0,0000	529,9576	7298,3772	14,6805	599,2484	2502,2397	7,6064	2,3800	2,4300	1,8200	4,5000	4,5000	300,0000	150,0000	1300,0000	175,0000	175,0000	3,4700	0,3400	0,2300	0,3000	0,1800	0,6000	0,6000	15,0000	2,9629	31,7327	0,4245	0,6888	222,0954	35,7076	7608,7455	0,0000	0,0000	0,0000
109,0000	104,4668	74,2444	90,7360	39,2709	28,3044	34,0071	11,6171	9,8122	121,3636	131,1439	133,8699	133,4469	30,8956	98,1671	98,5584	172,3207	110,6368	43,0368	0,0000	0,0000	0,0000	0,0000	0,0000	0,0000	0,0000	0,0000	0,0000	0,0000	530,1432	6820,2869	13,9652	607,2073	2512,6207	7,6338	2,3800	2,4300	1,8200	4,5000	4,5000	300,0000	150,0000	1300,0000	175,0000	175,0000	3,4700	0,3400	0,2300	0,3000	0,1800	0,6000	0,6000	17,8540	2,8814	30,2225	0,4281	0,6853	222,0954	35,7076	7332,5962	0,0000	0,0000	0,0000
109,0000	104,3246	73,2857	90,6719	41,0603	29,1662	36,2222	12,5240	11,6273	122,8831	123,2316	130,2397	112,1187	30,4586	103,9249	100,0948	171,8569	110,3813	44,3333	0,0000	0,0000	0,0000	0,0000	0,0000	0,0000	0,0000	0,0000	0,0000	0,0000	507,4675	6709,9667	13,7662	602,0715	2449,1672	7,5312	2,3800	2,4300	1,8200	4,5000	4,5000	300,0000	150,0000	1300,0000	175,0000	175,0000	3,4700	0,3400	0,2300	0,3000	0,1800	0,6000	0,6000	37,8034	5,0933	31,0389	0,4176	0,7069	222,0954	35,7076	8007,8287	0,0000	0,0000	0,0000
109,0000	107,2294	73,5873	92,4547	42,7115	31,7091	37,3135	12,3401	12,4110	132,2065	122,0342	113,3781	120,9248	31,0791	104,5040	104,1671	170,4793	113,7430	46,4205	0,0000	0,0000	0,0000	0,0000	0,0000	0,0000	0,0000	0,0000	0,0000	0,0000	490,2969	7542,4775	14,9864	722,6947	2284,4000	7,4651	2,3800	2,4300	1,8200	4,5000	4,5000	300,0000	150,0000	1300,0000	175,0000	175,0000	3,4700	0,3400	0,2300	0,3000	0,1800	0,6000	0,6000	22,4312	5,1861	33,6421	0,3890	0,7026	222,0954	35,7076	8003,3200	0,0000	0,0000	0,0000
109,0000	107,6124	74,1223	93,0784	39,9673	29,8904	34,7031	11,7015	10,2020	132,0150	129,8945	128,2080	138,1632	31,7638	104,5040	99,8579	172,3364	114,0556	43,7959	0,0000	0,0000	0,0000	0,0000	0,0000	0,0000	0,0000	0,0000	0,0000	0,0000	537,0822	7662,4544	15,2360	613,9024	2458,1680	7,5624	2,3800	2,4300	1,8200	4,5000	4,5000	300,0000	150,0000	1300,0000	175,0000	175,0000	3,4700	0,3400	0,2300	0,3000	0,1800	0,6000	0,6000	15,0000	3,1652	33,4901	0,4206	0,6961	222,0954	35,7076	7928,6885	0,0000	0,0000	0,0000
109,0000	105,1000	74,7431	91,2384	39,3577	28,4585	34,0089	11,5732	9,7436	122,0563	131,4022	133,6826	135,0945	31,0808	98,3338	98,7331	172,3922	111,3203	43,1363	0,0000	0,0000	0,0000	0,0000	0,0000	0,0000	0,0000	0,0000	0,0000	0,0000	536,2956	6917,5800	14,1200	609,9841	2526,1392	7,6582	2,3800	2,4300	1,8200	4,5000	4,5000	300,0000	150,0000	1300,0000	175,0000	175,0000	3,4700	0,3400	0,2300	0,3000	0,1800	0,6000	0,6000	15,0000	2,7992	30,3569	0,4273	0,6839	222,0954	35,7076	7330,5789	0,0000	0,0000	0,0000
109,0000	104,1023	73,3125	90,5058	40,0386	28,2928	35,0510	12,1207	10,7192	122,0641	126,9926	132,9613	123,0647	30,6114	101,1342	98,9518	172,2135	110,1326	43,4796	0,0000	0,0000	0,0000	0,0000	0,0000	0,0000	0,0000	0,0000	0,0000	0,0000	539,8414	6719,4988	13,8289	604,6701	2467,0793	7,5619	2,3800	2,4300	1,8200	4,5000	4,5000	300,0000	150,0000	1300,0000	175,0000	175,0000	3,4700	0,3400	0,2300	0,3000	0,1800	0,6000	0,6000	29,7636	4,0356	30,7899	0,4254	0,6973	222,0954	35,7076	7686,9891	0,0000	0,0000	0,0000
109,0000	106,0497	73,4460	91,7163	43,1656	31,7033	37,8198	12,7020	12,7803	127,9862	119,6496	118,2128	107,8108	30,6138	107,2467	103,3960	168,5313	112,2477	46,1685	0,0000	0,0000	0,0000	0,0000	0,0000	0,0000	0,0000	0,0000	0,0000	0,0000	487,5654	7107,3860	14,3312	674,8319	2333,5965	7,4671	2,3800	2,4300	1,8200	4,5000	4,5000	300,0000	150,0000	1300,0000	175,0000	175,0000	3,4700	0,3400	0,2300	0,3000	0,1800	0,6000	0,6000	33,3250	5,9097	32,6037	0,3865	0,7145	222,0954	35,7076	8352,9825	0,0000	0,0000	0,0000
109,0000	108,5184	73,5745	93,6939	40,4291	30,1532	35,3128	11,7998	10,7324	136,6489	128,1171	120,7791	138,3749	31,9531	107,2467	100,5654	172,0146	115,0706	44,2568	0,0000	0,0000	0,0000	0,0000	0,0000	0,0000	0,0000	0,0000	0,0000	0,0000	496,8495	7984,6459	15,6580	596,9567	2329,2233	7,3440	2,3800	2,4300	1,8200	4,5000	4,5000	300,0000	150,0000	1300,0000	175,0000	175,0000	3,4700	0,3400	0,2300	0,3000	0,1800	0,6000	0,6000	15,0000	3,5432	34,9439	0,4154	0,7021	222,0954	35,7076	8206,9983	0,0000	0,0000	0,0000
