HR	AOPmax	AOPmin	AOPmean	PAPmax	PAPmin	PAPmean	PRAmean	WedgeP	QLV	Qsist	QRV	Qpulm	LVes	LVed	RVes	RVed	Plvmax	Prvmax	QVADmax	QVADmin	QVADmean	QECMO	P1mean	P2mean	P3mean	Qventing	Qinflow1	Qinflow2	PELeftV	SWLeftV	MVO2LeftV	PERightV	SWRightV	MVO2RightV	RupAbr	RkidAbr	RsplAbr	RllAbr	RrlAbr	V0upbr	V0kidbr	V0spbr	V0llbr	V0rlbr	Emaxl	Emaxr	RupVbr	RkidVbr	RspVbr	RllVbr	RrlVbr	Paw	Ppleural	PP	RV EF 	LV EF 	Ccw linear	Cl linear	CO	ECMOflowma	ECMOlfowmi	ECMOvol
109,0000	108,9321	75,0725	93,8932	41,4506	30,4569	35,8898	11,9315	12,0450	133,5115	124,4564	120,7216	124,7276	31,7880	106,6927	101,4758	169,2865	115,4710	45,2516	0,0000	0,0000	0,0000	0,0000	0,0000	0,0000	0,0000	0,0000	0,0000	0,0000	513,4401	7764,5801	15,3534	658,7734	2394,4565	7,5342	2,3800	2,4300	1,8200	4,5000	4,5000	300,0000	150,0000	1300,0000	175,0000	175,0000	3,4700	0,3400	0,2300	0,3000	0,1800	0,6000	0,6000	17,2069	4,3106	33,8596	0,4006	0,7021	211,5570	50,5084	8164,6091	0,0000	0,0000	0,0000
109,0000	109,1868	75,0688	94,3373	38,8194	28,7501	33,5565	11,1770	10,0535	134,7187	132,8443	129,1931	136,9050	32,4627	106,6927	98,1359	172,2827	115,7772	42,6798	0,0000	0,0000	0,0000	0,0000	0,0000	0,0000	0,0000	0,0000	0,0000	0,0000	570,0386	7964,6541	15,7376	606,0288	2440,5224	7,5242	2,3800	2,4300	1,8200	4,5000	4,5000	300,0000	150,0000	1300,0000	175,0000	175,0000	3,4700	0,3400	0,2300	0,3000	0,1800	0,6000	0,6000	10,0000	2,1121	34,1180	0,4304	0,6957	211,5570	50,5084	8091,0729	0,0000	0,0000	0,0000
109,0000	107,3928	75,6122	93,0485	38,3335	27,3647	32,9582	10,9864	9,4726	127,2271	135,2985	135,2697	135,6727	32,0427	102,1449	97,8108	173,1963	113,8066	42,1622	0,0000	0,0000	0,0000	0,0000	0,0000	0,0000	0,0000	0,0000	0,0000	0,0000	579,3758	7410,9670	14,9229	614,3074	2531,6718	7,6730	2,3800	2,4300	1,8200	4,5000	4,5000	300,0000	150,0000	1300,0000	175,0000	175,0000	3,4700	0,3400	0,2300	0,3000	0,1800	0,6000	0,6000	10,0000	1,5100	31,7806	0,4353	0,6863	211,5570	50,5084	7641,1347	0,0000	0,0000	0,0000
109,0000	106,6108	74,6296	92,5504	39,0135	27,1869	33,8887	11,5045	10,2601	126,7747	131,3752	135,9641	129,6178	31,6726	103,4651	98,3423	173,2585	112,8326	42,5608	0,0000	0,0000	0,0000	0,0000	0,0000	0,0000	0,0000	0,0000	0,0000	0,0000	607,5324	7211,2903	14,6662	623,9352	2500,9177	7,6414	2,3800	2,4300	1,8200	4,5000	4,5000	300,0000	150,0000	1300,0000	175,0000	175,0000	3,4700	0,3400	0,2300	0,3000	0,1800	0,6000	0,6000	22,1867	2,6160	31,9812	0,4324	0,6939	211,5570	50,5084	7825,3852	0,0000	0,0000	0,0000
109,0000	108,0638	74,9135	93,4614	41,6598	30,0346	36,2646	12,2357	12,2576	130,6003	122,8105	125,5896	117,4575	31,5043	108,3071	100,9605	170,1603	114,4266	44,8686	0,0000	0,0000	0,0000	0,0000	0,0000	0,0000	0,0000	0,0000	0,0000	0,0000	523,7217	7440,3558	14,8836	621,1590	2436,4460	7,5407	2,3800	2,4300	1,8200	4,5000	4,5000	300,0000	150,0000	1300,0000	175,0000	175,0000	3,4700	0,3400	0,2300	0,3000	0,1800	0,6000	0,6000	25,8677	4,8393	33,1502	0,4067	0,7091	211,5570	50,5084	8371,5064	0,0000	0,0000	0,0000
109,0000	109,7807	74,8302	94,7393	39,2797	29,0108	34,1203	11,3228	10,5916	137,5261	130,5876	123,5329	136,7441	32,5302	108,3071	98,6003	171,5158	116,4574	43,1500	0,0000	0,0000	0,0000	0,0000	0,0000	0,0000	0,0000	0,0000	0,0000	0,0000	523,8730	8157,9722	15,9578	582,6167	2351,3715	7,3557	2,3800	2,4300	1,8200	4,5000	4,5000	300,0000	150,0000	1300,0000	175,0000	175,0000	3,4700	0,3400	0,2300	0,3000	0,1800	0,6000	0,6000	10,0000	2,6207	34,9505	0,4251	0,6996	211,5570	50,5084	8259,6821	0,0000	0,0000	0,0000
109,0000	108,0686	75,8992	93,5925	38,3743	27,5737	33,0226	11,0335	9,5646	128,6717	134,8226	134,1308	135,6811	32,2250	103,1230	97,6684	172,9324	114,5408	42,2045	0,0000	0,0000	0,0000	0,0000	0,0000	0,0000	0,0000	0,0000	0,0000	0,0000	585,4841	7543,6985	15,1307	613,4241	2510,1953	7,6395	2,3800	2,4300	1,8200	4,5000	4,5000	300,0000	150,0000	1300,0000	175,0000	175,0000	3,4700	0,3400	0,2300	0,3000	0,1800	0,6000	0,6000	10,0000	1,6427	32,1693	0,4352	0,6875	211,5570	50,5084	7727,8909	0,0000	0,0000	0,0000
109,0000	106,6240	75,0125	92,5277	38,2988	27,1812	33,2141	11,1623	9,6916	126,3491	134,1980	136,1727	133,5607	31,8303	102,1224	97,9657	172,9968	112,9740	42,1241	0,0000	0,0000	0,0000	0,0000	0,0000	0,0000	0,0000	0,0000	0,0000	0,0000	567,5409	7258,1902	14,6766	601,2438	2511,7709	7,6236	2,3800	2,4300	1,8200	4,5000	4,5000	300,0000	150,0000	1300,0000	175,0000	175,0000	3,4700	0,3400	0,2300	0,3000	0,1800	0,6000	0,6000	15,8624	1,8307	31,6116	0,4337	0,6883	211,5570	50,5084	7661,8358	0,0000	0,0000	0,0000
109,0000	107,2127	74,7606	92,9952	40,6999	28,7990	35,7196	12,2017	11,7719	128,2657	124,4738	131,5049	117,3164	31,4480	107,1820	99,8332	172,2924	113,5038	44,0436	0,0000	0,0000	0,0000	0,0000	0,0000	0,0000	0,0000	0,0000	0,0000	0,0000	544,4658	7230,5687	14,6007	600,8410	2482,4933	7,5792	2,3800	2,4300	1,8200	4,5000	4,5000	300,0000	150,0000	1300,0000	175,0000	175,0000	3,4700	0,3400	0,2300	0,3000	0,1800	0,6000	0,6000	31,3566	4,5001	32,4521	0,4206	0,7066	211,5570	50,5084	8255,0005	0,0000	0,0000	0,0000
109,0000	109,3234	75,0234	94,3470	40,3071	29,6431	35,1205	11,6018	11,4341	136,1212	127,2388	120,3411	132,6257	32,1792	107,1820	100,1890	170,5792	116,0513	44,1997	0,0000	0,0000	0,0000	0,0000	0,0000	0,0000	0,0000	0,0000	0,0000	0,0000	463,9913	8009,8010	15,6464	581,6274	2347,4802	7,3484	2,3800	2,4300	1,8200	4,5000	4,5000	300,0000	150,0000	1300,0000	175,0000	175,0000	3,4700	0,3400	0,2300	0,3000	0,1800	0,6000	0,6000	10,8354	3,5042	34,3000	0,4127	0,6998	211,5570	50,5084	8175,3028	0,0000	0,0000	0,0000
109,0000	108,6335	75,5016	93,9723	38,5693	28,1001	33,2543	11,0997	9,7760	131,6548	133,9867	132,0621	136,3232	32,3513	104,8930	97,8597	172,6386	115,1627	42,4150	0,0000	0,0000	0,0000	0,0000	0,0000	0,0000	0,0000	0,0000	0,0000	0,0000	566,7977	7752,7936	15,4157	599,2926	2482,0844	7,5763	2,3800	2,4300	1,8200	4,5000	4,5000	300,0000	150,0000	1300,0000	175,0000	175,0000	3,4700	0,3400	0,2300	0,3000	0,1800	0,6000	0,6000	10,0000	1,8542	33,1318	0,4332	0,6916	211,5570	50,5084	7907,0544	0,0000	0,0000	0,0000
109,0000	106,9639	75,3191	92,7018	38,3099	27,2565	32,9479	10,9837	9,4555	126,6231	135,4076	135,7909	135,4429	31,9242	101,6936	97,8813	173,2970	113,3418	42,1367	0,0000	0,0000	0,0000	0,0000	0,0000	0,0000	0,0000	0,0000	0,0000	0,0000	575,3893	7341,1635	14,8125	614,7858	2537,0674	7,6818	2,3800	2,4300	1,8200	4,5000	4,5000	300,0000	150,0000	1300,0000	175,0000	175,0000	3,4700	0,3400	0,2300	0,3000	0,1800	0,6000	0,6000	11,3787	1,4801	31,6448	0,4352	0,6861	211,5570	50,5084	7604,8586	0,0000	0,0000	0,0000
109,0000	106,7831	74,6358	92,6742	39,7589	27,7878	34,6806	11,8479	10,9157	127,1633	128,2703	135,0074	124,5001	31,5382	104,9216	98,9646	173,3537	113,0305	43,2389	0,0000	0,0000	0,0000	0,0000	0,0000	0,0000	0,0000	0,0000	0,0000	0,0000	576,0755	7196,2448	14,5966	609,4653	2512,3118	7,6368	2,3800	2,4300	1,8200	4,5000	4,5000	300,0000	150,0000	1300,0000	175,0000	175,0000	3,4700	0,3400	0,2300	0,3000	0,1800	0,6000	0,6000	27,4909	3,4920	32,1473	0,4291	0,6994	211,5570	50,5084	7998,7857	0,0000	0,0000	0,0000
109,0000	108,7419	75,0412	93,7995	41,7493	30,7121	36,0276	12,0106	12,1434	132,8909	123,9049	121,3169	122,8183	31,6987	107,1274	101,5764	168,7928	115,2665	45,2250	0,0000	0,0000	0,0000	0,0000	0,0000	0,0000	0,0000	0,0000	0,0000	0,0000	505,0438	7700,4119	15,2448	652,0352	2403,7403	7,5380	2,3800	2,4300	1,8200	4,5000	4,5000	300,0000	150,0000	1300,0000	175,0000	175,0000	3,4700	0,3400	0,2300	0,3000	0,1800	0,6000	0,6000	19,1847	4,4748	33,7007	0,3982	0,7041	211,5570	50,5084	8221,7326	0,0000	0,0000	0,0000
109,0000	109,3413	74,9939	94,4436	38,8910	28,7887	33,6474	11,2015	10,1415	135,4553	132,4641	128,1811	136,9686	32,4915	107,1274	98,1975	172,1538	115,9498	42,7536	0,0000	0,0000	0,0000	0,0000	0,0000	0,0000	0,0000	0,0000	0,0000	0,0000	547,4231	8016,7537	15,7817	589,2556	2424,2325	7,4747	2,3800	2,4300	1,8200	4,5000	4,5000	300,0000	150,0000	1300,0000	175,0000	175,0000	3,4700	0,3400	0,2300	0,3000	0,1800	0,6000	0,6000	10,0000	2,1955	34,3473	0,4296	0,6967	211,5570	50,5084	8135,3084	0,0000	0,0000	0,0000
109,0000	107,5206	75,6924	93,1544	38,3378	27,3962	32,9663	10,9945	9,4851	127,4271	135,2226	135,0934	135,6685	32,0779	102,2903	97,7787	173,1503	113,9453	42,1666	0,0000	0,0000	0,0000	0,0000	0,0000	0,0000	0,0000	0,0000	0,0000	0,0000	580,5580	7431,9923	14,9561	614,0358	2528,1242	7,6673	2,3800	2,4300	1,8200	4,5000	4,5000	300,0000	150,0000	1300,0000	175,0000	175,0000	3,4700	0,3400	0,2300	0,3000	0,1800	0,6000	0,6000	10,0000	1,5322	31,8282	0,4353	0,6864	211,5570	50,5084	7653,1470	0,0000	0,0000	0,0000
109,0000	106,5575	74,7023	92,5286	38,8323	27,1839	33,7207	11,4241	10,1186	126,6629	132,0638	136,0972	130,6390	31,7055	103,1385	98,2234	173,2130	112,7581	42,3940	0,0000	0,0000	0,0000	0,0000	0,0000	0,0000	0,0000	0,0000	0,0000	0,0000	630,5979	7216,8503	14,7091	641,7780	2498,8556	7,6650	2,3800	2,4300	1,8200	4,5000	4,5000	300,0000	150,0000	1300,0000	175,0000	175,0000	3,4700	0,3400	0,2300	0,3000	0,1800	0,6000	0,6000	20,7321	2,4231	31,8552	0,4329	0,6926	211,5570	50,5084	7786,1997	0,0000	0,0000	0,0000
109,0000	107,8622	74,8797	93,3684	41,5037	29,7627	36,2329	12,2641	12,2155	130,0595	122,8553	126,8834	116,6365	31,4757	108,3322	100,6977	170,6105	114,2085	44,6898	0,0000	0,0000	0,0000	0,0000	0,0000	0,0000	0,0000	0,0000	0,0000	0,0000	543,4733	7382,3155	14,8263	629,1181	2445,3387	7,5659	2,3800	2,4300	1,8200	4,5000	4,5000	300,0000	150,0000	1300,0000	175,0000	175,0000	3,4700	0,3400	0,2300	0,3000	0,1800	0,6000	0,6000	27,3223	4,8514	32,9825	0,4098	0,7095	211,5570	50,5084	8377,3593	0,0000	0,0000	0,0000
109,0000	109,7804	74,8200	94,7292	39,4313	29,1005	34,2845	11,3625	10,7372	137,6316	130,0087	122,4998	136,5012	32,4972	108,3322	98,8115	171,3395	116,4694	43,3058	0,0000	0,0000	0,0000	0,0000	0,0000	0,0000	0,0000	0,0000	0,0000	0,0000	522,6504	8159,1077	15,9577	587,7624	2339,2102	7,3452	2,3800	2,4300	1,8200	4,5000	4,5000	300,0000	150,0000	1300,0000	175,0000	175,0000	3,4700	0,3400	0,2300	0,3000	0,1800	0,6000	0,6000	10,0000	2,7612	34,9604	0,4233	0,7000	211,5570	50,5084	8266,0166	0,0000	0,0000	0,0000
109,0000	108,1927	75,8808	93,6841	38,3974	27,6489	33,0519	11,0453	9,5953	129,1360	134,6881	133,8051	135,7440	32,2557	103,4096	97,6701	172,8742	114,6765	42,2292	0,0000	0,0000	0,0000	0,0000	0,0000	0,0000	0,0000	0,0000	0,0000	0,0000	586,4924	7579,0138	15,1851	613,7390	2505,0518	7,6323	2,3800	2,4300	1,8200	4,5000	4,5000	300,0000	150,0000	1300,0000	175,0000	175,0000	3,4700	0,3400	0,2300	0,3000	0,1800	0,6000	0,6000	10,0000	1,6780	32,3119	0,4350	0,6881	211,5570	50,5084	7755,7769	0,0000	0,0000	0,0000
109,0000	106,6804	75,0813	92,5454	38,2963	27,1876	33,1265	11,1110	9,6160	126,3451	134,5811	136,1174	134,0838	31,8461	101,9396	97,9381	172,9388	113,0348	42,1214	0,0000	0,0000	0,0000	0,0000	0,0000	0,0000	0,0000	0,0000	0,0000	0,0000	570,4490	7273,7328	14,7042	608,2027	2518,1564	7,6436	2,3800	2,4300	1,8200	4,5000	4,5000	300,0000	150,0000	1300,0000	175,0000	175,0000	3,4700	0,3400	0,2300	0,3000	0,1800	0,6000	0,6000	14,8162	1,7230	31,5991	0,4337	0,6876	211,5570	50,5084	7640,1902	0,0000	0,0000	0,0000
109,0000	107,0872	74,7344	92,9079	40,5083	28,5735	35,5224	12,1446	11,6078	127,9237	125,1656	132,4687	118,5324	31,4536	106,7153	99,6528	172,6430	113,3668	43,8855	0,0000	0,0000	0,0000	0,0000	0,0000	0,0000	0,0000	0,0000	0,0000	0,0000	546,1720	7211,8316	14,5752	598,2003	2492,8736	7,5908	2,3800	2,4300	1,8200	4,5000	4,5000	300,0000	150,0000	1300,0000	175,0000	175,0000	3,4700	0,3400	0,2300	0,3000	0,1800	0,6000	0,6000	30,8838	4,3246	32,3528	0,4228	0,7053	211,5570	50,5084	8203,5187	0,0000	0,0000	0,0000
109,0000	109,1814	75,0593	94,2182	40,5839	29,8256	35,3420	11,6844	11,6141	135,4630	126,4737	120,1892	130,7524	32,0751	106,7153	100,5887	170,3284	115,9286	44,4711	0,0000	0,0000	0,0000	0,0000	0,0000	0,0000	0,0000	0,0000	0,0000	0,0000	461,3245	7952,8509	15,5572	593,5662	2359,7826	7,3847	2,3800	2,4300	1,8200	4,5000	4,5000	300,0000	150,0000	1300,0000	175,0000	175,0000	3,4700	0,3400	0,2300	0,3000	0,1800	0,6000	0,6000	12,3543	3,7229	34,1221	0,4094	0,6994	211,5570	50,5084	8135,7750	0,0000	0,0000	0,0000
109,0000	108,7549	75,3737	94,0490	38,6285	28,2486	33,3236	11,1168	9,8367	132,4142	133,7437	131,4670	136,5047	32,3755	105,3358	97,9336	172,5675	115,2975	42,4786	0,0000	0,0000	0,0000	0,0000	0,0000	0,0000	0,0000	0,0000	0,0000	0,0000	567,5039	7804,0320	15,4934	600,8433	2474,3175	7,5670	2,3800	2,4300	1,8200	4,5000	4,5000	300,0000	150,0000	1300,0000	175,0000	175,0000	3,4700	0,3400	0,2300	0,3000	0,1800	0,6000	0,6000	10,0000	1,9108	33,3813	0,4325	0,6926	211,5570	50,5084	7952,6673	0,0000	0,0000	0,0000
109,0000	107,0551	75,3833	92,7694	38,3165	27,2818	32,9387	10,9731	9,4467	126,7465	135,4459	135,6809	135,5979	31,9493	101,7866	97,8703	173,3035	113,4407	42,1440	0,0000	0,0000	0,0000	0,0000	0,0000	0,0000	0,0000	0,0000	0,0000	0,0000	576,2295	7357,5751	14,8383	614,7326	2538,2500	7,6835	2,3800	2,4300	1,8200	4,5000	4,5000	300,0000	150,0000	1300,0000	175,0000	175,0000	3,4700	0,3400	0,2300	0,3000	0,1800	0,6000	0,6000	10,6599	1,4661	31,6718	0,4353	0,6861	211,5570	50,5084	7612,2697	0,0000	0,0000	0,0000
109,0000	106,7354	74,6109	92,6353	39,5649	27,6067	34,4662	11,7629	10,7400	127,0606	129,0852	135,3492	125,9323	31,5704	104,5171	98,7864	173,3638	112,9764	43,0642	0,0000	0,0000	0,0000	0,0000	0,0000	0,0000	0,0000	0,0000	0,0000	0,0000	578,7108	7199,8617	14,6060	608,0009	2511,0017	7,6326	2,3800	2,4300	1,8200	4,5000	4,5000	300,0000	150,0000	1300,0000	175,0000	175,0000	3,4700	0,3400	0,2300	0,3000	0,1800	0,6000	0,6000	26,3495	3,2644	32,1245	0,4302	0,6979	211,5570	50,5084	7951,1939	0,0000	0,0000	0,0000
109,0000	108,5747	75,0041	93,7143	41,8431	30,8827	36,1394	12,0821	12,2136	132,2998	123,4524	122,2129	121,1590	31,6200	107,5305	101,5169	168,8562	115,0955	45,1783	0,0000	0,0000	0,0000	0,0000	0,0000	0,0000	0,0000	0,0000	0,0000	0,0000	474,2228	7635,5024	15,1016	621,6505	2414,5297	7,5087	2,3800	2,4300	1,8200	4,5000	4,5000	300,0000	150,0000	1300,0000	175,0000	175,0000	3,4700	0,3400	0,2300	0,3000	0,1800	0,6000	0,6000	21,0450	4,6116	33,5705	0,3988	0,7059	211,5570	50,5084	8274,2449	0,0000	0,0000	0,0000
109,0000	109,4931	74,9372	94,5492	38,9682	28,8314	33,7473	11,2282	10,2393	136,1395	132,0462	127,0123	136,9846	32,5176	107,5305	98,2601	172,0045	116,1205	42,8322	0,0000	0,0000	0,0000	0,0000	0,0000	0,0000	0,0000	0,0000	0,0000	0,0000	548,0739	8065,4986	15,8556	591,5353	2404,8289	7,4491	2,3800	2,4300	1,8200	4,5000	4,5000	300,0000	150,0000	1300,0000	175,0000	175,0000	3,4700	0,3400	0,2300	0,3000	0,1800	0,6000	0,6000	10,0000	2,2878	34,5559	0,4287	0,6976	211,5570	50,5084	8176,4004	0,0000	0,0000	0,0000
109,0000	107,6590	75,7700	93,2681	38,3420	27,4310	32,9749	11,0033	9,5003	127,6687	135,1392	134,8888	135,6543	32,1159	102,4614	97,7418	173,0975	114,0954	42,1707	0,0000	0,0000	0,0000	0,0000	0,0000	0,0000	0,0000	0,0000	0,0000	0,0000	581,8361	7456,1551	14,9942	613,7290	2523,9546	7,6606	2,3800	2,4300	1,8200	4,5000	4,5000	300,0000	150,0000	1300,0000	175,0000	175,0000	3,4700	0,3400	0,2300	0,3000	0,1800	0,6000	0,6000	10,0000	1,5566	31,8890	0,4353	0,6866	211,5570	50,5084	7667,6541	0,0000	0,0000	0,0000
109,0000	106,5066	74,7810	92,5170	38,6547	27,1806	33,5681	11,3489	9,9902	126,5587	132,6981	136,1820	131,5377	31,7394	102,8372	98,1244	173,1607	112,8062	42,2300	0,0000	0,0000	0,0000	0,0000	0,0000	0,0000	0,0000	0,0000	0,0000	0,0000	553,5150	7224,8786	14,6057	578,7699	2499,4711	7,5716	2,3800	2,4300	1,8200	4,5000	4,5000	300,0000	150,0000	1300,0000	175,0000	175,0000	3,4700	0,3400	0,2300	0,3000	0,1800	0,6000	0,6000	19,3685	2,2471	31,7256	0,4333	0,6914	211,5570	50,5084	7749,6636	0,0000	0,0000	0,0000
109,0000	107,6750	74,8484	93,2740	41,2875	29,5051	36,1595	12,2773	12,1446	129,5378	123,0471	128,1547	116,1000	31,4619	108,2135	100,4440	171,0572	114,0058	44,5176	0,0000	0,0000	0,0000	0,0000	0,0000	0,0000	0,0000	0,0000	0,0000	0,0000	542,6643	7331,6101	14,7492	618,2466	2454,3665	7,5632	2,3800	2,4300	1,8200	4,5000	4,5000	300,0000	150,0000	1300,0000	175,0000	175,0000	3,4700	0,3400	0,2300	0,3000	0,1800	0,6000	0,6000	28,6858	4,8257	32,8266	0,4128	0,7093	211,5570	50,5084	8365,9205	0,0000	0,0000	0,0000
109,0000	109,7220	74,8281	94,6749	39,6123	29,2094	34,4708	11,4078	10,8976	137,5166	129,3829	121,6478	136,0910	32,4418	108,2135	99,0860	171,1603	116,4208	43,4923	0,0000	0,0000	0,0000	0,0000	0,0000	0,0000	0,0000	0,0000	0,0000	0,0000	520,7686	8142,1502	15,9295	594,0998	2332,5489	7,3447	2,3800	2,4300	1,8200	4,5000	4,5000	300,0000	150,0000	1300,0000	175,0000	175,0000	3,4700	0,3400	0,2300	0,3000	0,1800	0,6000	0,6000	10,0000	2,9187	34,8939	0,4211	0,7002	211,5570	50,5084	8259,1095	0,0000	0,0000	0,0000
109,0000	108,3099	75,8239	93,7661	38,4290	27,7404	33,0903	11,0577	9,6323	129,6806	134,5374	133,4367	135,8438	32,2832	103,7372	97,6918	172,8163	114,8051	42,2633	0,0000	0,0000	0,0000	0,0000	0,0000	0,0000	0,0000	0,0000	0,0000	0,0000	587,3850	7618,2535	15,2451	614,3614	2499,7497	7,6253	2,3800	2,4300	1,8200	4,5000	4,5000	300,0000	150,0000	1300,0000	175,0000	175,0000	3,4700	0,3400	0,2300	0,3000	0,1800	0,6000	0,6000	10,0000	1,7168	32,4860	0,4347	0,6888	211,5570	50,5084	7788,4880	0,0000	0,0000	0,0000
109,0000	106,7433	75,1457	92,5716	38,2964	27,1987	33,0569	11,0669	9,5549	126,3746	134,8940	136,0511	134,5353	31,8636	101,8008	97,9166	172,8859	113,1028	42,1217	0,0000	0,0000	0,0000	0,0000	0,0000	0,0000	0,0000	0,0000	0,0000	0,0000	573,3541	7291,4722	14,7351	615,0481	2525,3089	7,6646	2,3800	2,4300	1,8200	4,5000	4,5000	300,0000	150,0000	1300,0000	175,0000	175,0000	3,4700	0,3400	0,2300	0,3000	0,1800	0,6000	0,6000	13,8422	1,6335	31,5976	0,4336	0,6870	211,5570	50,5084	7623,1618	0,0000	0,0000	0,0000
109,0000	106,9837	74,7091	92,8332	40,3182	28,3583	35,3152	12,0795	11,4370	127,6487	125,9082	133,3066	119,9022	31,4664	106,2332	99,4776	172,9295	113,2532	43,7260	0,0000	0,0000	0,0000	0,0000	0,0000	0,0000	0,0000	0,0000	0,0000	0,0000	548,1188	7200,0736	14,5605	595,8953	2501,0453	7,5996	2,3800	2,4300	1,8200	4,5000	4,5000	300,0000	150,0000	1300,0000	175,0000	175,0000	3,4700	0,3400	0,2300	0,3000	0,1800	0,6000	0,6000	30,3390	4,1322	32,2746	0,4248	0,7038	211,5570	50,5084	8149,5881	0,0000	0,0000	0,0000
109,0000	109,0678	75,0472	94,0930	40,8732	30,0247	35,5488	11,7678	11,7794	134,7760	125,7412	120,1992	128,7810	31,9717	106,2332	100,9589	170,0311	115,8683	44,7440	0,0000	0,0000	0,0000	0,0000	0,0000	0,0000	0,0000	0,0000	0,0000	0,0000	382,8548	7889,5149	15,3450	548,0999	2373,5801	7,3373	2,3800	2,4300	1,8200	4,5000	4,5000	300,0000	150,0000	1300,0000	175,0000	175,0000	3,4700	0,3400	0,2300	0,3000	0,1800	0,6000	0,6000	13,8732	3,9338	34,0205	0,4062	0,6990	211,5570	50,5084	8094,5090	0,0000	0,0000	0,0000
109,0000	108,8901	75,2527	94,1366	38,6911	28,4168	33,3985	11,1355	9,9042	133,2018	133,4691	130,7887	136,6719	32,4028	105,7970	98,0068	172,4846	115,4476	42,5453	0,0000	0,0000	0,0000	0,0000	0,0000	0,0000	0,0000	0,0000	0,0000	0,0000	568,2964	7857,9895	15,5753	602,5340	2464,7310	7,5552	2,3800	2,4300	1,8200	4,5000	4,5000	300,0000	150,0000	1300,0000	175,0000	175,0000	3,4700	0,3400	0,2300	0,3000	0,1800	0,6000	0,6000	10,0000	1,9732	33,6373	0,4318	0,6937	211,5570	50,5084	7999,9650	0,0000	0,0000	0,0000
109,0000	107,1594	75,4550	92,8538	38,3231	27,3088	32,9417	10,9732	9,4507	126,8923	135,4194	135,5564	135,6602	31,9781	101,8957	97,8556	173,2727	113,5537	42,1511	0,0000	0,0000	0,0000	0,0000	0,0000	0,0000	0,0000	0,0000	0,0000	0,0000	577,1975	7374,4308	14,8650	614,6462	2537,1185	7,6816	2,3800	2,4300	1,8200	4,5000	4,5000	300,0000	150,0000	1300,0000	175,0000	175,0000	3,4700	0,3400	0,2300	0,3000	0,1800	0,6000	0,6000	10,0000	1,4727	31,7044	0,4353	0,6862	211,5570	50,5084	7621,0276	0,0000	0,0000	0,0000
109,0000	106,6929	74,5884	92,6009	39,3718	27,4328	34,2557	11,6737	10,5668	126,9673	129,9015	135,6060	127,2882	31,6049	104,1363	98,6154	173,3343	112,9276	42,8885	0,0000	0,0000	0,0000	0,0000	0,0000	0,0000	0,0000	0,0000	0,0000	0,0000	581,4519	7204,1077	14,6164	606,7874	2507,9837	7,6263	2,3800	2,4300	1,8200	4,5000	4,5000	300,0000	150,0000	1300,0000	175,0000	175,0000	3,4700	0,3400	0,2300	0,3000	0,1800	0,6000	0,6000	25,2605	3,0338	32,1045	0,4311	0,6965	211,5570	50,5084	7905,9265	0,0000	0,0000	0,0000
109,0000	108,4245	74,9713	93,6258	41,7929	30,5779	36,2181	12,1448	12,2557	131,6895	123,1112	123,2938	119,7056	31,5754	107,8875	101,3606	169,2955	114,8635	45,1177	0,0000	0,0000	0,0000	0,0000	0,0000	0,0000	0,0000	0,0000	0,0000	0,0000	535,1522	7567,4010	15,0908	659,0098	2424,2635	7,5791	2,3800	2,4300	1,8200	4,5000	4,5000	300,0000	150,0000	1300,0000	175,0000	175,0000	3,4700	0,3400	0,2300	0,3000	0,1800	0,6000	0,6000	22,7939	4,7196	33,4531	0,4013	0,7073	211,5570	50,5084	8318,0252	0,0000	0,0000	0,0000
109,0000	109,6253	74,8848	94,6395	39,0563	28,8812	33,8590	11,2574	10,3481	136,7554	131,5864	125,7767	136,9536	32,5353	107,8875	98,3391	171,8423	116,2710	42,9217	0,0000	0,0000	0,0000	0,0000	0,0000	0,0000	0,0000	0,0000	0,0000	0,0000	548,4436	8108,4966	15,9205	594,2560	2384,5607	7,4228	2,3800	2,4300	1,8200	4,5000	4,5000	300,0000	150,0000	1300,0000	175,0000	175,0000	3,4700	0,3400	0,2300	0,3000	0,1800	0,6000	0,6000	10,0000	2,3902	34,7404	0,4277	0,6984	211,5570	50,5084	8213,3903	0,0000	0,0000	0,0000
109,0000	107,8012	75,8347	93,3832	38,3484	27,4663	32,9859	11,0129	9,5185	127,9585	135,0434	134,6565	135,6420	32,1546	102,6597	97,7071	173,0417	114,2498	42,1772	0,0000	0,0000	0,0000	0,0000	0,0000	0,0000	0,0000	0,0000	0,0000	0,0000	583,1359	7483,3360	15,0368	613,4563	2519,5747	7,6536	2,3800	2,4300	1,8200	4,5000	4,5000	300,0000	150,0000	1300,0000	175,0000	175,0000	3,4700	0,3400	0,2300	0,3000	0,1800	0,6000	0,6000	10,0000	1,5834	31,9665	0,4354	0,6868	211,5570	50,5084	7685,0590	0,0000	0,0000	0,0000
109,0000	106,5181	74,8617	92,5131	38,4813	27,1784	33,4315	11,2793	9,8751	126,4648	133,2723	136,2227	132,3257	31,7734	102,5631	98,0466	173,1054	112,8599	42,1346	0,0000	0,0000	0,0000	0,0000	0,0000	0,0000	0,0000	0,0000	0,0000	0,0000	559,0474	7234,5025	14,6284	587,2021	2502,3727	7,5886	2,3800	2,4300	1,8200	4,5000	4,5000	300,0000	150,0000	1300,0000	175,0000	175,0000	3,4700	0,3400	0,2300	0,3000	0,1800	0,6000	0,6000	18,0915	2,0880	31,6564	0,4336	0,6902	211,5570	50,5084	7716,0732	0,0000	0,0000	0,0000
109,0000	107,5016	74,8164	93,1792	41,0800	29,2563	36,0445	12,2728	12,0445	129,0576	123,3901	129,3644	115,9467	31,4523	107,9496	100,2167	171,4965	113,8179	44,3514	0,0000	0,0000	0,0000	0,0000	0,0000	0,0000	0,0000	0,0000	0,0000	0,0000	541,9707	7288,3775	14,6835	608,1103	2462,5185	7,5602	2,3800	2,4300	1,8200	4,5000	4,5000	300,0000	150,0000	1300,0000	175,0000	175,0000	3,4700	0,3400	0,2300	0,3000	0,1800	0,6000	0,6000	29,9628	4,7585	32,6852	0,4156	0,7086	211,5570	50,5084	8338,2050	0,0000	0,0000	0,0000
109,0000	109,6097	74,8628	94,5803	39,8255	29,3396	34,6792	11,4612	11,0719	137,1775	128,7037	121,0168	135,4045	32,3648	107,9496	99,4275	170,9772	116,3167	43,7118	0,0000	0,0000	0,0000	0,0000	0,0000	0,0000	0,0000	0,0000	0,0000	0,0000	493,9626	8107,2438	15,8371	582,5324	2332,7039	7,3277	2,3800	2,4300	1,8200	4,5000	4,5000	300,0000	150,0000	1300,0000	175,0000	175,0000	3,4700	0,3400	0,2300	0,3000	0,1800	0,6000	0,6000	10,0000	3,0963	34,7469	0,4185	0,7002	211,5570	50,5084	8238,7455	0,0000	0,0000	0,0000
109,0000	108,4210	75,7316	93,8392	38,4702	27,8439	33,1385	11,0710	9,6759	130,3035	134,3687	133,0191	135,9832	32,3077	104,1049	97,7363	172,7589	114,9274	42,3080	0,0000	0,0000	0,0000	0,0000	0,0000	0,0000	0,0000	0,0000	0,0000	0,0000	588,1669	7661,3875	15,3108	615,3133	2494,4290	7,6187	2,3800	2,4300	1,8200	4,5000	4,5000	300,0000	150,0000	1300,0000	175,0000	175,0000	3,4700	0,3400	0,2300	0,3000	0,1800	0,6000	0,6000	10,0000	1,7595	32,6894	0,4343	0,6897	211,5570	50,5084	7825,8949	0,0000	0,0000	0,0000
109,0000	106,8131	75,2058	92,6072	38,2994	27,2151	33,0048	11,0304	9,5082	126,4385	135,1357	135,9729	134,9175	31,8828	101,7052	97,9021	173,0971	113,1783	42,1251	0,0000	0,0000	0,0000	0,0000	0,0000	0,0000	0,0000	0,0000	0,0000	0,0000	574,0018	7309,5077	14,7630	614,9153	2531,1094	7,6730	2,3800	2,4300	1,8200	4,5000	4,5000	300,0000	150,0000	1300,0000	175,0000	175,0000	3,4700	0,3400	0,2300	0,3000	0,1800	0,6000	0,6000	12,9371	1,5626	31,6072	0,4344	0,6865	211,5570	50,5084	7610,6314	0,0000	0,0000	0,0000
109,0000	106,9016	74,6846	92,7703	40,1282	28,1582	35,1002	12,0056	11,2603	127,4391	126,6966	134,0134	121,4483	31,4862	105,7626	99,3036	173,1450	113,1627	43,5633	0,0000	0,0000	0,0000	0,0000	0,0000	0,0000	0,0000	0,0000	0,0000	0,0000	571,3924	7194,8820	14,5876	612,7999	2507,0110	7,6338	2,3800	2,4300	1,8200	4,5000	4,5000	300,0000	150,0000	1300,0000	175,0000	175,0000	3,4700	0,3400	0,2300	0,3000	0,1800	0,6000	0,6000	29,7252	3,9227	32,2170	0,4265	0,7023	211,5570	50,5084	8096,1223	0,0000	0,0000	0,0000
109,0000	109,0021	75,0517	93,9813	41,1720	30,2411	35,7375	11,8527	11,9276	134,1008	125,0460	120,3806	126,6936	31,8730	106,2661	101,2724	169,6767	115,6708	45,0128	0,0000	0,0000	0,0000	0,0000	0,0000	0,0000	0,0000	0,0000	0,0000	0,0000	521,8471	7823,8437	15,4547	664,0324	2385,6293	7,5288	2,3800	2,4300	1,8200	4,5000	4,5000	300,0000	150,0000	1300,0000	175,0000	175,0000	3,4700	0,3400	0,2300	0,3000	0,1800	0,6000	0,6000	15,3921	4,1359	33,9503	0,4031	0,7001	211,5570	50,5084	8108,8449	0,0000	0,0000	0,0000
109,0000	109,0396	75,1470	94,2364	38,7569	28,5946	33,4784	11,1561	9,9786	133,9980	133,1604	130,0117	136,8112	32,4332	106,2661	98,0775	172,3878	115,6136	42,6147	0,0000	0,0000	0,0000	0,0000	0,0000	0,0000	0,0000	0,0000	0,0000	0,0000	569,1834	7913,6456	15,6599	604,3092	2453,3715	7,5408	2,3800	2,4300	1,8200	4,5000	4,5000	300,0000	150,0000	1300,0000	175,0000	175,0000	3,4700	0,3400	0,2300	0,3000	0,1800	0,6000	0,6000	10,0000	2,0420	33,8927	0,4311	0,6948	211,5570	50,5084	8047,7875	0,0000	0,0000	0,0000
109,0000	107,2765	75,5344	92,9515	38,3291	27,3375	32,9507	10,9797	9,4618	127,0589	135,3595	135,4157	135,6715	32,0105	102,0200	97,8359	173,2352	113,6806	42,1576	0,0000	0,0000	0,0000	0,0000	0,0000	0,0000	0,0000	0,0000	0,0000	0,0000	578,2901	7392,6585	14,8939	614,5104	2534,5294	7,6776	2,3800	2,4300	1,8200	4,5000	4,5000	300,0000	150,0000	1300,0000	175,0000	175,0000	3,4700	0,3400	0,2300	0,3000	0,1800	0,6000	0,6000	10,0000	1,4912	31,7421	0,4352	0,6862	211,5570	50,5084	7631,0313	0,0000	0,0000	0,0000
109,0000	106,6529	74,5651	92,5729	39,1846	27,2696	34,0583	11,5835	10,4020	126,8712	130,6891	135,8070	128,5645	31,6405	103,7819	98,4674	173,2971	112,8812	42,7178	0,0000	0,0000	0,0000	0,0000	0,0000	0,0000	0,0000	0,0000	0,0000	0,0000	584,2485	7208,0806	14,6266	606,0015	2504,3955	7,6197	2,3800	2,4300	1,8200	4,5000	4,5000	300,0000	150,0000	1300,0000	175,0000	175,0000	3,4700	0,3400	0,2300	0,3000	0,1800	0,6000	0,6000	23,6172	2,8092	32,0878	0,4318	0,6951	211,5570	50,5084	7863,4139	0,0000	0,0000	0,0000
109,0000	108,2557	74,9421	93,5424	41,7311	30,2915	36,2600	12,1975	12,2703	131,1160	122,8921	124,4492	118,4405	31,5370	108,1618	101,1725	169,7440	114,6341	45,0413	0,0000	0,0000	0,0000	0,0000	0,0000	0,0000	0,0000	0,0000	0,0000	0,0000	527,6010	7500,5941	14,9796	635,2078	2430,9327	7,5535	2,3800	2,4300	1,8200	4,5000	4,5000	300,0000	150,0000	1300,0000	175,0000	175,0000	3,4700	0,3400	0,2300	0,3000	0,1800	0,6000	0,6000	24,4371	4,7969	33,3136	0,4040	0,7084	211,5570	50,5084	8352,0952	0,0000	0,0000	0,0000
109,0000	109,7294	74,8499	94,7091	39,1623	28,9423	33,9866	11,2898	10,4691	137,2420	131,0846	124,5792	136,8762	32,5414	108,1618	98,4535	171,6746	116,3925	43,0297	0,0000	0,0000	0,0000	0,0000	0,0000	0,0000	0,0000	0,0000	0,0000	0,0000	548,4367	8141,4083	15,9698	597,6760	2365,9446	7,4001	2,3800	2,4300	1,8200	4,5000	4,5000	300,0000	150,0000	1300,0000	175,0000	175,0000	3,4700	0,3400	0,2300	0,3000	0,1800	0,6000	0,6000	10,0000	2,5040	34,8795	0,4265	0,6991	211,5570	50,5084	8242,6152	0,0000	0,0000	0,0000
109,0000	107,9452	75,8813	93,4975	38,3592	27,5168	33,0022	11,0233	9,5408	128,3045	134,9339	134,3977	135,6499	32,1931	102,8889	97,6812	172,9851	114,4064	42,1885	0,0000	0,0000	0,0000	0,0000	0,0000	0,0000	0,0000	0,0000	0,0000	0,0000	584,4255	7513,8050	15,0844	613,3514	2514,7766	7,6463	2,3800	2,4300	1,8200	4,5000	4,5000	300,0000	150,0000	1300,0000	175,0000	175,0000	3,4700	0,3400	0,2300	0,3000	0,1800	0,6000	0,6000	10,0000	1,6128	32,0639	0,4353	0,6871	211,5570	50,5084	7705,8418	0,0000	0,0000	0,0000
109,0000	106,5741	74,9433	92,5184	38,3127	27,1786	33,3112	11,2156	9,7738	126,3906	133,7830	136,2181	133,0113	31,8079	102,3222	97,9930	173,0492	112,9201	42,1284	0,0000	0,0000	0,0000	0,0000	0,0000	0,0000	0,0000	0,0000	0,0000	0,0000	564,0389	7246,0079	14,6531	594,6142	2506,8347	7,6063	2,3800	2,4300	1,8200	4,5000	4,5000	300,0000	150,0000	1300,0000	175,0000	175,0000	3,4700	0,3400	0,2300	0,3000	0,1800	0,6000	0,6000	16,8971	1,9462	31,6308	0,4337	0,6891	211,5570	50,5084	7686,0642	0,0000	0,0000	0,0000
109,0000	107,3456	74,7873	93,0850	40,8800	29,0128	35,8904	12,2465	11,9152	128,6280	123,8894	130,5110	116,3564	31,4482	107,5798	100,0093	171,9209	113,6484	44,1903	0,0000	0,0000	0,0000	0,0000	0,0000	0,0000	0,0000	0,0000	0,0000	0,0000	543,0673	7253,9178	14,6335	603,6310	2471,6667	7,5672	2,3800	2,4300	1,8200	4,5000	4,5000	300,0000	150,0000	1300,0000	175,0000	175,0000	3,4700	0,3400	0,2300	0,3000	0,1800	0,6000	0,6000	31,1573	4,6451	32,5583	0,4183	0,7077	211,5570	50,5084	8298,3415	0,0000	0,0000	0,0000
109,0000	109,4666	74,9322	94,4640	40,0680	29,4905	34,9072	11,5269	11,2583	136,6732	127,9629	120,5878	134,2518	32,2728	107,5798	99,8217	170,7845	116,1830	43,9596	0,0000	0,0000	0,0000	0,0000	0,0000	0,0000	0,0000	0,0000	0,0000	0,0000	491,2500	8059,7496	15,7620	591,6610	2338,5608	7,3501	2,3800	2,4300	1,8200	4,5000	4,5000	300,0000	150,0000	1300,0000	175,0000	175,0000	3,4700	0,3400	0,2300	0,3000	0,1800	0,6000	0,6000	10,0000	3,2980	34,5343	0,4155	0,7000	211,5570	50,5084	8208,4584	0,0000	0,0000	0,0000
109,0000	108,5335	75,6166	93,9107	38,5200	27,9717	33,1964	11,0853	9,7262	130,9945	134,1804	132,5500	136,1575	32,3315	104,5095	97,7991	172,6996	115,0518	42,3618	0,0000	0,0000	0,0000	0,0000	0,0000	0,0000	0,0000	0,0000	0,0000	0,0000	566,2285	7708,4792	15,3485	598,0272	2488,4853	7,5840	2,3800	2,4300	1,8200	4,5000	4,5000	300,0000	150,0000	1300,0000	175,0000	175,0000	3,4700	0,3400	0,2300	0,3000	0,1800	0,6000	0,6000	10,0000	1,8065	32,9170	0,4337	0,6906	211,5570	50,5084	7867,4001	0,0000	0,0000	0,0000
109,0000	106,8931	75,2664	92,6554	38,3049	27,2360	32,9691	11,0021	9,4757	126,5350	135,3079	135,8820	135,2269	31,9050	101,6481	97,8925	173,2345	113,2650	42,1312	0,0000	0,0000	0,0000	0,0000	0,0000	0,0000	0,0000	0,0000	0,0000	0,0000	574,7455	7327,0858	14,7904	614,8635	2534,9165	7,6787	2,3800	2,4300	1,8200	4,5000	4,5000	300,0000	150,0000	1300,0000	175,0000	175,0000	3,4700	0,3400	0,2300	0,3000	0,1800	0,6000	0,6000	12,0982	1,5108	31,6267	0,4349	0,6861	211,5570	50,5084	7601,9993	0,0000	0,0000	0,0000
109,0000	106,8398	74,6624	92,7204	39,9375	27,9626	34,8816	11,9244	11,0810	127,2872	127,5135	134,5868	123,0844	31,5128	105,3205	99,1296	173,2869	113,0938	43,3972	0,0000	0,0000	0,0000	0,0000	0,0000	0,0000	0,0000	0,0000	0,0000	0,0000	573,8116	7195,1747	14,5916	610,9958	2511,1544	7,6373	2,3800	2,4300	1,8200	4,5000	4,5000	300,0000	150,0000	1300,0000	175,0000	175,0000	3,4700	0,3400	0,2300	0,3000	0,1800	0,6000	0,6000	28,5967	3,7002	32,1774	0,4279	0,7008	211,5570	50,5084	8045,0304	0,0000	0,0000	0,0000
109,0000	108,9178	75,0762	93,8864	41,4733	30,4752	35,9011	11,9377	12,0535	133,4648	124,4117	120,7569	124,5763	31,7814	106,7268	101,4883	169,2524	115,4556	45,2553	0,0000	0,0000	0,0000	0,0000	0,0000	0,0000	0,0000	0,0000	0,0000	0,0000	512,7967	7759,8275	15,3454	658,3426	2395,1432	7,5346	2,3800	2,4300	1,8200	4,5000	4,5000	300,0000	150,0000	1300,0000	175,0000	175,0000	3,4700	0,3400	0,2300	0,3000	0,1800	0,6000	0,6000	17,3595	4,3238	33,8416	0,4004	0,7022	211,5570	50,5084	8169,0543	0,0000	0,0000	0,0000
109,0000	109,1990	75,0630	94,3457	38,8247	28,7530	33,5631	11,1787	10,0599	134,7763	132,8171	129,1221	136,9114	32,4651	106,7268	98,1406	172,2737	115,7907	42,6853	0,0000	0,0000	0,0000	0,0000	0,0000	0,0000	0,0000	0,0000	0,0000	0,0000	570,1077	7968,7385	15,7438	606,1753	2439,3929	7,5227	2,3800	2,4300	1,8200	4,5000	4,5000	300,0000	150,0000	1300,0000	175,0000	175,0000	3,4700	0,3400	0,2300	0,3000	0,1800	0,6000	0,6000	10,0000	2,1181	34,1360	0,4303	0,6958	211,5570	50,5084	8094,5289	0,0000	0,0000	0,0000
109,0000	107,4026	75,6186	93,0566	38,3339	27,3670	32,9588	10,9870	9,4736	127,2418	135,2932	135,2572	135,6727	32,0455	102,1557	97,8087	173,1930	113,8173	42,1626	0,0000	0,0000	0,0000	0,0000	0,0000	0,0000	0,0000	0,0000	0,0000	0,0000	579,4676	7412,5418	14,9254	614,2899	2531,4242	7,6726	2,3800	2,4300	1,8200	4,5000	4,5000	300,0000	150,0000	1300,0000	175,0000	175,0000	3,4700	0,3400	0,2300	0,3000	0,1800	0,6000	0,6000	10,0000	1,5116	31,7840	0,4353	0,6863	211,5570	50,5084	7642,0169	0,0000	0,0000	0,0000
109,0000	106,6073	74,6352	92,5489	38,9998	27,1867	33,8755	11,4983	10,2491	126,7669	131,4288	135,9752	129,6985	31,6752	103,4403	98,3329	173,2553	112,8285	42,5482	0,0000	0,0000	0,0000	0,0000	0,0000	0,0000	0,0000	0,0000	0,0000	0,0000	607,7409	7211,6748	14,6671	623,9043	2500,6701	7,6409	2,3800	2,4300	1,8200	4,5000	4,5000	300,0000	150,0000	1300,0000	175,0000	175,0000	3,4700	0,3400	0,2300	0,3000	0,1800	0,6000	0,6000	22,0743	2,6010	31,9721	0,4324	0,6938	211,5570	50,5084	7822,3942	0,0000	0,0000	0,0000
109,0000	108,0487	74,9113	93,4549	41,6533	30,0139	36,2636	12,2383	12,2555	130,5596	122,8090	125,6848	117,3867	31,5019	108,3142	100,9419	170,1942	114,4102	44,8549	0,0000	0,0000	0,0000	0,0000	0,0000	0,0000	0,0000	0,0000	0,0000	0,0000	523,5413	7435,7896	14,8765	620,3332	2437,0265	7,5404	2,3800	2,4300	1,8200	4,5000	4,5000	300,0000	150,0000	1300,0000	175,0000	175,0000	3,4700	0,3400	0,2300	0,3000	0,1800	0,6000	0,6000	25,9801	4,8414	33,1374	0,4069	0,7092	211,5570	50,5084	8372,5334	0,0000	0,0000	0,0000
109,0000	109,7830	74,8291	94,7403	39,2902	29,0169	34,1319	11,3256	10,6021	137,5419	130,5457	123,4515	136,7302	32,5286	108,3142	98,6141	171,5027	116,4608	43,1608	0,0000	0,0000	0,0000	0,0000	0,0000	0,0000	0,0000	0,0000	0,0000	0,0000	523,8068	8158,7157	15,9588	582,9684	2350,3063	7,3547	2,3800	2,4300	1,8200	4,5000	4,5000	300,0000	150,0000	1300,0000	175,0000	175,0000	3,4700	0,3400	0,2300	0,3000	0,1800	0,6000	0,6000	10,0000	2,6307	34,9539	0,4250	0,6997	211,5570	50,5084	8260,6267	0,0000	0,0000	0,0000
109,0000	108,0784	75,8996	93,6000	38,3758	27,5789	33,0246	11,0344	9,5667	128,7042	134,8131	134,1077	135,6847	32,2275	103,1435	97,6680	172,9281	114,5516	42,2061	0,0000	0,0000	0,0000	0,0000	0,0000	0,0000	0,0000	0,0000	0,0000	0,0000	585,5668	7546,2597	15,1346	613,4390	2509,8165	7,6390	2,3800	2,4300	1,8200	4,5000	4,5000	300,0000	150,0000	1300,0000	175,0000	175,0000	3,4700	0,3400	0,2300	0,3000	0,1800	0,6000	0,6000	10,0000	1,6452	32,1789	0,4352	0,6875	211,5570	50,5084	7729,8437	0,0000	0,0000	0,0000
109,0000	106,6283	75,0180	92,5289	38,2985	27,1815	33,2069	11,1583	9,6854	126,3481	134,2292	136,1687	133,6024	31,8316	102,1074	97,9636	172,9925	112,9786	42,1238	0,0000	0,0000	0,0000	0,0000	0,0000	0,0000	0,0000	0,0000	0,0000	0,0000	567,7581	7259,3256	14,6786	601,7637	2512,2203	7,6251	2,3800	2,4300	1,8200	4,5000	4,5000	300,0000	150,0000	1300,0000	175,0000	175,0000	3,4700	0,3400	0,2300	0,3000	0,1800	0,6000	0,6000	15,7813	1,8220	31,6104	0,4337	0,6883	211,5570	50,5084	7660,0690	0,0000	0,0000	0,0000
109,0000	107,2028	74,7587	92,9884	40,6854	28,7817	35,7052	12,1977	11,7599	128,2381	124,5239	131,5814	117,4026	31,4483	107,1481	99,8194	172,3208	113,4930	44,0318	0,0000	0,0000	0,0000	0,0000	0,0000	0,0000	0,0000	0,0000	0,0000	0,0000	544,5881	7228,9374	14,5984	600,6304	2483,3379	7,5802	2,3800	2,4300	1,8200	4,5000	4,5000	300,0000	150,0000	1300,0000	175,0000	175,0000	3,4700	0,3400	0,2300	0,3000	0,1800	0,6000	0,6000	31,3237	4,4875	32,4440	0,4207	0,7065	211,5570	50,5084	8251,2881	0,0000	0,0000	0,0000
109,0000	109,3123	75,0378	94,3375	40,3273	29,6563	35,1377	11,6080	11,4481	136,0738	127,1804	120,3247	132,4888	32,1715	107,1481	100,2195	170,5618	116,0414	44,2198	0,0000	0,0000	0,0000	0,0000	0,0000	0,0000	0,0000	0,0000	0,0000	0,0000	463,7879	8005,6058	15,6398	582,4601	2348,3048	7,3509	2,3800	2,4300	1,8200	4,5000	4,5000	300,0000	150,0000	1300,0000	175,0000	175,0000	3,4700	0,3400	0,2300	0,3000	0,1800	0,6000	0,6000	10,9493	3,5208	34,2746	0,4124	0,6997	211,5570	50,5084	8172,4553	0,0000	0,0000	0,0000
109,0000	108,6423	75,4921	93,9778	38,5736	28,1110	33,2593	11,1009	9,7804	131,7107	133,9695	132,0201	136,3372	32,3530	104,9256	97,8652	172,6336	115,1725	42,4196	0,0000	0,0000	0,0000	0,0000	0,0000	0,0000	0,0000	0,0000	0,0000	0,0000	566,8496	7756,5523	15,4214	599,4057	2481,5376	7,5756	2,3800	2,4300	1,8200	4,5000	4,5000	300,0000	150,0000	1300,0000	175,0000	175,0000	3,4700	0,3400	0,2300	0,3000	0,1800	0,6000	0,6000	10,0000	1,8583	33,1502	0,4331	0,6917	211,5570	50,5084	7910,4115	0,0000	0,0000	0,0000
109,0000	106,9705	75,3238	92,7065	38,3104	27,2583	32,9468	10,9826	9,4544	126,6319	135,4128	135,7831	135,4575	31,9260	101,7002	97,8806	173,2996	113,3489	42,1372	0,0000	0,0000	0,0000	0,0000	0,0000	0,0000	0,0000	0,0000	0,0000	0,0000	575,4500	7342,3914	14,8144	614,7828	2537,1993	7,6820	2,3800	2,4300	1,8200	4,5000	4,5000	300,0000	150,0000	1300,0000	175,0000	175,0000	3,4700	0,3400	0,2300	0,3000	0,1800	0,6000	0,6000	11,3227	1,4783	31,6467	0,4352	0,6861	211,5570	50,5084	7605,3836	0,0000	0,0000	0,0000
109,0000	106,7794	74,6340	92,6711	39,7444	27,7740	34,6645	11,8416	10,9024	127,1551	128,3314	135,0369	124,6109	31,5406	104,8906	98,9513	173,3566	113,0263	43,2259	0,0000	0,0000	0,0000	0,0000	0,0000	0,0000	0,0000	0,0000	0,0000	0,0000	576,2696	7196,4851	14,5973	609,3498	2512,3024	7,6366	2,3800	2,4300	1,8200	4,5000	4,5000	300,0000	150,0000	1300,0000	175,0000	175,0000	3,4700	0,3400	0,2300	0,3000	0,1800	0,6000	0,6000	27,4034	3,4750	32,1454	0,4292	0,6993	211,5570	50,5084	7995,1517	0,0000	0,0000	0,0000
109,0000	108,7289	75,0383	93,7931	41,7710	30,7323	36,0369	12,0163	12,1497	132,8462	123,8674	121,3730	122,6848	31,6923	107,1591	101,5779	168,7524	115,2525	45,2221	0,0000	0,0000	0,0000	0,0000	0,0000	0,0000	0,0000	0,0000	0,0000	0,0000	504,4397	7695,6289	15,2368	651,4039	2404,5057	7,5382	2,3800	2,4300	1,8200	4,5000	4,5000	300,0000	150,0000	1300,0000	175,0000	175,0000	3,4700	0,3400	0,2300	0,3000	0,1800	0,6000	0,6000	19,3282	4,4861	33,6905	0,3981	0,7043	211,5570	50,5084	8225,8849	0,0000	0,0000	0,0000
109,0000	109,3531	74,9893	94,4519	38,8966	28,7918	33,6546	11,2035	10,1485	135,5089	132,4340	128,0991	136,9716	32,4937	107,1591	98,2021	172,1433	115,9631	42,7593	0,0000	0,0000	0,0000	0,0000	0,0000	0,0000	0,0000	0,0000	0,0000	0,0000	547,4791	8020,5866	15,7875	589,4180	2422,8743	7,4729	2,3800	2,4300	1,8200	4,5000	4,5000	300,0000	150,0000	1300,0000	175,0000	175,0000	3,4700	0,3400	0,2300	0,3000	0,1800	0,6000	0,6000	10,0000	2,2021	34,3638	0,4295	0,6968	211,5570	50,5084	8138,5316	0,0000	0,0000	0,0000
109,0000	107,5308	75,6985	93,1629	38,3381	27,3987	32,9669	10,9951	9,4862	127,4439	135,2167	135,0791	135,6678	32,0807	102,3023	97,7761	173,1466	113,9564	42,1669	0,0000	0,0000	0,0000	0,0000	0,0000	0,0000	0,0000	0,0000	0,0000	0,0000	580,6528	7433,7147	14,9589	614,0141	2527,8342	7,6668	2,3800	2,4300	1,8200	4,5000	4,5000	300,0000	150,0000	1300,0000	175,0000	175,0000	3,4700	0,3400	0,2300	0,3000	0,1800	0,6000	0,6000	10,0000	1,5340	31,8323	0,4353	0,6864	211,5570	50,5084	7654,1524	0,0000	0,0000	0,0000
109,0000	106,5537	74,7081	92,5275	38,8189	27,1836	33,7087	11,4183	10,1085	126,6549	132,1133	136,1052	130,7106	31,7080	103,1151	98,2154	173,2093	112,7607	42,3816	0,0000	0,0000	0,0000	0,0000	0,0000	0,0000	0,0000	0,0000	0,0000	0,0000	547,6061	7217,3989	14,5857	569,2689	2498,8102	7,5564	2,3800	2,4300	1,8200	4,5000	4,5000	300,0000	150,0000	1300,0000	175,0000	175,0000	3,4700	0,3400	0,2300	0,3000	0,1800	0,6000	0,6000	20,6267	2,4094	31,8456	0,4330	0,6925	211,5570	50,5084	7783,3739	0,0000	0,0000	0,0000
109,0000	107,8478	74,8774	93,3614	41,4872	29,7426	36,2289	12,2656	12,2112	130,0192	122,8645	126,9816	116,5861	31,4745	108,3287	100,6774	170,6443	114,1929	44,6767	0,0000	0,0000	0,0000	0,0000	0,0000	0,0000	0,0000	0,0000	0,0000	0,0000	543,4102	7378,2479	14,8201	628,2560	2446,0752	7,5658	2,3800	2,4300	1,8200	4,5000	4,5000	300,0000	150,0000	1300,0000	175,0000	175,0000	3,4700	0,3400	0,2300	0,3000	0,1800	0,6000	0,6000	27,4276	4,8509	32,9704	0,4100	0,7095	211,5570	50,5084	8377,1008	0,0000	0,0000	0,0000
109,0000	109,7782	74,8199	94,7267	39,4438	29,1080	34,2977	11,3657	10,7488	137,6313	129,9634	122,4281	136,4774	32,4938	108,3287	98,8298	171,3261	116,4680	43,3187	0,0000	0,0000	0,0000	0,0000	0,0000	0,0000	0,0000	0,0000	0,0000	0,0000	522,5330	8158,5082	15,9566	588,1956	2338,4756	7,3448	2,3800	2,4300	1,8200	4,5000	4,5000	300,0000	150,0000	1300,0000	175,0000	175,0000	3,4700	0,3400	0,2300	0,3000	0,1800	0,6000	0,6000	10,0000	2,7724	34,9583	0,4231	0,7000	211,5570	50,5084	8265,9963	0,0000	0,0000	0,0000
109,0000	108,2018	75,8779	93,6907	38,3994	27,6551	33,0545	11,0462	9,5979	129,1743	134,6774	133,7790	135,7501	32,2579	103,4329	97,6709	172,8699	114,6865	42,2314	0,0000	0,0000	0,0000	0,0000	0,0000	0,0000	0,0000	0,0000	0,0000	0,0000	586,5651	7581,8482	15,1894	613,7746	2504,6585	7,6318	2,3800	2,4300	1,8200	4,5000	4,5000	300,0000	150,0000	1300,0000	175,0000	175,0000	3,4700	0,3400	0,2300	0,3000	0,1800	0,6000	0,6000	10,0000	1,6808	32,3240	0,4350	0,6881	211,5570	50,5084	7758,0801	0,0000	0,0000	0,0000
109,0000	106,6851	75,0864	92,5472	38,2962	27,1882	33,1207	11,1074	9,6109	126,3463	134,6071	136,1128	134,1201	31,8474	101,9277	97,9363	172,9344	113,0398	42,1213	0,0000	0,0000	0,0000	0,0000	0,0000	0,0000	0,0000	0,0000	0,0000	0,0000	570,6734	7275,0073	14,7064	608,7324	2518,6685	7,6452	2,3800	2,4300	1,8200	4,5000	4,5000	300,0000	150,0000	1300,0000	175,0000	175,0000	3,4700	0,3400	0,2300	0,3000	0,1800	0,6000	0,6000	14,7407	1,7157	31,5987	0,4337	0,6875	211,5570	50,5084	7638,7559	0,0000	0,0000	0,0000
109,0000	107,0788	74,7325	92,9019	40,4940	28,5570	35,5072	12,1400	11,5952	127,9009	125,2196	132,5360	118,6296	31,4544	106,6794	99,6395	172,6669	113,3576	43,8736	0,0000	0,0000	0,0000	0,0000	0,0000	0,0000	0,0000	0,0000	0,0000	0,0000	546,3107	7210,7289	14,5738	598,0170	2493,5705	7,5916	2,3800	2,4300	1,8200	4,5000	4,5000	300,0000	150,0000	1300,0000	175,0000	175,0000	3,4700	0,3400	0,2300	0,3000	0,1800	0,6000	0,6000	30,8454	4,3108	32,3463	0,4229	0,7052	211,5570	50,5084	8199,5318	0,0000	0,0000	0,0000
109,0000	109,1718	75,0579	94,2087	40,6052	29,8400	35,3580	11,6907	11,6270	135,4122	126,4176	120,1840	130,6079	32,0673	106,6794	100,6179	170,3079	115,9207	44,4916	0,0000	0,0000	0,0000	0,0000	0,0000	0,0000	0,0000	0,0000	0,0000	0,0000	461,1352	7948,3455	15,5502	594,5443	2360,8155	7,3877	2,3800	2,4300	1,8200	4,5000	4,5000	300,0000	150,0000	1300,0000	175,0000	175,0000	3,4700	0,3400	0,2300	0,3000	0,1800	0,6000	0,6000	12,4682	3,7390	34,1139	0,4092	0,6994	211,5570	50,5084	8132,7189	0,0000	0,0000	0,0000
109,0000	108,7646	75,3643	94,0552	38,6331	28,2608	33,3290	11,1181	9,8415	132,4727	133,7242	131,4192	136,5180	32,3775	105,3699	97,9392	172,5617	115,3083	42,4835	0,0000	0,0000	0,0000	0,0000	0,0000	0,0000	0,0000	0,0000	0,0000	0,0000	567,5610	7808,0071	15,4994	600,9670	2473,6589	7,5662	2,3800	2,4300	1,8200	4,5000	4,5000	300,0000	150,0000	1300,0000	175,0000	175,0000	3,4700	0,3400	0,2300	0,3000	0,1800	0,6000	0,6000	10,0000	1,9153	33,4003	0,4324	0,6927	211,5570	50,5084	7956,1753	0,0000	0,0000	0,0000
109,0000	107,0626	75,3885	92,7752	38,3170	27,2838	32,9385	10,9727	9,4466	126,7568	135,4461	135,6722	135,6059	31,9513	101,7943	97,8694	173,3019	113,4488	42,1446	0,0000	0,0000	0,0000	0,0000	0,0000	0,0000	0,0000	0,0000	0,0000	0,0000	576,2984	7358,8583	14,8403	614,7279	2538,2839	7,6835	2,3800	2,4300	1,8200	4,5000	4,5000	300,0000	150,0000	1300,0000	175,0000	175,0000	3,4700	0,3400	0,2300	0,3000	0,1800	0,6000	0,6000	10,6084	1,4659	31,6741	0,4353	0,6861	211,5570	50,5084	7612,8870	0,0000	0,0000	0,0000
109,0000	106,7322	74,6092	92,6326	39,5504	27,5934	34,4503	11,7564	10,7269	127,0536	129,1464	135,3707	126,0362	31,5730	104,4878	98,7732	173,3624	112,9727	43,0510	0,0000	0,0000	0,0000	0,0000	0,0000	0,0000	0,0000	0,0000	0,0000	0,0000	578,9148	7200,1824	14,6068	607,8996	2510,8151	7,6322	2,3800	2,4300	1,8200	4,5000	4,5000	300,0000	150,0000	1300,0000	175,0000	175,0000	3,4700	0,3400	0,2300	0,3000	0,1800	0,6000	0,6000	26,2660	3,2472	32,1229	0,4303	0,6978	211,5570	50,5084	7947,7150	0,0000	0,0000	0,0000
109,0000	108,5629	75,0016	93,7075	41,8398	30,8596	36,1467	12,0871	12,2177	132,2532	123,4228	122,2921	121,0446	31,6163	107,5596	101,5060	168,8890	115,0857	45,1742	0,0000	0,0000	0,0000	0,0000	0,0000	0,0000	0,0000	0,0000	0,0000	0,0000	473,8584	7630,4143	15,0934	620,6544	2415,3882	7,5085	2,3800	2,4300	1,8200	4,5000	4,5000	300,0000	150,0000	1300,0000	175,0000	175,0000	3,4700	0,3400	0,2300	0,3000	0,1800	0,6000	0,6000	21,1799	4,6208	33,5613	0,3990	0,7061	211,5570	50,5084	8277,8239	0,0000	0,0000	0,0000
109,0000	109,5038	74,9328	94,5566	38,9743	28,8348	33,7553	11,2302	10,2471	136,1894	132,0133	126,9189	136,9840	32,5193	107,5596	98,2651	171,9926	116,1326	42,8384	0,0000	0,0000	0,0000	0,0000	0,0000	0,0000	0,0000	0,0000	0,0000	0,0000	548,1126	8069,0102	15,8609	591,7232	2403,2487	7,4470	2,3800	2,4300	1,8200	4,5000	4,5000	300,0000	150,0000	1300,0000	175,0000	175,0000	3,4700	0,3400	0,2300	0,3000	0,1800	0,6000	0,6000	10,0000	2,2951	34,5710	0,4287	0,6977	211,5570	50,5084	8179,3963	0,0000	0,0000	0,0000
109,0000	107,6697	75,7754	93,2768	38,3423	27,4339	32,9756	11,0039	9,5016	127,6890	135,1326	134,8722	135,6529	32,1189	102,4755	97,7390	173,0932	114,1070	42,1711	0,0000	0,0000	0,0000	0,0000	0,0000	0,0000	0,0000	0,0000	0,0000	0,0000	581,9346	7458,1149	14,9973	613,7060	2523,6173	7,6600	2,3800	2,4300	1,8200	4,5000	4,5000	300,0000	150,0000	1300,0000	175,0000	175,0000	3,4700	0,3400	0,2300	0,3000	0,1800	0,6000	0,6000	10,0000	1,5585	31,8943	0,4353	0,6866	211,5570	50,5084	7668,8742	0,0000	0,0000	0,0000
109,0000	106,5015	74,7871	92,5165	38,6415	27,1804	33,5573	11,3435	9,9812	126,5514	132,7433	136,1864	131,6004	31,7420	102,8158	98,1177	173,1565	112,8102	42,2178	0,0000	0,0000	0,0000	0,0000	0,0000	0,0000	0,0000	0,0000	0,0000	0,0000	553,9567	7225,5701	14,6074	579,4582	2499,6141	7,5728	2,3800	2,4300	1,8200	4,5000	4,5000	300,0000	150,0000	1300,0000	175,0000	175,0000	3,4700	0,3400	0,2300	0,3000	0,1800	0,6000	0,6000	19,2698	2,2345	31,7144	0,4334	0,6913	211,5570	50,5084	7747,0461	0,0000	0,0000	0,0000
109,0000	107,6616	74,8461	93,2670	41,2717	29,4858	36,1523	12,2777	12,1381	129,5004	123,0676	128,2474	116,0732	31,4611	108,1985	100,4261	171,0904	113,9913	44,5049	0,0000	0,0000	0,0000	0,0000	0,0000	0,0000	0,0000	0,0000	0,0000	0,0000	542,6094	7328,1366	14,7439	617,4621	2455,0292	7,5630	2,3800	2,4300	1,8200	4,5000	4,5000	300,0000	150,0000	1300,0000	175,0000	175,0000	3,4700	0,3400	0,2300	0,3000	0,1800	0,6000	0,6000	28,7846	4,8222	32,8155	0,4130	0,7092	211,5570	50,5084	8364,3854	0,0000	0,0000	0,0000
109,0000	109,7154	74,8298	94,6691	39,6272	29,2184	34,4856	11,4115	10,9102	137,4987	129,3339	121,5927	136,0508	32,4368	108,1985	99,1093	171,1467	116,4149	43,5076	0,0000	0,0000	0,0000	0,0000	0,0000	0,0000	0,0000	0,0000	0,0000	0,0000	520,6022	8140,1338	15,9262	594,6269	2332,3168	7,3452	2,3800	2,4300	1,8200	4,5000	4,5000	300,0000	150,0000	1300,0000	175,0000	175,0000	3,4700	0,3400	0,2300	0,3000	0,1800	0,6000	0,6000	10,0000	2,9313	34,8856	0,4209	0,7002	211,5570	50,5084	8258,0325	0,0000	0,0000	0,0000
109,0000	108,3185	75,8182	93,7719	38,4317	27,7479	33,0936	11,0587	9,6354	129,7247	134,5254	133,4072	135,8530	32,2852	103,7635	97,6943	172,8119	114,8145	42,2662	0,0000	0,0000	0,0000	0,0000	0,0000	0,0000	0,0000	0,0000	0,0000	0,0000	587,4477	7621,3605	15,2499	614,4217	2499,3456	7,6248	2,3800	2,4300	1,8200	4,5000	4,5000	300,0000	150,0000	1300,0000	175,0000	175,0000	3,4700	0,3400	0,2300	0,3000	0,1800	0,6000	0,6000	10,0000	1,7199	32,5003	0,4347	0,6889	211,5570	50,5084	7791,1376	0,0000	0,0000	0,0000
109,0000	106,7483	75,1503	92,5740	38,2965	27,1997	33,0524	11,0639	9,5509	126,3783	134,9146	136,0457	134,5663	31,8650	101,7922	97,9153	172,9042	113,1082	42,1218	0,0000	0,0000	0,0000	0,0000	0,0000	0,0000	0,0000	0,0000	0,0000	0,0000	573,4010	7292,8748	14,7372	615,0344	2525,8287	7,6653	2,3800	2,4300	1,8200	4,5000	4,5000	300,0000	150,0000	1300,0000	175,0000	175,0000	3,4700	0,3400	0,2300	0,3000	0,1800	0,6000	0,6000	13,7719	1,6276	31,5980	0,4337	0,6870	211,5570	50,5084	7622,0732	0,0000	0,0000	0,0000
109,0000	106,9768	74,7072	92,8281	40,3040	28,3426	35,2994	12,0743	11,4239	127,6309	125,9658	133,3641	120,0117	31,4676	106,1972	99,4645	172,9482	113,2457	43,7139	0,0000	0,0000	0,0000	0,0000	0,0000	0,0000	0,0000	0,0000	0,0000	0,0000	548,2750	7199,4572	14,5598	595,7343	2501,5586	7,6001	2,3800	2,4300	1,8200	4,5000	4,5000	300,0000	150,0000	1300,0000	175,0000	175,0000	3,4700	0,3400	0,2300	0,3000	0,1800	0,6000	0,6000	30,2953	4,1171	32,2696	0,4249	0,7037	211,5570	50,5084	8145,5215	0,0000	0,0000	0,0000
109,0000	109,0610	75,0471	94,0840	40,8954	30,0403	35,5636	11,7741	11,7912	134,7243	125,6877	120,2068	128,6288	31,9641	106,1972	100,9848	170,0066	115,8722	44,7644	0,0000	0,0000	0,0000	0,0000	0,0000	0,0000	0,0000	0,0000	0,0000	0,0000	382,7012	7884,5916	15,3374	549,2738	2374,5805	7,3406	2,3800	2,4300	1,8200	4,5000	4,5000	300,0000	150,0000	1300,0000	175,0000	175,0000	3,4700	0,3400	0,2300	0,3000	0,1800	0,6000	0,6000	13,9871	3,9492	34,0139	0,4060	0,6990	211,5570	50,5084	8091,4096	0,0000	0,0000	0,0000
109,0000	108,9008	75,2442	94,1436	38,6959	28,4299	33,4043	11,1370	9,9095	133,2614	133,4472	130,7341	136,6835	32,4050	105,8320	98,0122	172,4779	115,4594	42,5504	0,0000	0,0000	0,0000	0,0000	0,0000	0,0000	0,0000	0,0000	0,0000	0,0000	568,3595	7862,1147	15,5816	602,6652	2463,9405	7,5542	2,3800	2,4300	1,8200	4,5000	4,5000	300,0000	150,0000	1300,0000	175,0000	175,0000	3,4700	0,3400	0,2300	0,3000	0,1800	0,6000	0,6000	10,0000	1,9781	33,6566	0,4317	0,6938	211,5570	50,5084	8003,5455	0,0000	0,0000	0,0000
109,0000	107,1678	75,4607	92,8607	38,3235	27,3109	32,9424	10,9736	9,4515	126,9041	135,4152	135,5464	135,6613	31,9804	101,9045	97,8543	173,2701	113,5628	42,1516	0,0000	0,0000	0,0000	0,0000	0,0000	0,0000	0,0000	0,0000	0,0000	0,0000	577,2751	7375,7241	14,8670	614,6381	2536,9395	7,6814	2,3800	2,4300	1,8200	4,5000	4,5000	300,0000	150,0000	1300,0000	175,0000	175,0000	3,4700	0,3400	0,2300	0,3000	0,1800	0,6000	0,6000	10,0000	1,4740	31,7071	0,4352	0,6862	211,5570	50,5084	7621,7359	0,0000	0,0000	0,0000
109,0000	106,6913	74,5884	92,5997	39,3591	27,4234	34,2419	11,6668	10,5545	126,9596	129,9597	135,6143	127,3997	31,6079	104,1130	98,6081	173,3316	112,9256	42,8773	0,0000	0,0000	0,0000	0,0000	0,0000	0,0000	0,0000	0,0000	0,0000	0,0000	581,6736	7204,4583	14,6173	606,7807	2507,6957	7,6258	2,3800	2,4300	1,8200	4,5000	4,5000	300,0000	150,0000	1300,0000	175,0000	175,0000	3,4700	0,3400	0,2300	0,3000	0,1800	0,6000	0,6000	25,1336	3,0164	32,1028	0,4311	0,6964	211,5570	50,5084	7903,0553	0,0000	0,0000	0,0000
109,0000	108,4163	74,9699	93,6215	41,7895	30,5563	36,2233	12,1492	12,2583	131,6514	123,0882	123,3781	119,6075	31,5730	107,9153	101,3502	169,3315	114,8486	45,1137	0,0000	0,0000	0,0000	0,0000	0,0000	0,0000	0,0000	0,0000	0,0000	0,0000	534,6055	7562,8653	15,0832	657,3198	2424,9507	7,5776	2,3800	2,4300	1,8200	4,5000	4,5000	300,0000	150,0000	1300,0000	175,0000	175,0000	3,4700	0,3400	0,2300	0,3000	0,1800	0,6000	0,6000	22,9207	4,7265	33,4464	0,4015	0,7074	211,5570	50,5084	8321,3076	0,0000	0,0000	0,0000
109,0000	109,6373	74,8832	94,6481	39,0640	28,8858	33,8685	11,2598	10,3573	136,8025	131,5486	125,6853	136,9510	32,5372	107,9153	98,3475	171,8305	116,2846	42,9295	0,0000	0,0000	0,0000	0,0000	0,0000	0,0000	0,0000	0,0000	0,0000	0,0000	548,4882	8111,9114	15,9257	594,5057	2383,1198	7,4210	2,3800	2,4300	1,8200	4,5000	4,5000	300,0000	150,0000	1300,0000	175,0000	175,0000	3,4700	0,3400	0,2300	0,3000	0,1800	0,6000	0,6000	10,0000	2,3983	34,7541	0,4276	0,6985	211,5570	50,5084	8216,2197	0,0000	0,0000	0,0000
109,0000	107,8152	75,8408	93,3945	38,3493	27,4700	32,9872	11,0136	9,5205	127,9876	135,0346	134,6377	135,6420	32,1585	102,6796	97,7055	173,0377	114,2650	42,1782	0,0000	0,0000	0,0000	0,0000	0,0000	0,0000	0,0000	0,0000	0,0000	0,0000	583,2679	7486,0292	15,0411	613,4555	2519,2353	7,6531	2,3800	2,4300	1,8200	4,5000	4,5000	300,0000	150,0000	1300,0000	175,0000	175,0000	3,4700	0,3400	0,2300	0,3000	0,1800	0,6000	0,6000	10,0000	1,5855	31,9744	0,4354	0,6868	211,5570	50,5084	7686,8083	0,0000	0,0000	0,0000
109,0000	106,5252	74,8698	92,5158	38,4687	27,1786	33,4222	11,2743	9,8674	126,4630	133,3123	136,2234	132,3805	31,7770	102,5468	98,0423	173,1014	112,8675	42,1343	0,0000	0,0000	0,0000	0,0000	0,0000	0,0000	0,0000	0,0000	0,0000	0,0000	559,4702	7235,7711	14,6309	587,7922	2502,6691	7,5899	2,3800	2,4300	1,8200	4,5000	4,5000	300,0000	150,0000	1300,0000	175,0000	175,0000	3,4700	0,3400	0,2300	0,3000	0,1800	0,6000	0,6000	17,9991	2,0768	31,6553	0,4336	0,6901	211,5570	50,5084	7713,9166	0,0000	0,0000	0,0000
109,0000	107,4921	74,8161	93,1745	41,0649	29,2380	36,0344	12,2717	12,0361	129,0275	123,4219	129,4520	115,9551	31,4527	107,9273	100,2010	171,5291	113,8075	44,3393	0,0000	0,0000	0,0000	0,0000	0,0000	0,0000	0,0000	0,0000	0,0000	0,0000	541,9548	7285,8208	14,6796	607,3753	2463,0996	7,5600	2,3800	2,4300	1,8200	4,5000	4,5000	300,0000	150,0000	1300,0000	175,0000	175,0000	3,4700	0,3400	0,2300	0,3000	0,1800	0,6000	0,6000	30,0552	4,7517	32,6760	0,4158	0,7086	211,5570	50,5084	8335,7313	0,0000	0,0000	0,0000
109,0000	109,6020	74,8685	94,5741	39,8429	29,3504	34,6958	11,4656	11,0858	137,1474	128,6505	120,9783	135,3376	32,3591	107,9273	99,4558	170,9632	116,3099	43,7296	0,0000	0,0000	0,0000	0,0000	0,0000	0,0000	0,0000	0,0000	0,0000	0,0000	493,7899	8104,3808	15,8326	583,1670	2332,9733	7,3290	2,3800	2,4300	1,8200	4,5000	4,5000	300,0000	150,0000	1300,0000	175,0000	175,0000	3,4700	0,3400	0,2300	0,3000	0,1800	0,6000	0,6000	10,0000	3,1106	34,7336	0,4183	0,7002	211,5570	50,5084	8236,9376	0,0000	0,0000	0,0000
109,0000	108,4314	75,7250	93,8463	38,4738	27,8530	33,1426	11,0721	9,6797	130,3558	134,3555	132,9854	135,9952	32,3101	104,1362	97,7406	172,7547	114,9388	42,3118	0,0000	0,0000	0,0000	0,0000	0,0000	0,0000	0,0000	0,0000	0,0000	0,0000	588,2455	7665,0880	15,3165	615,4040	2493,9988	7,6182	2,3800	2,4300	1,8200	4,5000	4,5000	300,0000	150,0000	1300,0000	175,0000	175,0000	3,4700	0,3400	0,2300	0,3000	0,1800	0,6000	0,6000	10,0000	1,7629	32,7064	0,4342	0,6897	211,5570	50,5084	7829,0381	0,0000	0,0000	0,0000
109,0000	106,8205	75,2116	92,6119	38,2999	27,2166	33,0017	11,0280	9,5055	126,4470	135,1513	135,9663	134,9431	31,8850	101,7011	97,9015	173,1101	113,1864	42,1256	0,0000	0,0000	0,0000	0,0000	0,0000	0,0000	0,0000	0,0000	0,0000	0,0000	574,0735	7311,0933	14,7655	614,9134	2531,4574	7,6736	2,3800	2,4300	1,8200	4,5000	4,5000	300,0000	150,0000	1300,0000	175,0000	175,0000	3,4700	0,3400	0,2300	0,3000	0,1800	0,6000	0,6000	12,8719	1,5581	31,6089	0,4345	0,6865	211,5570	50,5084	7609,9637	0,0000	0,0000	0,0000
109,0000	106,8978	74,6840	92,7674	40,1140	28,1433	35,0839	11,9997	11,2470	127,4277	126,7577	134,0608	121,5720	31,4885	105,7296	99,2908	173,1584	113,1585	43,5510	0,0000	0,0000	0,0000	0,0000	0,0000	0,0000	0,0000	0,0000	0,0000	0,0000	571,5830	7194,9736	14,5880	612,6597	2507,4304	7,6342	2,3800	2,4300	1,8200	4,5000	4,5000	300,0000	150,0000	1300,0000	175,0000	175,0000	3,4700	0,3400	0,2300	0,3000	0,1800	0,6000	0,6000	29,6764	3,9063	32,2138	0,4266	0,7022	211,5570	50,5084	8092,2875	0,0000	0,0000	0,0000
109,0000	108,9996	75,0537	93,9748	41,1947	30,2581	35,7508	11,8592	11,9381	134,0532	124,9958	120,4012	126,5319	31,8663	106,3023	101,2928	169,6478	115,6552	45,0328	0,0000	0,0000	0,0000	0,0000	0,0000	0,0000	0,0000	0,0000	0,0000	0,0000	521,1379	7819,1557	15,4466	663,5888	2386,4247	7,5294	2,3800	2,4300	1,8200	4,5000	4,5000	300,0000	150,0000	1300,0000	175,0000	175,0000	3,4700	0,3400	0,2300	0,3000	0,1800	0,6000	0,6000	15,5060	4,1507	33,9459	0,4029	0,7002	211,5570	50,5084	8113,5191	0,0000	0,0000	0,0000
