HR	AOPmax	AOPmin	AOPmean	PAPmax	PAPmin	PAPmean	PRAmean	WedgeP	QLV	Qsist	QRV	Qpulm	LVes	LVed	RVes	RVed	Plvmax	Prvmax	QVADmax	QVADmin	QVADmean	QECMO	P1mean	P2mean	P3mean	Qventing	Qinflow1	Qinflow2	PELeftV	SWLeftV	MVO2LeftV	PERightV	SWRightV	MVO2RightV	RupAbr	RkidAbr	RsplAbr	RllAbr	RrlAbr	V0upbr	V0kidbr	V0spbr	V0llbr	V0rlbr	Emaxl	Emaxr	RupVbr	RkidVbr	RspVbr	RllVbr	RrlVbr	Paw	Ppleural	PP	RV EF 	LV EF 	Ccw linear	Cl linear	CO	ECMOflowma	ECMOlfowmi	ECMOvol
101,0000	126,9236	71,1994	101,1978	31,0113	20,1193	25,6196	10,2935	16,2541	135,6765	129,3118	118,2622	125,5777	45,7394	126,4669	50,2112	130,0395	133,0976	35,7429	0,0000	0,0000	0,0000	0,0000	0,0000	0,0000	0,0000	0,0000	0,0000	0,0000	2048,9668	8976,9508	18,0372	473,7626	1986,0034	6,1582	2,5800	2,6300	1,9700	4,8600	4,8600	300,0000	150,0000	1300,0000	175,0000	175,0000	2,8000	0,5000	0,2300	0,3000	0,1800	0,6000	0,6000	3,0000	3,6924	55,7241	0,6139	0,6383	152,1641	79,8771	8153,4780	0,0000	0,0000	0,0000
101,0000	123,2419	70,0388	98,4759	29,5102	19,2284	24,0412	9,1399	14,0832	129,6405	142,6758	132,3804	129,7047	45,2101	122,3462	51,5965	138,5102	129,1944	34,4628	0,0000	0,0000	0,0000	0,0000	0,0000	0,0000	0,0000	0,0000	0,0000	0,0000	2025,9994	8431,5902	17,2491	515,4158	2229,2147	6,5533	2,5800	2,6300	1,9700	4,8600	4,8600	300,0000	150,0000	1300,0000	175,0000	175,0000	2,8000	0,5000	0,2300	0,3000	0,1800	0,6000	0,6000	3,0000	0,2632	53,2031	0,6275	0,6305	152,1641	79,8771	7790,7441	0,0000	0,0000	0,0000
101,0000	122,1676	68,7499	97,6451	30,0011	18,8868	24,3298	8,9520	13,7862	129,0789	145,1500	142,9660	139,9883	44,9884	122,2357	53,6882	140,4350	128,0273	35,1147	0,0000	0,0000	0,0000	0,0000	0,0000	0,0000	0,0000	0,0000	0,0000	0,0000	2016,7199	8295,0905	17,0469	551,7370	2473,7917	6,9428	2,5800	2,6300	1,9700	4,8600	4,8600	300,0000	150,0000	1300,0000	175,0000	175,0000	2,8000	0,5000	0,2300	0,3000	0,1800	0,6000	0,6000	3,0000	-0,6172	53,4177	0,6177	0,6320	152,1641	79,8771	7801,9809	0,0000	0,0000	0,0000
101,0000	122,2486	68,4283	97,6615	30,4574	19,2433	24,7206	8,9648	14,0414	129,8262	143,6854	144,6497	142,4685	44,9891	123,0542	54,5649	140,6315	128,1187	35,6344	0,0000	0,0000	0,0000	0,0000	0,0000	0,0000	0,0000	0,0000	0,0000	0,0000	2017,0540	8325,6351	17,0897	567,6067	2546,9958	7,0663	2,5800	2,6300	1,9700	4,8600	4,8600	300,0000	150,0000	1300,0000	175,0000	175,0000	2,8000	0,5000	0,2300	0,3000	0,1800	0,6000	0,6000	3,0000	-0,6536	53,8204	0,6120	0,6344	152,1641	79,8771	7884,5666	0,0000	0,0000	0,0000
101,0000	122,7469	68,4391	98,0133	30,6664	19,5548	24,9550	8,9800	14,3208	130,9313	142,2239	143,6358	141,9913	45,1500	123,8393	54,9263	140,3896	128,6521	35,8240	0,0000	0,0000	0,0000	0,0000	0,0000	0,0000	0,0000	0,0000	0,0000	0,0000	2031,3365	8413,9389	17,2320	574,7517	2543,4173	7,0713	2,5800	2,6300	1,9700	4,8600	4,8600	300,0000	150,0000	1300,0000	175,0000	175,0000	2,8000	0,5000	0,2300	0,3000	0,1800	0,6000	0,6000	3,0000	-0,6544	54,3078	0,6088	0,6354	152,1641	79,8771	7947,6171	0,0000	0,0000	0,0000
101,0000	123,3410	68,6453	98,6434	30,8038	19,8002	25,4949	9,3130	14,9239	131,9112	139,0317	142,4266	141,9952	45,3521	124,4247	55,1493	139,8931	129,2855	35,9297	0,0000	0,0000	0,0000	0,0000	0,0000	0,0000	0,0000	0,0000	0,0000	0,0000	2049,2243	8470,5096	17,3352	579,3996	2482,8968	6,9938	2,5800	2,6300	1,9700	4,8600	4,8600	300,0000	150,0000	1300,0000	175,0000	175,0000	2,8000	0,5000	0,2300	0,3000	0,1800	0,6000	0,6000	5,6106	0,0112	54,6957	0,6058	0,6355	152,1642	79,8771	7986,3379	0,0000	0,0000	0,0000
101,0000	125,2152	69,8197	100,1096	33,2122	21,8824	27,9307	10,8419	17,4132	133,4619	123,6713	139,1681	137,6963	45,0149	125,8739	54,9874	137,7924	131,2181	38,0552	0,0000	0,0000	0,0000	0,0000	0,0000	0,0000	0,0000	0,0000	0,0000	0,0000	1990,0570	8487,4543	17,2767	533,8254	2486,7114	6,9359	2,5800	2,6300	1,9700	4,8600	4,8600	300,0000	150,0000	1300,0000	175,0000	175,0000	2,8000	0,5000	0,2300	0,3000	0,1800	0,6000	0,6000	15,7260	4,3121	55,3955	0,6009	0,6424	152,1641	79,8771	8166,7560	0,0000	0,0000	0,0000
101,0000	126,6182	70,3523	101,1756	33,7207	23,7906	28,9548	11,5255	18,9930	135,8289	116,7509	123,0913	119,0452	45,0557	127,6965	53,7123	126,9516	132,7170	38,1313	0,0000	0,0000	0,0000	0,0000	0,0000	0,0000	0,0000	0,0000	0,0000	0,0000	1974,4881	8635,4229	17,4603	504,2104	2145,4903	6,4216	2,5800	2,6300	1,9700	4,8600	4,8600	300,0000	150,0000	1300,0000	175,0000	175,0000	2,8000	0,5000	0,2300	0,3000	0,1800	0,6000	0,6000	23,7182	6,4330	56,2660	0,5769	0,6472	152,1641	79,8771	8346,7279	0,0000	0,0000	0,0000
101,0000	128,2092	71,0193	102,3462	34,2388	24,6137	29,3531	11,7459	19,6877	138,2820	115,4918	113,0318	117,0803	45,4187	127,6965	53,5967	120,8506	134,4115	38,4383	0,0000	0,0000	0,0000	0,0000	0,0000	0,0000	0,0000	0,0000	0,0000	0,0000	1993,9868	8918,7788	17,8803	504,0955	1963,3588	6,1689	2,5800	2,6300	1,9700	4,8600	4,8600	300,0000	150,0000	1300,0000	175,0000	175,0000	2,8000	0,5000	0,2300	0,3000	0,1800	0,6000	0,6000	20,7884	7,1220	57,1898	0,5565	0,6443	152,1641	79,8771	8310,0566	0,0000	0,0000	0,0000
101,0000	127,6959	71,2999	101,7857	31,5856	20,5182	26,1779	10,5427	16,8374	137,2004	126,6181	116,2670	127,6334	45,8580	127,4922	50,5067	128,3263	133,9152	36,3320	0,0000	0,0000	0,0000	0,0000	0,0000	0,0000	0,0000	0,0000	0,0000	0,0000	2057,6264	9101,3149	18,2216	475,1748	1972,4505	6,1414	2,5800	2,6300	1,9700	4,8600	4,8600	300,0000	150,0000	1300,0000	175,0000	175,0000	2,8000	0,5000	0,2300	0,3000	0,1800	0,6000	0,6000	3,0000	4,3741	56,3961	0,6064	0,6403	152,1641	79,8771	8245,0564	0,0000	0,0000	0,0000
101,0000	123,6838	70,3989	98,7966	29,6239	19,2242	24,1489	9,2572	14,3047	130,0437	141,1991	130,1215	127,9477	45,2650	122,6410	51,2293	137,5346	129,6686	34,5460	0,0000	0,0000	0,0000	0,0000	0,0000	0,0000	0,0000	0,0000	0,0000	0,0000	2031,6860	8485,2968	17,3314	509,4890	2189,6058	6,4901	2,5800	2,6300	1,9700	4,8600	4,8600	300,0000	150,0000	1300,0000	175,0000	175,0000	2,8000	0,5000	0,2300	0,3000	0,1800	0,6000	0,6000	3,0000	0,6786	53,2849	0,6275	0,6309	152,1641	79,8771	7814,9736	0,0000	0,0000	0,0000
101,0000	122,2441	68,8604	97,7114	29,8782	18,8747	24,2439	8,9511	13,7697	129,0756	145,3022	141,7961	138,7623	45,0182	122,1348	53,4237	140,3408	128,1088	34,9618	0,0000	0,0000	0,0000	0,0000	0,0000	0,0000	0,0000	0,0000	0,0000	0,0000	2019,4184	8304,4235	17,0636	547,2738	2440,3969	6,8903	2,5800	2,6300	1,9700	4,8600	4,8600	300,0000	150,0000	1300,0000	175,0000	175,0000	2,8000	0,5000	0,2300	0,3000	0,1800	0,6000	0,6000	3,0000	-0,5855	53,3837	0,6193	0,6314	152,1641	79,8771	7788,7775	0,0000	0,0000	0,0000
101,0000	122,2096	68,4646	97,6386	30,4062	19,1835	24,6710	8,9610	13,9971	129,6728	143,9757	144,6549	142,3501	44,9794	122,9258	54,4720	140,5416	128,0762	35,5806	0,0000	0,0000	0,0000	0,0000	0,0000	0,0000	0,0000	0,0000	0,0000	0,0000	2016,1595	8316,4420	17,0757	565,8472	2542,7928	7,0580	2,5800	2,6300	1,9700	4,8600	4,8600	300,0000	150,0000	1300,0000	175,0000	175,0000	2,8000	0,5000	0,2300	0,3000	0,1800	0,6000	0,6000	3,0000	-0,6528	53,7450	0,6124	0,6341	152,1641	79,8771	7872,5781	0,0000	0,0000	0,0000
101,0000	122,6620	68,4257	97,9521	30,6382	19,5099	24,9220	8,9768	14,2787	130,7626	142,4627	143,8058	142,0978	45,1220	123,7237	54,8789	140,4433	128,5614	35,7998	0,0000	0,0000	0,0000	0,0000	0,0000	0,0000	0,0000	0,0000	0,0000	0,0000	2028,8580	8399,5632	17,2086	573,7894	2544,7889	7,0718	2,5800	2,6300	1,9700	4,8600	4,8600	300,0000	150,0000	1300,0000	175,0000	175,0000	2,8000	0,5000	0,2300	0,3000	0,1800	0,6000	0,6000	3,0000	-0,6544	54,2363	0,6092	0,6353	152,1641	79,8771	7938,7736	0,0000	0,0000	0,0000
101,0000	123,2505	68,6098	98,4504	30,7832	19,7643	25,2220	9,1030	14,6475	131,7688	140,6363	142,5994	141,6686	45,3213	124,3757	55,1161	139,9628	129,1890	35,9137	0,0000	0,0000	0,0000	0,0000	0,0000	0,0000	0,0000	0,0000	0,0000	0,0000	2046,4935	8482,0506	17,3474	578,7054	2515,7550	7,0384	2,5800	2,6300	1,9700	4,8600	4,8600	300,0000	150,0000	1300,0000	175,0000	175,0000	2,8000	0,5000	0,2300	0,3000	0,1800	0,6000	0,6000	4,1804	-0,4396	54,6407	0,6062	0,6356	152,1641	79,8771	7984,4906	0,0000	0,0000	0,0000
101,0000	125,0463	69,5946	99,9794	32,9889	21,3434	27,6596	10,6801	17,0701	133,2659	125,8174	141,1299	140,2086	45,0824	125,6256	55,1727	139,1450	131,0289	37,8459	0,0000	0,0000	0,0000	0,0000	0,0000	0,0000	0,0000	0,0000	0,0000	0,0000	1995,5866	8479,3880	17,2732	537,2772	2513,0208	6,9771	2,5800	2,6300	1,9700	4,8600	4,8600	300,0000	150,0000	1300,0000	175,0000	175,0000	2,8000	0,5000	0,2300	0,3000	0,1800	0,6000	0,6000	14,5364	3,7425	55,4517	0,6035	0,6411	152,1641	79,8771	8134,8616	0,0000	0,0000	0,0000
101,0000	126,4040	70,3086	101,0113	33,6162	23,5443	28,7681	11,4249	18,7509	135,4363	117,5637	125,2124	122,0183	45,0410	127,3265	53,7963	128,2977	132,4905	38,0981	0,0000	0,0000	0,0000	0,0000	0,0000	0,0000	0,0000	0,0000	0,0000	0,0000	1973,9310	8613,8032	17,4295	505,7412	2189,4912	6,4848	2,5800	2,6300	1,9700	4,8600	4,8600	300,0000	150,0000	1300,0000	175,0000	175,0000	2,8000	0,5000	0,2300	0,3000	0,1800	0,6000	0,6000	22,1202	6,1565	56,0954	0,5807	0,6463	152,1641	79,8771	8310,8416	0,0000	0,0000	0,0000
101,0000	127,9555	70,9147	102,1579	34,3209	25,0529	29,4490	11,7753	19,7326	137,8300	115,1879	114,0912	114,2546	45,3177	127,8276	53,7840	121,6682	134,1452	38,4985	0,0000	0,0000	0,0000	0,0000	0,0000	0,0000	0,0000	0,0000	0,0000	0,0000	1985,1736	8855,4160	17,7802	507,5960	1984,8785	6,2036	2,5800	2,6300	1,9700	4,8600	4,8600	300,0000	150,0000	1300,0000	175,0000	175,0000	2,8000	0,5000	0,2300	0,3000	0,1800	0,6000	0,6000	24,7239	7,1611	57,0409	0,5579	0,6455	152,1641	79,8771	8333,4944	0,0000	0,0000	0,0000
101,0000	128,0589	71,4260	102,0697	32,3614	20,9820	26,8563	10,8103	17,5005	137,8506	123,8967	114,8699	128,5263	45,8064	127,8276	51,1584	126,6872	134,3028	37,1306	0,0000	0,0000	0,0000	0,0000	0,0000	0,0000	0,0000	0,0000	0,0000	0,0000	2035,8584	9136,3869	18,2401	477,9194	1984,1906	6,1615	2,5800	2,6300	1,9700	4,8600	4,8600	300,0000	150,0000	1300,0000	175,0000	175,0000	2,8000	0,5000	0,2300	0,3000	0,1800	0,6000	0,6000	3,2824	5,0695	56,6329	0,5962	0,6417	152,1641	79,8771	8284,1328	0,0000	0,0000	0,0000
101,0000	124,1207	70,5833	99,1027	29,8180	19,2762	24,3347	9,4117	14,5963	130,6919	139,3202	127,8730	126,5229	45,2950	123,0567	50,9241	136,3067	130,1338	34,7020	0,0000	0,0000	0,0000	0,0000	0,0000	0,0000	0,0000	0,0000	0,0000	0,0000	2034,1258	8545,5643	17,4184	503,2969	2151,8367	6,4292	2,5800	2,6300	1,9700	4,8600	4,8600	300,0000	150,0000	1300,0000	175,0000	175,0000	2,8000	0,5000	0,2300	0,3000	0,1800	0,6000	0,6000	3,0000	1,1830	53,5374	0,6264	0,6319	152,1641	79,8771	7853,9307	0,0000	0,0000	0,0000
101,0000	122,3396	68,9620	97,7888	29,7534	18,9073	24,1641	8,9553	13,7765	129,1500	145,2882	140,2622	137,2232	45,0490	122,0657	53,1256	140,1727	128,2121	34,8039	0,0000	0,0000	0,0000	0,0000	0,0000	0,0000	0,0000	0,0000	0,0000	0,0000	2022,4142	8319,3456	17,0884	542,4700	2400,5547	6,8284	2,5800	2,6300	1,9700	4,8600	4,8600	300,0000	150,0000	1300,0000	175,0000	175,0000	2,8000	0,5000	0,2300	0,3000	0,1800	0,6000	0,6000	3,0000	-0,5291	53,3775	0,6210	0,6309	152,1641	79,8771	7778,6867	0,0000	0,0000	0,0000
101,0000	122,1917	68,5035	97,6313	30,3508	19,1276	24,6209	8,9575	13,9593	129,5603	144,2336	144,5530	142,1225	44,9773	122,8132	54,3696	140,3786	128,0562	35,5193	0,0000	0,0000	0,0000	0,0000	0,0000	0,0000	0,0000	0,0000	0,0000	0,0000	2015,9253	8311,0557	17,0679	563,9436	2535,9726	7,0459	2,5800	2,6300	1,9700	4,8600	4,8600	300,0000	150,0000	1300,0000	175,0000	175,0000	2,8000	0,5000	0,2300	0,3000	0,1800	0,6000	0,6000	3,0000	-0,6514	53,6882	0,6127	0,6338	152,1641	79,8771	7861,4256	0,0000	0,0000	0,0000
101,0000	122,5922	68,4218	97,9026	30,6101	19,4732	24,8908	8,9736	14,2406	130,6114	142,6855	143,9450	142,1732	45,0994	123,6189	54,8309	140,4781	128,4867	35,7742	0,0000	0,0000	0,0000	0,0000	0,0000	0,0000	0,0000	0,0000	0,0000	0,0000	2026,8546	8387,2919	17,1888	572,8286	2545,1296	7,0710	2,5800	2,6300	1,9700	4,8600	4,8600	300,0000	150,0000	1300,0000	175,0000	175,0000	2,8000	0,5000	0,2300	0,3000	0,1800	0,6000	0,6000	3,0000	-0,6544	54,1705	0,6097	0,6352	152,1641	79,8771	7930,4687	0,0000	0,0000	0,0000
101,0000	123,1704	68,5809	98,3273	30,7636	19,7311	25,0789	8,9888	14,4957	131,6383	141,4159	142,7515	141,3439	45,2942	124,3182	55,0843	140,0215	129,1037	35,8981	0,0000	0,0000	0,0000	0,0000	0,0000	0,0000	0,0000	0,0000	0,0000	0,0000	2044,0893	8480,6917	17,3422	578,0449	2532,4854	7,0607	2,5800	2,6300	1,9700	4,8600	4,8600	300,0000	150,0000	1300,0000	175,0000	175,0000	2,8000	0,5000	0,2300	0,3000	0,1800	0,6000	0,6000	3,0541	-0,6531	54,5895	0,6066	0,6357	152,1641	79,8771	7981,4312	0,0000	0,0000	0,0000
101,0000	124,7966	69,1285	99,7717	32,5825	20,3897	27,2375	10,4621	16,6406	133,0416	128,4790	141,7850	141,4827	45,1584	125,3461	55,1814	139,5435	130,7445	37,3717	0,0000	0,0000	0,0000	0,0000	0,0000	0,0000	0,0000	0,0000	0,0000	0,0000	2015,7743	8460,8919	17,2755	542,6353	2488,4025	6,9504	2,5800	2,6300	1,9700	4,8600	4,8600	300,0000	150,0000	1300,0000	175,0000	175,0000	2,8000	0,5000	0,2300	0,3000	0,1800	0,6000	0,6000	13,2437	2,9970	55,6681	0,6046	0,6397	152,1641	79,8771	8098,9554	0,0000	0,0000	0,0000
101,0000	126,1668	70,2587	100,8308	33,5189	23,2629	28,5856	11,3247	18,4964	134,9983	118,3779	127,6281	125,0004	45,0221	126,9598	53,9212	129,8600	132,2389	38,0745	0,0000	0,0000	0,0000	0,0000	0,0000	0,0000	0,0000	0,0000	0,0000	0,0000	1972,9925	8587,6634	17,3920	508,0695	2239,6935	6,5576	2,5800	2,6300	1,9700	4,8600	4,8600	300,0000	150,0000	1300,0000	175,0000	175,0000	2,8000	0,5000	0,2300	0,3000	0,1800	0,6000	0,6000	20,6582	5,8579	55,9081	0,5848	0,6454	152,1641	79,8771	8275,7037	0,0000	0,0000	0,0000
101,0000	127,6850	70,7858	101,9399	34,3075	24,7541	29,4341	11,7610	19,6678	137,3689	115,1381	115,5538	114,1505	45,2253	127,9914	53,8504	122,6049	133,8419	38,4092	0,0000	0,0000	0,0000	0,0000	0,0000	0,0000	0,0000	0,0000	0,0000	0,0000	1975,1258	8795,2782	17,6828	507,2907	2009,0343	6,2367	2,5800	2,6300	1,9700	4,8600	4,8600	300,0000	150,0000	1300,0000	175,0000	175,0000	2,8000	0,5000	0,2300	0,3000	0,1800	0,6000	0,6000	25,0754	7,1017	56,8992	0,5608	0,6467	152,1641	79,8771	8359,3758	0,0000	0,0000	0,0000
101,0000	128,3670	71,3659	102,2724	33,2503	21,4799	27,5125	11,0803	18,1224	138,2785	121,3509	113,4044	126,9888	45,7157	127,9914	52,0097	125,1712	134,6377	37,8925	0,0000	0,0000	0,0000	0,0000	0,0000	0,0000	0,0000	0,0000	0,0000	0,0000	2027,3038	9144,0866	18,2389	491,7956	1984,9133	6,1817	2,5800	2,6300	1,9700	4,8600	4,8600	300,0000	150,0000	1300,0000	175,0000	175,0000	2,8000	0,5000	0,2300	0,3000	0,1800	0,6000	0,6000	6,8119	5,7090	57,0011	0,5845	0,6428	152,1641	79,8771	8309,8472	0,0000	0,0000	0,0000
101,0000	124,6180	70,7425	99,4614	30,0594	19,3822	24,5758	9,6036	14,9334	131,4967	137,0607	125,7613	125,5524	45,3351	123,5756	50,6557	134,9206	130,6603	34,9029	0,0000	0,0000	0,0000	0,0000	0,0000	0,0000	0,0000	0,0000	0,0000	0,0000	2036,2884	8614,9059	17,5175	496,4011	2115,3411	6,3690	2,5800	2,6300	1,9700	4,8600	4,8600	300,0000	150,0000	1300,0000	175,0000	175,0000	2,8000	0,5000	0,2300	0,3000	0,1800	0,6000	0,6000	3,0000	1,7611	53,8755	0,6246	0,6331	152,1641	79,8771	7902,2963	0,0000	0,0000	0,0000
101,0000	122,4404	69,0993	97,8694	29,6321	18,9922	24,0883	8,9711	13,7956	129,2052	145,0500	138,5380	135,5055	45,0726	121,9748	52,7819	139,9684	128,3232	34,6529	0,0000	0,0000	0,0000	0,0000	0,0000	0,0000	0,0000	0,0000	0,0000	0,0000	2025,0911	8334,3879	17,1130	537,1933	2357,6437	6,7616	2,5800	2,6300	1,9700	4,8600	4,8600	300,0000	150,0000	1300,0000	175,0000	175,0000	2,8000	0,5000	0,2300	0,3000	0,1800	0,6000	0,6000	3,0000	-0,4325	53,3411	0,6229	0,6305	152,1641	79,8771	7767,1257	0,0000	0,0000	0,0000
101,0000	122,1557	68,5349	97,6104	30,2845	19,0622	24,5607	8,9557	13,9135	129,4214	144,4707	144,4285	141,8512	44,9691	122,6724	54,2459	140,3533	128,0171	35,4461	0,0000	0,0000	0,0000	0,0000	0,0000	0,0000	0,0000	0,0000	0,0000	0,0000	2015,1452	8303,1871	17,0559	561,6582	2527,6550	7,0312	2,5800	2,6300	1,9700	4,8600	4,8600	300,0000	150,0000	1300,0000	175,0000	175,0000	2,8000	0,5000	0,2300	0,3000	0,1800	0,6000	0,6000	3,0000	-0,6487	53,6208	0,6135	0,6334	152,1641	79,8771	7848,0377	0,0000	0,0000	0,0000
101,0000	122,5004	68,4095	97,8365	30,5787	19,4226	24,8541	8,9714	14,1943	130,4257	142,9087	144,1400	142,2858	45,0691	123,4893	54,7774	140,5407	128,3885	35,7471	0,0000	0,0000	0,0000	0,0000	0,0000	0,0000	0,0000	0,0000	0,0000	0,0000	2024,1694	8371,6657	17,1634	571,7557	2546,6212	7,0715	2,5800	2,6300	1,9700	4,8600	4,8600	300,0000	150,0000	1300,0000	175,0000	175,0000	2,8000	0,5000	0,2300	0,3000	0,1800	0,6000	0,6000	3,0000	-0,6543	54,0909	0,6102	0,6350	152,1641	79,8771	7920,4410	0,0000	0,0000	0,0000
101,0000	123,0695	68,5421	98,2518	30,7420	19,6915	25,0506	8,9862	14,4553	131,4785	141,5954	142,9565	141,4959	45,2596	124,2096	55,0497	140,1088	128,9961	35,8820	0,0000	0,0000	0,0000	0,0000	0,0000	0,0000	0,0000	0,0000	0,0000	0,0000	2041,0302	8465,1237	17,3164	577,3165	2535,1320	7,0633	2,5800	2,6300	1,9700	4,8600	4,8600	300,0000	150,0000	1300,0000	175,0000	175,0000	2,8000	0,5000	0,2300	0,3000	0,1800	0,6000	0,6000	3,0000	-0,6544	54,5274	0,6071	0,6356	152,1641	79,8771	7973,9536	0,0000	0,0000	0,0000
101,0000	124,3562	68,7840	99,4672	31,9902	19,9093	26,7257	10,1515	16,1351	132,7329	131,5239	141,9357	141,8857	45,2336	125,0699	55,1707	139,6225	130,2341	36,5674	0,0000	0,0000	0,0000	0,0000	0,0000	0,0000	0,0000	0,0000	0,0000	0,0000	2032,1457	8420,3621	17,2420	543,9986	2430,2798	6,8717	2,5800	2,6300	1,9700	4,8600	4,8600	300,0000	150,0000	1300,0000	175,0000	175,0000	2,8000	0,5000	0,2300	0,3000	0,1800	0,6000	0,6000	11,0708	2,1087	55,5723	0,6049	0,6383	152,1641	79,8771	8063,4729	0,0000	0,0000	0,0000
101,0000	125,9196	70,1902	100,6430	33,4437	22,9646	28,4209	11,2199	18,2402	134,5644	119,3042	130,3448	128,1036	45,0041	126,6364	54,1211	131,6763	131,9760	38,0765	0,0000	0,0000	0,0000	0,0000	0,0000	0,0000	0,0000	0,0000	0,0000	0,0000	1972,1351	8559,7882	17,3521	511,7828	2298,0887	6,6437	2,5800	2,6300	1,9700	4,8600	4,8600	300,0000	150,0000	1300,0000	175,0000	175,0000	2,8000	0,5000	0,2300	0,3000	0,1800	0,6000	0,6000	19,3077	5,5317	55,7295	0,5890	0,6446	152,1641	79,8771	8244,8643	0,0000	0,0000	0,0000
101,0000	127,3747	70,6611	101,7289	34,1173	24,4822	29,3789	11,7311	19,5556	136,9360	115,2299	117,4193	114,6541	45,1595	128,1289	53,7505	123,6150	133,5148	38,3045	0,0000	0,0000	0,0000	0,0000	0,0000	0,0000	0,0000	0,0000	0,0000	0,0000	1982,9447	8738,4041	17,6148	507,2162	2039,4672	6,2788	2,5800	2,6300	1,9700	4,8600	4,8600	300,0000	150,0000	1300,0000	175,0000	175,0000	2,8000	0,5000	0,2300	0,3000	0,1800	0,6000	0,6000	25,1233	7,0007	56,7136	0,5652	0,6475	152,1641	79,8771	8379,9107	0,0000	0,0000	0,0000
101,0000	128,6204	71,2584	102,4384	33,9186	22,0423	28,0964	11,3176	18,6666	138,6524	119,1864	112,0162	125,1063	45,6307	128,1289	52,8317	123,6141	134,8408	38,0992	0,0000	0,0000	0,0000	0,0000	0,0000	0,0000	0,0000	0,0000	0,0000	0,0000	2027,6484	9126,4790	18,2150	507,6934	1958,4730	6,1671	2,5800	2,6300	1,9700	4,8600	4,8600	300,0000	150,0000	1300,0000	175,0000	175,0000	2,8000	0,5000	0,2300	0,3000	0,1800	0,6000	0,6000	10,3413	6,2347	57,3619	0,5726	0,6439	152,1641	79,8771	8332,3164	0,0000	0,0000	0,0000
101,0000	125,2619	70,9171	99,9415	30,3302	19,5583	24,8660	9,8245	15,3222	132,5777	134,5263	123,5236	124,9533	45,4241	124,3079	50,4178	133,3819	131,3407	35,1303	0,0000	0,0000	0,0000	0,0000	0,0000	0,0000	0,0000	0,0000	0,0000	0,0000	2026,2733	8708,6081	17,6336	484,2720	2074,6810	6,2958	2,5800	2,6300	1,9700	4,8600	4,8600	300,0000	150,0000	1300,0000	175,0000	175,0000	2,8000	0,5000	0,2300	0,3000	0,1800	0,6000	0,6000	3,0000	2,3915	54,3448	0,6220	0,6346	152,1641	79,8771	7967,2576	0,0000	0,0000	0,0000
101,0000	122,6055	69,3265	97,9983	29,5354	19,1372	24,0310	9,0043	13,8434	129,2753	144,5408	136,6195	133,6150	45,1041	122,0229	52,3990	139,6689	128,5046	34,5323	0,0000	0,0000	0,0000	0,0000	0,0000	0,0000	0,0000	0,0000	0,0000	0,0000	2028,9017	8355,8325	17,1480	531,6391	2313,8476	6,6931	2,5800	2,6300	1,9700	4,8600	4,8600	300,0000	150,0000	1300,0000	175,0000	175,0000	2,8000	0,5000	0,2300	0,3000	0,1800	0,6000	0,6000	3,0000	-0,2769	53,2790	0,6248	0,6304	152,1641	79,8771	7768,8010	0,0000	0,0000	0,0000
101,0000	122,1271	68,5803	97,5962	30,2050	18,9937	24,4911	8,9550	13,8649	129,2762	144,6989	144,1931	141,4613	44,9639	122,5173	54,0946	140,4200	127,9858	35,3568	0,0000	0,0000	0,0000	0,0000	0,0000	0,0000	0,0000	0,0000	0,0000	0,0000	2014,6300	8295,9487	17,0452	558,9052	2515,9060	7,0111	2,5800	2,6300	1,9700	4,8600	4,8600	300,0000	150,0000	1300,0000	175,0000	175,0000	2,8000	0,5000	0,2300	0,3000	0,1800	0,6000	0,6000	3,0000	-0,6435	53,5468	0,6148	0,6330	152,1641	79,8771	7832,9002	0,0000	0,0000	0,0000
101,0000	122,4021	68,4009	97,7663	30,5435	19,3655	24,8131	8,9700	14,1431	130,2193	143,1436	144,3581	142,4045	45,0368	123,3443	54,7169	140,6099	128,2835	35,7165	0,0000	0,0000	0,0000	0,0000	0,0000	0,0000	0,0000	0,0000	0,0000	0,0000	2021,3088	8354,6572	17,1359	570,5546	2548,1837	7,0720	2,5800	2,6300	1,9700	4,8600	4,8600	300,0000	150,0000	1300,0000	175,0000	175,0000	2,8000	0,5000	0,2300	0,3000	0,1800	0,6000	0,6000	3,0000	-0,6542	54,0013	0,6109	0,6349	152,1641	79,8771	7909,0494	0,0000	0,0000	0,0000
101,0000	122,9578	68,5009	98,1686	30,7189	19,6474	25,0204	8,9847	14,4113	131,2990	141,7851	143,1947	141,6757	45,2214	124,0884	55,0125	140,2134	128,8771	35,8653	0,0000	0,0000	0,0000	0,0000	0,0000	0,0000	0,0000	0,0000	0,0000	0,0000	2037,6474	8447,7688	17,2876	576,5354	2538,2939	7,0666	2,5800	2,6300	1,9700	4,8600	4,8600	300,0000	150,0000	1300,0000	175,0000	175,0000	2,8000	0,5000	0,2300	0,3000	0,1800	0,6000	0,6000	3,0000	-0,6544	54,4569	0,6077	0,6356	152,1641	79,8771	7965,5706	0,0000	0,0000	0,0000
101,0000	123,5444	68,7356	99,1543	30,9659	19,8742	26,2526	9,8485	15,6715	132,3890	134,3843	142,0867	142,0694	45,3170	124,8018	55,1753	139,7169	129,5020	35,9586	0,0000	0,0000	0,0000	0,0000	0,0000	0,0000	0,0000	0,0000	0,0000	0,0000	2007,3473	8407,0495	17,1892	534,2782	2410,7797	6,8312	2,5800	2,6300	1,9700	4,8600	4,8600	300,0000	150,0000	1300,0000	175,0000	175,0000	2,8000	0,5000	0,2300	0,3000	0,1800	0,6000	0,6000	9,0314	1,2986	54,8087	0,6051	0,6369	152,1641	79,8771	8027,9699	0,0000	0,0000	0,0000
101,0000	125,6575	70,0833	100,4436	33,3828	22,6405	28,2668	11,1050	17,9759	134,1418	120,4804	133,3441	131,3609	44,9874	126,3500	54,3903	133,7301	131,6962	38,0953	0,0000	0,0000	0,0000	0,0000	0,0000	0,0000	0,0000	0,0000	0,0000	0,0000	1971,3697	8530,5895	17,3106	516,7573	2363,9757	6,7420	2,5800	2,6300	1,9700	4,8600	4,8600	300,0000	150,0000	1300,0000	175,0000	175,0000	2,8000	0,5000	0,2300	0,3000	0,1800	0,6000	0,6000	18,0443	5,1700	55,5741	0,5933	0,6439	152,1641	79,8771	8217,6176	0,0000	0,0000	0,0000
101,0000	127,0884	70,5353	101,5254	33,9593	24,2378	29,2748	11,6819	19,4006	136,5342	115,5343	119,3338	115,5194	45,1121	128,1702	53,6761	124,6797	133,2130	38,2262	0,0000	0,0000	0,0000	0,0000	0,0000	0,0000	0,0000	0,0000	0,0000	0,0000	1978,1040	8689,7893	17,5407	503,8624	2071,8111	6,3190	2,5800	2,6300	1,9700	4,8600	4,8600	300,0000	150,0000	1300,0000	175,0000	175,0000	2,8000	0,5000	0,2300	0,3000	0,1800	0,6000	0,6000	24,8966	6,8556	56,5531	0,5695	0,6480	152,1641	79,8771	8388,8662	0,0000	0,0000	0,0000
101,0000	128,5859	71,1611	102,5172	34,0091	22,7477	28,6335	11,5113	19,1212	138,8105	117,4741	111,8425	123,3711	45,5779	128,1702	53,1423	121,7762	134,8062	38,1943	0,0000	0,0000	0,0000	0,0000	0,0000	0,0000	0,0000	0,0000	0,0000	0,0000	2011,8429	9075,6107	18,1225	501,4885	1946,0175	6,1412	2,5800	2,6300	1,9700	4,8600	4,8600	300,0000	150,0000	1300,0000	175,0000	175,0000	2,8000	0,5000	0,2300	0,3000	0,1800	0,6000	0,6000	13,8708	6,6476	57,4248	0,5636	0,6444	152,1641	79,8771	8341,8163	0,0000	0,0000	0,0000
101,0000	126,0724	71,0757	100,5530	30,6284	19,8091	25,2080	10,0612	15,7710	134,0481	131,8731	120,7408	124,7392	45,5729	125,3315	50,2210	131,6901	132,1974	35,3815	0,0000	0,0000	0,0000	0,0000	0,0000	0,0000	0,0000	0,0000	0,0000	0,0000	2036,6607	8836,3700	17,8252	477,4142	2023,4342	6,2152	2,5800	2,6300	1,9700	4,8600	4,8600	300,0000	150,0000	1300,0000	175,0000	175,0000	2,8000	0,5000	0,2300	0,3000	0,1800	0,6000	0,6000	3,0000	3,0520	54,9967	0,6186	0,6364	152,1641	79,8771	8055,6214	0,0000	0,0000	0,0000
101,0000	122,8812	69,6601	98,2078	29,4852	19,2692	24,0084	9,0599	13,9377	129,4140	143,7443	134,4936	131,5806	45,1533	122,1547	51,9833	139,1858	128,8046	34,4598	0,0000	0,0000	0,0000	0,0000	0,0000	0,0000	0,0000	0,0000	0,0000	0,0000	2034,6659	8389,2427	17,2023	525,7985	2269,0985	6,6230	2,5800	2,6300	1,9700	4,8600	4,8600	300,0000	150,0000	1300,0000	175,0000	175,0000	2,8000	0,5000	0,2300	0,3000	0,1800	0,6000	0,6000	3,0000	-0,0432	53,2211	0,6265	0,6304	152,1641	79,8771	7777,1366	0,0000	0,0000	0,0000
101,0000	122,1293	68,6552	97,6070	30,1077	18,9298	24,4111	8,9537	13,8193	129,1517	144,9395	143,7182	140,8428	44,9701	122,3634	53,9045	140,4543	127,9872	35,2433	0,0000	0,0000	0,0000	0,0000	0,0000	0,0000	0,0000	0,0000	0,0000	0,0000	2015,1271	8292,6911	17,0414	555,5079	2497,9068	6,9815	2,5800	2,6300	1,9700	4,8600	4,8600	300,0000	150,0000	1300,0000	175,0000	175,0000	2,8000	0,5000	0,2300	0,3000	0,1800	0,6000	0,6000	3,0000	-0,6339	53,4742	0,6162	0,6325	152,1641	79,8771	7816,7217	0,0000	0,0000	0,0000
101,0000	122,3129	68,4061	97,7041	30,5018	19,3033	24,7669	8,9677	14,0897	130,0084	143,4118	144,5432	142,4766	45,0084	123,1922	54,6441	140,6473	128,1878	35,6781	0,0000	0,0000	0,0000	0,0000	0,0000	0,0000	0,0000	0,0000	0,0000	0,0000	2018,7782	8338,4021	17,1098	569,1302	2548,5225	7,0705	2,5800	2,6300	1,9700	4,8600	4,8600	300,0000	150,0000	1300,0000	175,0000	175,0000	2,8000	0,5000	0,2300	0,3000	0,1800	0,6000	0,6000	3,0000	-0,6540	53,9067	0,6115	0,6346	152,1641	79,8771	7896,5654	0,0000	0,0000	0,0000
101,0000	122,8447	68,4642	98,0849	30,6928	19,5999	24,9872	8,9826	14,3644	131,1081	142,0018	143,4333	141,8505	45,1829	123,9592	54,9699	140,3127	128,7565	35,8453	0,0000	0,0000	0,0000	0,0000	0,0000	0,0000	0,0000	0,0000	0,0000	0,0000	2034,2445	8429,8561	17,2581	575,6485	2541,2347	7,0695	2,5800	2,6300	1,9700	4,8600	4,8600	300,0000	150,0000	1300,0000	175,0000	175,0000	2,8000	0,5000	0,2300	0,3000	0,1800	0,6000	0,6000	3,0000	-0,6544	54,3805	0,6082	0,6355	152,1641	79,8771	7956,4129	0,0000	0,0000	0,0000
101,0000	123,4378	68,6870	98,8597	30,8236	19,8363	25,8321	9,5595	15,2599	132,0571	136,9656	142,2371	142,0988	45,3853	124,5727	55,1808	139,8119	129,3886	35,9444	0,0000	0,0000	0,0000	0,0000	0,0000	0,0000	0,0000	0,0000	0,0000	0,0000	2035,3900	8421,5456	17,2481	560,2327	2433,3569	6,8985	2,5800	2,6300	1,9700	4,8600	4,8600	300,0000	150,0000	1300,0000	175,0000	175,0000	2,8000	0,5000	0,2300	0,3000	0,1800	0,6000	0,6000	7,1818	0,5829	54,7509	0,6053	0,6357	152,1641	79,8771	7997,9251	0,0000	0,0000	0,0000
101,0000	125,4033	69,9445	100,2504	33,3203	22,2801	28,1120	10,9771	17,6995	133,7630	121,9595	136,4925	134,7147	44,9837	126,1001	54,7105	135,9235	131,4231	38,1094	0,0000	0,0000	0,0000	0,0000	0,0000	0,0000	0,0000	0,0000	0,0000	0,0000	1971,6257	8504,1592	17,2743	522,6798	2432,9841	6,8459	2,5800	2,6300	1,9700	4,8600	4,8600	300,0000	150,0000	1300,0000	175,0000	175,0000	2,8000	0,5000	0,2300	0,3000	0,1800	0,6000	0,6000	16,8416	4,7612	55,4588	0,5975	0,6433	152,1641	79,8771	8192,7601	0,0000	0,0000	0,0000
101,0000	126,8329	70,4230	101,3383	33,8289	24,0112	29,1275	11,6117	19,2085	136,1737	116,0599	121,2323	116,8637	45,0768	128,0356	53,6705	125,8037	132,9436	38,1707	0,0000	0,0000	0,0000	0,0000	0,0000	0,0000	0,0000	0,0000	0,0000	0,0000	1975,6844	8656,8747	17,4917	503,5424	2107,8107	6,3684	2,5800	2,6300	1,9700	4,8600	4,8600	300,0000	150,0000	1300,0000	175,0000	175,0000	2,8000	0,5000	0,2300	0,3000	0,1800	0,6000	0,6000	24,4196	6,6631	56,4099	0,5734	0,6479	152,1641	79,8771	8378,8411	0,0000	0,0000	0,0000
101,0000	128,4542	71,0803	102,4876	34,1244	23,6306	29,0745	11,6562	19,4758	138,6830	116,2340	112,2784	120,7988	45,5193	128,0356	53,3651	120,2559	134,6688	38,3187	0,0000	0,0000	0,0000	0,0000	0,0000	0,0000	0,0000	0,0000	0,0000	0,0000	2002,4572	8997,7454	18,0015	500,0362	1946,8298	6,1403	2,5800	2,6300	1,9700	4,8600	4,8600	300,0000	150,0000	1300,0000	175,0000	175,0000	2,8000	0,5000	0,2300	0,3000	0,1800	0,6000	0,6000	17,4003	6,9469	57,3739	0,5562	0,6445	152,1641	79,8771	8334,1526	0,0000	0,0000	0,0000
101,0000	126,9678	71,2050	101,2314	31,0353	20,1375	25,6442	10,3058	16,2812	135,7631	129,1773	118,1455	125,6568	45,7478	126,5268	50,2176	129,9527	133,1445	35,7667	0,0000	0,0000	0,0000	0,0000	0,0000	0,0000	0,0000	0,0000	0,0000	0,0000	2049,5925	8984,2866	18,0482	473,6855	1984,6034	6,1562	2,5800	2,6300	1,9700	4,8600	4,8600	300,0000	150,0000	1300,0000	175,0000	175,0000	2,8000	0,5000	0,2300	0,3000	0,1800	0,6000	0,6000	3,0000	3,7263	55,7628	0,6136	0,6384	152,1641	79,8771	8158,6820	0,0000	0,0000	0,0000
101,0000	123,2630	70,0590	98,4915	29,5137	19,2271	24,0447	9,1449	14,0925	129,6557	142,6110	132,2680	129,6105	45,2132	122,3583	51,5769	138,4680	129,2171	34,4649	0,0000	0,0000	0,0000	0,0000	0,0000	0,0000	0,0000	0,0000	0,0000	0,0000	2026,3283	8434,0679	17,2529	515,1220	2227,1686	6,5500	2,5800	2,6300	1,9700	4,8600	4,8600	300,0000	150,0000	1300,0000	175,0000	175,0000	2,8000	0,5000	0,2300	0,3000	0,1800	0,6000	0,6000	3,0000	0,2817	53,2040	0,6275	0,6305	152,1641	79,8771	7791,6619	0,0000	0,0000	0,0000
101,0000	122,1706	68,7553	97,6478	29,9951	18,8853	24,3254	8,9519	13,7848	129,0766	145,1600	142,9170	139,9351	44,9897	122,2297	53,6758	140,4322	128,0304	35,1074	0,0000	0,0000	0,0000	0,0000	0,0000	0,0000	0,0000	0,0000	0,0000	0,0000	2016,8318	8295,3795	17,0475	551,5236	2472,3140	6,9404	2,5800	2,6300	1,9700	4,8600	4,8600	300,0000	150,0000	1300,0000	175,0000	175,0000	2,8000	0,5000	0,2300	0,3000	0,1800	0,6000	0,6000	3,0000	-0,6161	53,4152	0,6178	0,6319	152,1641	79,8771	7801,2437	0,0000	0,0000	0,0000
101,0000	122,2459	68,4299	97,6597	30,4549	19,2402	24,7181	8,9646	14,0390	129,8174	143,7002	144,6529	142,4655	44,9884	123,0472	54,5605	140,6289	128,1157	35,6319	0,0000	0,0000	0,0000	0,0000	0,0000	0,0000	0,0000	0,0000	0,0000	0,0000	2016,9841	8325,0509	17,0888	567,5215	2546,8526	7,0660	2,5800	2,6300	1,9700	4,8600	4,8600	300,0000	150,0000	1300,0000	175,0000	175,0000	2,8000	0,5000	0,2300	0,3000	0,1800	0,6000	0,6000	3,0000	-0,6536	53,8160	0,6120	0,6344	152,1641	79,8771	7883,9413	0,0000	0,0000	0,0000
101,0000	122,7421	68,4380	98,0098	30,6650	19,5524	24,9533	8,9799	14,3186	130,9223	142,2360	143,6455	141,9977	45,1484	123,8331	54,9239	140,3930	128,6470	35,8228	0,0000	0,0000	0,0000	0,0000	0,0000	0,0000	0,0000	0,0000	0,0000	0,0000	2031,1952	8413,1465	17,2307	574,7030	2543,5094	7,0713	2,5800	2,6300	1,9700	4,8600	4,8600	300,0000	150,0000	1300,0000	175,0000	175,0000	2,8000	0,5000	0,2300	0,3000	0,1800	0,6000	0,6000	3,0000	-0,6544	54,3041	0,6088	0,6354	152,1641	79,8771	7947,1568	0,0000	0,0000	0,0000
101,0000	123,3361	68,6433	98,6326	30,8027	19,7983	25,4791	9,3011	14,9079	131,9037	139,1273	142,4361	141,9841	45,3504	124,4198	55,1476	139,8970	129,2802	35,9289	0,0000	0,0000	0,0000	0,0000	0,0000	0,0000	0,0000	0,0000	0,0000	0,0000	2049,0759	8472,1210	17,3373	579,3639	2485,1163	6,9968	2,5800	2,6300	1,9700	4,8600	4,8600	300,0000	150,0000	1300,0000	175,0000	175,0000	2,8000	0,5000	0,2300	0,3000	0,1800	0,6000	0,6000	5,5333	-0,0155	54,6928	0,6058	0,6355	152,1642	79,8771	7986,0117	0,0000	0,0000	0,0000
101,0000	125,2063	69,8113	100,1029	33,2042	21,8590	27,9195	10,8344	17,3972	133,4494	123,7696	139,2906	137,8403	45,0174	125,8618	54,9997	137,8776	131,2083	38,0491	0,0000	0,0000	0,0000	0,0000	0,0000	0,0000	0,0000	0,0000	0,0000	0,0000	1990,2798	8486,8616	17,2762	534,0597	2488,9048	6,9392	2,5800	2,6300	1,9700	4,8600	4,8600	300,0000	150,0000	1300,0000	175,0000	175,0000	2,8000	0,5000	0,2300	0,3000	0,1800	0,6000	0,6000	15,6674	4,2863	55,3950	0,6011	0,6423	152,1641	79,8771	8165,2787	0,0000	0,0000	0,0000
101,0000	126,6073	70,3494	101,1671	33,7153	23,7786	28,9452	11,5204	18,9810	135,8101	116,7909	123,1925	119,1953	45,0548	127,6775	53,7155	127,0151	132,7055	38,1295	0,0000	0,0000	0,0000	0,0000	0,0000	0,0000	0,0000	0,0000	0,0000	0,0000	1974,4468	8634,3783	17,4588	504,2677	2147,6013	6,4246	2,5800	2,6300	1,9700	4,8600	4,8600	300,0000	150,0000	1300,0000	175,0000	175,0000	2,8000	0,5000	0,2300	0,3000	0,1800	0,6000	0,6000	23,6347	6,4197	56,2579	0,5771	0,6471	152,1641	79,8771	8344,8948	0,0000	0,0000	0,0000
101,0000	128,1958	71,0158	102,3376	34,2443	24,6665	29,3629	11,7493	19,6944	138,2591	115,4642	113,0779	116,8590	45,4133	127,6775	53,6081	120,8895	134,3975	38,4436	0,0000	0,0000	0,0000	0,0000	0,0000	0,0000	0,0000	0,0000	0,0000	0,0000	1993,5271	8915,0314	17,8744	504,2986	1964,3830	6,1706	2,5800	2,6300	1,9700	4,8600	4,8600	300,0000	150,0000	1300,0000	175,0000	175,0000	2,8000	0,5000	0,2300	0,3000	0,1800	0,6000	0,6000	21,0079	7,1281	57,1800	0,5566	0,6443	152,1641	79,8771	8308,6781	0,0000	0,0000	0,0000
101,0000	127,7240	71,3051	101,8073	31,6202	20,5401	26,2094	10,5554	16,8689	137,2547	126,4830	116,1866	127,7456	45,8595	127,5261	50,5319	128,2425	133,9451	36,3684	0,0000	0,0000	0,0000	0,0000	0,0000	0,0000	0,0000	0,0000	0,0000	0,0000	2057,7038	9105,3079	18,2273	475,4286	1972,8079	6,1422	2,5800	2,6300	1,9700	4,8600	4,8600	300,0000	150,0000	1300,0000	175,0000	175,0000	2,8000	0,5000	0,2300	0,3000	0,1800	0,6000	0,6000	3,0000	4,4084	56,4189	0,6060	0,6404	152,1641	79,8771	8248,3242	0,0000	0,0000	0,0000
101,0000	123,7059	70,4125	98,8123	29,6320	19,2254	24,1565	9,2640	14,3177	130,0702	141,1149	130,0084	127,8683	45,2671	122,6588	51,2128	137,4787	129,6922	34,5523	0,0000	0,0000	0,0000	0,0000	0,0000	0,0000	0,0000	0,0000	0,0000	0,0000	2031,8853	8488,1554	17,3357	509,1903	2187,6921	6,4870	2,5800	2,6300	1,9700	4,8600	4,8600	300,0000	150,0000	1300,0000	175,0000	175,0000	2,8000	0,5000	0,2300	0,3000	0,1800	0,6000	0,6000	3,0000	0,7018	53,2934	0,6275	0,6310	152,1641	79,8771	7816,5659	0,0000	0,0000	0,0000
101,0000	122,2486	68,8656	97,7152	29,8719	18,8754	24,2398	8,9512	13,7695	129,0780	145,3061	141,7272	138,6922	45,0198	122,1309	53,4096	140,3338	128,1137	34,9540	0,0000	0,0000	0,0000	0,0000	0,0000	0,0000	0,0000	0,0000	0,0000	0,0000	2019,5696	8305,0773	17,0647	547,0420	2438,5272	6,8874	2,5800	2,6300	1,9700	4,8600	4,8600	300,0000	150,0000	1300,0000	175,0000	175,0000	2,8000	0,5000	0,2300	0,3000	0,1800	0,6000	0,6000	3,0000	-0,5834	53,3830	0,6194	0,6314	152,1641	79,8771	7788,2210	0,0000	0,0000	0,0000
101,0000	122,2085	68,4666	97,6381	30,4035	19,1806	24,6686	8,9608	13,9951	129,6666	143,9895	144,6518	142,3409	44,9793	122,9200	54,4671	140,5349	128,0750	35,5777	0,0000	0,0000	0,0000	0,0000	0,0000	0,0000	0,0000	0,0000	0,0000	0,0000	2016,1409	8316,1230	17,0753	565,7567	2542,5061	7,0575	2,5800	2,6300	1,9700	4,8600	4,8600	300,0000	150,0000	1300,0000	175,0000	175,0000	2,8000	0,5000	0,2300	0,3000	0,1800	0,6000	0,6000	3,0000	-0,6528	53,7419	0,6124	0,6341	152,1641	79,8771	7872,0155	0,0000	0,0000	0,0000
101,0000	122,6584	68,4254	97,9496	30,6369	19,5078	24,9204	8,9766	14,2768	130,7549	142,4743	143,8129	142,1018	45,1208	123,7184	54,8765	140,4452	128,5575	35,7986	0,0000	0,0000	0,0000	0,0000	0,0000	0,0000	0,0000	0,0000	0,0000	0,0000	2028,7537	8398,9322	17,2076	573,7424	2544,8310	7,0718	2,5800	2,6300	1,9700	4,8600	4,8600	300,0000	150,0000	1300,0000	175,0000	175,0000	2,8000	0,5000	0,2300	0,3000	0,1800	0,6000	0,6000	3,0000	-0,6544	54,2330	0,6093	0,6353	152,1641	79,8771	7938,3540	0,0000	0,0000	0,0000
101,0000	123,2464	68,6083	98,4422	30,7822	19,7627	25,2111	9,0943	14,6363	131,7622	140,6975	142,6071	141,6478	45,3199	124,3747	55,1145	139,9657	129,1847	35,9129	0,0000	0,0000	0,0000	0,0000	0,0000	0,0000	0,0000	0,0000	0,0000	0,0000	2046,3706	8482,1080	17,3474	578,6721	2516,9519	7,0400	2,5800	2,6300	1,9700	4,8600	4,8600	300,0000	150,0000	1300,0000	175,0000	175,0000	2,8000	0,5000	0,2300	0,3000	0,1800	0,6000	0,6000	4,1158	-0,4570	54,6381	0,6062	0,6356	152,1641	79,8771	7984,5394	0,0000	0,0000	0,0000
101,0000	125,0374	69,5790	99,9722	32,9736	21,3111	27,6428	10,6712	17,0513	133,2577	125,9359	141,1960	140,3085	45,0864	125,6126	55,1778	139,1894	131,0187	37,8295	0,0000	0,0000	0,0000	0,0000	0,0000	0,0000	0,0000	0,0000	0,0000	0,0000	1995,8937	8479,0064	17,2731	537,3634	2513,1667	6,9775	2,5800	2,6300	1,9700	4,8600	4,8600	300,0000	150,0000	1300,0000	175,0000	175,0000	2,8000	0,5000	0,2300	0,3000	0,1800	0,6000	0,6000	14,4753	3,7104	55,4584	0,6036	0,6411	152,1641	79,8771	8133,1408	0,0000	0,0000	0,0000
101,0000	126,3932	70,3068	101,0030	33,6112	23,5309	28,7589	11,4198	18,7386	135,4156	117,6045	125,3249	122,1661	45,0403	127,3084	53,8016	128,3699	132,4790	38,0968	0,0000	0,0000	0,0000	0,0000	0,0000	0,0000	0,0000	0,0000	0,0000	0,0000	1973,9071	8612,6469	17,4279	505,8393	2191,8455	6,4882	2,5800	2,6300	1,9700	4,8600	4,8600	300,0000	150,0000	1300,0000	175,0000	175,0000	2,8000	0,5000	0,2300	0,3000	0,1800	0,6000	0,6000	22,0440	6,1421	56,0863	0,5809	0,6462	152,1641	79,8771	8309,0733	0,0000	0,0000	0,0000
101,0000	127,9432	70,9086	102,1475	34,3232	25,0374	29,4495	11,7748	19,7310	137,8074	115,1833	114,1532	114,2336	45,3130	127,8370	53,7907	121,7119	134,1323	38,4985	0,0000	0,0000	0,0000	0,0000	0,0000	0,0000	0,0000	0,0000	0,0000	0,0000	1984,7447	8852,4998	17,7755	507,7346	1986,0285	6,2054	2,5800	2,6300	1,9700	4,8600	4,8600	300,0000	150,0000	1300,0000	175,0000	175,0000	2,8000	0,5000	0,2300	0,3000	0,1800	0,6000	0,6000	24,7492	7,1591	57,0346	0,5580	0,6455	152,1641	79,8771	8334,9333	0,0000	0,0000	0,0000
101,0000	128,0738	71,4317	102,0811	32,4043	21,0061	26,8911	10,8245	17,5337	137,8738	123,7614	114,7996	128,4589	45,8021	127,8370	51,1978	126,6090	134,3188	37,1728	0,0000	0,0000	0,0000	0,0000	0,0000	0,0000	0,0000	0,0000	0,0000	0,0000	2035,4565	9137,2360	18,2407	478,4778	1984,8170	6,1631	2,5800	2,6300	1,9700	4,8600	4,8600	300,0000	150,0000	1300,0000	175,0000	175,0000	2,8000	0,5000	0,2300	0,3000	0,1800	0,6000	0,6000	3,4588	5,1042	56,6420	0,5956	0,6417	152,1641	79,8771	8285,5276	0,0000	0,0000	0,0000
101,0000	124,1436	70,5909	99,1189	29,8292	19,2802	24,3456	9,4204	14,6122	130,7285	139,2157	127,7646	126,4635	45,2965	123,0800	50,9100	136,2406	130,1581	34,7112	0,0000	0,0000	0,0000	0,0000	0,0000	0,0000	0,0000	0,0000	0,0000	0,0000	2034,2151	8548,7645	17,4229	502,9704	2149,9953	6,4261	2,5800	2,6300	1,9700	4,8600	4,8600	300,0000	150,0000	1300,0000	175,0000	175,0000	2,8000	0,5000	0,2300	0,3000	0,1800	0,6000	0,6000	3,0000	1,2103	53,5526	0,6263	0,6320	152,1641	79,8771	7856,1295	0,0000	0,0000	0,0000
101,0000	122,3445	68,9677	97,7927	29,7472	18,9105	24,1603	8,9557	13,7772	129,1537	145,2820	140,1795	137,1407	45,0504	122,0620	53,1096	140,1633	128,2174	34,7960	0,0000	0,0000	0,0000	0,0000	0,0000	0,0000	0,0000	0,0000	0,0000	0,0000	2022,5570	8320,1156	17,0897	542,2176	2398,4437	6,8251	2,5800	2,6300	1,9700	4,8600	4,8600	300,0000	150,0000	1300,0000	175,0000	175,0000	2,8000	0,5000	0,2300	0,3000	0,1800	0,6000	0,6000	3,0000	-0,5253	53,3768	0,6211	0,6309	152,1641	79,8771	7778,1722	0,0000	0,0000	0,0000
101,0000	122,1905	68,5052	97,6307	30,3478	19,1246	24,6182	8,9574	13,9573	129,5544	144,2457	144,5471	142,1098	44,9771	122,8071	54,3640	140,3695	128,0549	35,5159	0,0000	0,0000	0,0000	0,0000	0,0000	0,0000	0,0000	0,0000	0,0000	0,0000	2015,9057	8310,7567	17,0675	563,8406	2535,5921	7,0453	2,5800	2,6300	1,9700	4,8600	4,8600	300,0000	150,0000	1300,0000	175,0000	175,0000	2,8000	0,5000	0,2300	0,3000	0,1800	0,6000	0,6000	3,0000	-0,6513	53,6853	0,6127	0,6338	152,1641	79,8771	7860,8273	0,0000	0,0000	0,0000
101,0000	122,5884	68,4214	97,8998	30,6087	19,4710	24,8891	8,9734	14,2386	130,6032	142,6964	143,9529	142,1776	45,0982	123,6133	54,8284	140,4804	128,4825	35,7729	0,0000	0,0000	0,0000	0,0000	0,0000	0,0000	0,0000	0,0000	0,0000	0,0000	2026,7430	8386,6208	17,1877	572,7791	2545,1800	7,0710	2,5800	2,6300	1,9700	4,8600	4,8600	300,0000	150,0000	1300,0000	175,0000	175,0000	2,8000	0,5000	0,2300	0,3000	0,1800	0,6000	0,6000	3,0000	-0,6544	54,1669	0,6097	0,6352	152,1641	79,8771	7930,0235	0,0000	0,0000	0,0000
101,0000	123,1661	68,5793	98,3240	30,7626	19,7294	25,0771	8,9881	14,4934	131,6312	141,4263	142,7601	141,3476	45,2927	124,3134	55,0827	140,0250	129,0990	35,8973	0,0000	0,0000	0,0000	0,0000	0,0000	0,0000	0,0000	0,0000	0,0000	0,0000	2043,9579	8480,0146	17,3411	578,0112	2532,6062	7,0608	2,5800	2,6300	1,9700	4,8600	4,8600	300,0000	150,0000	1300,0000	175,0000	175,0000	2,8000	0,5000	0,2300	0,3000	0,1800	0,6000	0,6000	3,0089	-0,6543	54,5868	0,6066	0,6357	152,1641	79,8771	7981,0975	0,0000	0,0000	0,0000
101,0000	124,7797	69,0902	99,7567	32,5570	20,3037	27,2108	10,4469	16,6146	133,0276	128,6344	141,7951	141,5027	45,1620	125,3312	55,1787	139,5468	130,7252	37,3400	0,0000	0,0000	0,0000	0,0000	0,0000	0,0000	0,0000	0,0000	0,0000	0,0000	2015,9435	8459,2900	17,2735	542,5040	2485,9416	6,9468	2,5800	2,6300	1,9700	4,8600	4,8600	300,0000	150,0000	1300,0000	175,0000	175,0000	2,8000	0,5000	0,2300	0,3000	0,1800	0,6000	0,6000	13,1731	2,9520	55,6895	0,6046	0,6397	152,1641	79,8771	8097,0817	0,0000	0,0000	0,0000
101,0000	126,1539	70,2554	100,8209	33,5144	23,2477	28,5766	11,3196	18,4832	134,9752	118,4206	127,7582	125,1523	45,0209	126,9415	53,9289	129,9450	132,2252	38,0737	0,0000	0,0000	0,0000	0,0000	0,0000	0,0000	0,0000	0,0000	0,0000	0,0000	1972,9231	8586,1965	17,3898	508,2116	2242,4298	6,5616	2,5800	2,6300	1,9700	4,8600	4,8600	300,0000	150,0000	1300,0000	175,0000	175,0000	2,8000	0,5000	0,2300	0,3000	0,1800	0,6000	0,6000	20,5882	5,8423	55,8984	0,5850	0,6453	152,1641	79,8771	8273,9783	0,0000	0,0000	0,0000
101,0000	127,6679	70,7795	101,9286	34,2969	24,7395	29,4320	11,7599	19,6630	137,3456	115,1392	115,6395	114,1628	45,2209	127,9982	53,8491	122,6546	133,8238	38,4030	0,0000	0,0000	0,0000	0,0000	0,0000	0,0000	0,0000	0,0000	0,0000	0,0000	1974,5787	8792,2078	17,6778	507,0849	2010,4002	6,2383	2,5800	2,6300	1,9700	4,8600	4,8600	300,0000	150,0000	1300,0000	175,0000	175,0000	2,8000	0,5000	0,2300	0,3000	0,1800	0,6000	0,6000	25,0847	7,0977	56,8885	0,5610	0,6467	152,1641	79,8771	8360,5104	0,0000	0,0000	0,0000
101,0000	128,3834	71,3600	102,2811	33,2948	21,5058	27,5432	11,0930	18,1511	138,2979	121,2335	113,3295	126,9018	45,7110	127,9982	52,0541	125,0966	134,6556	37,9222	0,0000	0,0000	0,0000	0,0000	0,0000	0,0000	0,0000	0,0000	0,0000	0,0000	2026,8326	9143,6794	18,2377	492,6523	1984,0484	6,1817	2,5800	2,6300	1,9700	4,8600	4,8600	300,0000	150,0000	1300,0000	175,0000	175,0000	2,8000	0,5000	0,2300	0,3000	0,1800	0,6000	0,6000	6,9883	5,7380	57,0234	0,5839	0,6429	152,1641	79,8771	8311,0120	0,0000	0,0000	0,0000
101,0000	124,6456	70,7505	99,4816	30,0722	19,3891	24,5890	9,6140	14,9513	131,5422	136,9398	125,6565	125,5151	45,3379	123,6055	50,6428	134,8476	130,6894	34,9137	0,0000	0,0000	0,0000	0,0000	0,0000	0,0000	0,0000	0,0000	0,0000	0,0000	2020,9079	8618,7906	17,5016	491,1663	2113,4594	6,3591	2,5800	2,6300	1,9700	4,8600	4,8600	300,0000	150,0000	1300,0000	175,0000	175,0000	2,8000	0,5000	0,2300	0,3000	0,1800	0,6000	0,6000	3,0000	1,7916	53,8951	0,6244	0,6332	152,1641	79,8771	7905,0273	0,0000	0,0000	0,0000
101,0000	122,4461	69,1079	97,8739	29,6264	18,9977	24,0848	8,9722	13,7969	129,2072	145,0316	138,4477	135,4156	45,0737	121,9695	52,7634	139,9566	128,3295	34,6459	0,0000	0,0000	0,0000	0,0000	0,0000	0,0000	0,0000	0,0000	0,0000	0,0000	2025,2261	8335,1723	17,1143	536,9174	2355,4674	6,7582	2,5800	2,6300	1,9700	4,8600	4,8600	300,0000	150,0000	1300,0000	175,0000	175,0000	2,8000	0,5000	0,2300	0,3000	0,1800	0,6000	0,6000	3,0000	-0,4263	53,3382	0,6230	0,6305	152,1641	79,8771	7766,4817	0,0000	0,0000	0,0000
101,0000	122,1534	68,5364	97,6089	30,2808	19,0587	24,5574	8,9556	13,9109	129,4135	144,4825	144,4210	141,8359	44,9685	122,6644	54,2389	140,3570	128,0146	35,4420	0,0000	0,0000	0,0000	0,0000	0,0000	0,0000	0,0000	0,0000	0,0000	0,0000	2015,0909	8302,7140	17,0552	561,5299	2527,1785	7,0304	2,5800	2,6300	1,9700	4,8600	4,8600	300,0000	150,0000	1300,0000	175,0000	175,0000	2,8000	0,5000	0,2300	0,3000	0,1800	0,6000	0,6000	3,0000	-0,6485	53,6170	0,6136	0,6334	152,1641	79,8771	7847,2864	0,0000	0,0000	0,0000
101,0000	122,4950	68,4086	97,8326	30,5770	19,4198	24,8521	8,9713	14,1917	130,4152	142,9203	144,1514	142,2925	45,0674	123,4820	54,7745	140,5445	128,3828	35,7456	0,0000	0,0000	0,0000	0,0000	0,0000	0,0000	0,0000	0,0000	0,0000	0,0000	2024,0126	8370,7702	17,1620	571,6967	2546,7140	7,0716	2,5800	2,6300	1,9700	4,8600	4,8600	300,0000	150,0000	1300,0000	175,0000	175,0000	2,8000	0,5000	0,2300	0,3000	0,1800	0,6000	0,6000	3,0000	-0,6543	54,0864	0,6103	0,6350	152,1641	79,8771	7919,8749	0,0000	0,0000	0,0000
101,0000	123,0637	68,5398	98,2475	30,7408	19,6893	25,0490	8,9861	14,4531	131,4695	141,6048	142,9684	141,5050	45,2576	124,2035	55,0477	140,1139	128,9899	35,8811	0,0000	0,0000	0,0000	0,0000	0,0000	0,0000	0,0000	0,0000	0,0000	0,0000	2040,8542	8464,2351	17,3149	577,2764	2535,2887	7,0635	2,5800	2,6300	1,9700	4,8600	4,8600	300,0000	150,0000	1300,0000	175,0000	175,0000	2,8000	0,5000	0,2300	0,3000	0,1800	0,6000	0,6000	3,0000	-0,6544	54,5238	0,6071	0,6356	152,1641	79,8771	7973,5335	0,0000	0,0000	0,0000
101,0000	124,3251	68,7814	99,4514	31,9527	19,9075	26,7008	10,1361	16,1107	132,7164	131,6726	141,9441	141,8989	45,2372	125,0556	55,1703	139,6271	130,1974	36,5111	0,0000	0,0000	0,0000	0,0000	0,0000	0,0000	0,0000	0,0000	0,0000	0,0000	2031,9950	8418,9528	17,2398	543,5510	2427,9951	6,8679	2,5800	2,6300	1,9700	4,8600	4,8600	300,0000	150,0000	1300,0000	175,0000	175,0000	2,8000	0,5000	0,2300	0,3000	0,1800	0,6000	0,6000	10,9644	2,0662	55,5437	0,6049	0,6383	152,1641	79,8771	8061,6565	0,0000	0,0000	0,0000
101,0000	125,9064	70,1856	100,6329	33,4403	22,9486	28,4129	11,2144	18,2270	134,5421	119,3571	130,4889	128,2630	45,0031	126,6208	54,1328	131,7737	131,9619	38,0770	0,0000	0,0000	0,0000	0,0000	0,0000	0,0000	0,0000	0,0000	0,0000	0,0000	1972,0783	8558,2724	17,3500	511,9985	2301,2327	6,6484	2,5800	2,6300	1,9700	4,8600	4,8600	300,0000	150,0000	1300,0000	175,0000	175,0000	2,8000	0,5000	0,2300	0,3000	0,1800	0,6000	0,6000	19,2427	5,5145	55,7208	0,5892	0,6446	152,1641	79,8771	8243,3877	0,0000	0,0000	0,0000
101,0000	127,3593	70,6545	101,7181	34,1085	24,4692	29,3747	11,7291	19,5487	136,9143	115,2403	117,5162	114,6898	45,1568	128,1335	53,7449	123,6670	133,4986	38,2999	0,0000	0,0000	0,0000	0,0000	0,0000	0,0000	0,0000	0,0000	0,0000	0,0000	1982,5970	8735,6314	17,6105	506,9150	2041,0628	6,2806	2,5800	2,6300	1,9700	4,8600	4,8600	300,0000	150,0000	1300,0000	175,0000	175,0000	2,8000	0,5000	0,2300	0,3000	0,1800	0,6000	0,6000	25,1183	6,9946	56,7048	0,5654	0,6476	152,1641	79,8771	8380,6483	0,0000	0,0000	0,0000
101,0000	128,6198	71,2530	102,4448	33,9224	22,0732	28,1241	11,3284	18,6914	138,6672	119,0900	111,9698	125,0137	45,6265	128,1335	52,8633	123,5303	134,8403	38,1030	0,0000	0,0000	0,0000	0,0000	0,0000	0,0000	0,0000	0,0000	0,0000	0,0000	2026,6002	9124,8059	18,2112	507,7700	1957,2059	6,1655	2,5800	2,6300	1,9700	4,8600	4,8600	300,0000	150,0000	1300,0000	175,0000	175,0000	2,8000	0,5000	0,2300	0,3000	0,1800	0,6000	0,6000	10,5178	6,2580	57,3668	0,5721	0,6439	152,1641	79,8771	8333,2043	0,0000	0,0000	0,0000
101,0000	125,2982	70,9257	99,9688	30,3442	19,5689	24,8816	9,8360	15,3430	132,6407	134,3957	123,4006	124,9325	45,4300	124,3513	50,4064	133,3010	131,3791	35,1420	0,0000	0,0000	0,0000	0,0000	0,0000	0,0000	0,0000	0,0000	0,0000	0,0000	2026,6641	8714,0993	17,6417	483,9068	2072,3820	6,2921	2,5800	2,6300	1,9700	4,8600	4,8600	300,0000	150,0000	1300,0000	175,0000	175,0000	2,8000	0,5000	0,2300	0,3000	0,1800	0,6000	0,6000	3,0000	2,4239	54,3725	0,6219	0,6347	152,1641	79,8771	7971,0437	0,0000	0,0000	0,0000
101,0000	122,6160	69,3405	98,0064	29,5315	19,1466	24,0288	9,0064	13,8468	129,2796	144,5083	136,5187	133,5166	45,1059	122,0272	52,3787	139,6500	128,5161	34,5272	0,0000	0,0000	0,0000	0,0000	0,0000	0,0000	0,0000	0,0000	0,0000	0,0000	2029,1276	8357,1203	17,1501	531,3504	2311,6218	6,6896	2,5800	2,6300	1,9700	4,8600	4,8600	300,0000	150,0000	1300,0000	175,0000	175,0000	2,8000	0,5000	0,2300	0,3000	0,1800	0,6000	0,6000	3,0000	-0,2672	53,2755	0,6249	0,6304	152,1641	79,8771	7769,0550	0,0000	0,0000	0,0000
101,0000	122,1260	68,5831	97,5958	30,2005	18,9902	24,4872	8,9550	13,8624	129,2688	144,7109	144,1765	141,4370	44,9637	122,5091	54,0860	140,4229	127,9845	35,3516	0,0000	0,0000	0,0000	0,0000	0,0000	0,0000	0,0000	0,0000	0,0000	0,0000	2014,6139	8295,6141	17,0447	558,7489	2515,1797	7,0099	2,5800	2,6300	1,9700	4,8600	4,8600	300,0000	150,0000	1300,0000	175,0000	175,0000	2,8000	0,5000	0,2300	0,3000	0,1800	0,6000	0,6000	3,0000	-0,6432	53,5429	0,6148	0,6330	152,1641	79,8771	7832,0837	0,0000	0,0000	0,0000
101,0000	122,3970	68,4005	97,7627	30,5415	19,3624	24,8108	8,9699	14,1404	130,2083	143,1564	144,3690	142,4100	45,0352	123,3364	54,7134	140,6130	128,2780	35,7147	0,0000	0,0000	0,0000	0,0000	0,0000	0,0000	0,0000	0,0000	0,0000	0,0000	2021,1599	8353,7616	17,1344	570,4867	2548,2432	7,0720	2,5800	2,6300	1,9700	4,8600	4,8600	300,0000	150,0000	1300,0000	175,0000	175,0000	2,8000	0,5000	0,2300	0,3000	0,1800	0,6000	0,6000	3,0000	-0,6542	53,9964	0,6109	0,6349	152,1641	79,8771	7908,4294	0,0000	0,0000	0,0000
101,0000	122,9518	68,4987	98,1642	30,7176	19,6450	25,0187	8,9846	14,4089	131,2893	141,7954	143,2072	141,6850	45,2193	124,0818	55,0104	140,2187	128,8707	35,8643	0,0000	0,0000	0,0000	0,0000	0,0000	0,0000	0,0000	0,0000	0,0000	0,0000	2037,4663	8446,8374	17,2861	576,4916	2538,4542	7,0668	2,5800	2,6300	1,9700	4,8600	4,8600	300,0000	150,0000	1300,0000	175,0000	175,0000	2,8000	0,5000	0,2300	0,3000	0,1800	0,6000	0,6000	3,0000	-0,6544	54,4531	0,6077	0,6356	152,1641	79,8771	7965,1121	0,0000	0,0000	0,0000
101,0000	123,5389	68,7330	99,1383	30,8918	19,8722	26,2302	9,8336	15,6495	132,3696	134,5210	142,0944	142,0748	45,3219	124,7891	55,1757	139,7218	129,4961	35,9579	0,0000	0,0000	0,0000	0,0000	0,0000	0,0000	0,0000	0,0000	0,0000	0,0000	2008,9805	8406,9380	17,1913	535,8522	2411,0329	6,8337	2,5800	2,6300	1,9700	4,8600	4,8600	300,0000	150,0000	1300,0000	175,0000	175,0000	2,8000	0,5000	0,2300	0,3000	0,1800	0,6000	0,6000	8,9344	1,2604	54,8058	0,6051	0,6368	152,1641	79,8771	8026,1904	0,0000	0,0000	0,0000
101,0000	125,6440	70,0765	100,4333	33,3799	22,6232	28,2592	11,0989	17,9624	134,1218	120,5467	133,5000	131,5274	44,9867	126,3366	54,4054	133,8380	131,6817	38,0965	0,0000	0,0000	0,0000	0,0000	0,0000	0,0000	0,0000	0,0000	0,0000	0,0000	1971,3370	8529,1413	17,3085	517,0360	2367,4338	6,7472	2,5800	2,6300	1,9700	4,8600	4,8600	300,0000	150,0000	1300,0000	175,0000	175,0000	2,8000	0,5000	0,2300	0,3000	0,1800	0,6000	0,6000	17,9830	5,1508	55,5675	0,5935	0,6439	152,1641	79,8771	8216,3404	0,0000	0,0000	0,0000
101,0000	127,0746	70,5290	101,5155	33,9521	24,2259	29,2683	11,6788	19,3918	136,5153	115,5553	119,4288	115,5727	45,1100	128,1684	53,6743	124,7344	133,1986	38,2229	0,0000	0,0000	0,0000	0,0000	0,0000	0,0000	0,0000	0,0000	0,0000	0,0000	1977,9499	8687,7845	17,5377	503,8149	2073,5441	6,3213	2,5800	2,6300	1,9700	4,8600	4,8600	300,0000	150,0000	1300,0000	175,0000	175,0000	2,8000	0,5000	0,2300	0,3000	0,1800	0,6000	0,6000	24,8785	6,8471	56,5456	0,5697	0,6480	152,1641	79,8771	8388,9030	0,0000	0,0000	0,0000
101,0000	128,5821	71,1566	102,5183	34,0143	22,7874	28,6583	11,5198	19,1414	138,8107	117,4008	111,8553	123,2710	45,5761	128,1684	53,1522	121,6872	134,8022	38,1999	0,0000	0,0000	0,0000	0,0000	0,0000	0,0000	0,0000	0,0000	0,0000	0,0000	2011,1578	9072,1267	18,1167	501,0290	1945,7381	6,1402	2,5800	2,6300	1,9700	4,8600	4,8600	300,0000	150,0000	1300,0000	175,0000	175,0000	2,8000	0,5000	0,2300	0,3000	0,1800	0,6000	0,6000	14,0473	6,6653	57,4255	0,5632	0,6444	152,1641	79,8771	8341,8277	0,0000	0,0000	0,0000
101,0000	126,1161	71,0826	100,5860	30,6454	19,8236	25,2271	10,0732	15,7950	134,1303	131,7387	120,6000	124,7525	45,5814	125,3889	50,2148	131,6034	132,2436	35,3965	0,0000	0,0000	0,0000	0,0000	0,0000	0,0000	0,0000	0,0000	0,0000	0,0000	2037,2760	8843,4743	17,8359	477,1282	2020,9791	6,2114	2,5800	2,6300	1,9700	4,8600	4,8600	300,0000	150,0000	1300,0000	175,0000	175,0000	2,8000	0,5000	0,2300	0,3000	0,1800	0,6000	0,6000	3,0000	3,0855	55,0336	0,6184	0,6365	152,1641	79,8771	8060,5609	0,0000	0,0000	0,0000
