HR	AOPmax	AOPmin	AOPmean	PAPmax	PAPmin	PAPmean	PRAmean	WedgeP	QLV	Qsist	QRV	Qpulm	LVes	LVed	RVes	RVed	Plvmax	Prvmax	QVADmax	QVADmin	QVADmean	QECMO	P1mean	P2mean	P3mean	Qventing	Qinflow1	Qinflow2	PELeftV	SWLeftV	MVO2LeftV	PERightV	SWRightV	MVO2RightV	RupAbr	RkidAbr	RsplAbr	RllAbr	RrlAbr	V0upbr	V0kidbr	V0spbr	V0llbr	V0rlbr	Emaxl	Emaxr	RupVbr	RkidVbr	RspVbr	RllVbr	RrlVbr	Paw	Ppleural	PP	RV EF 	LV EF 	Ccw linear	Cl linear	CO	ECMOflowma	ECMOlfowmi	ECMOvol
75,0000	119,7885	78,0951	100,2459	18,6794	8,5941	12,7177	3,1632	6,4487	105,0761	107,0977	103,9932	101,6763	46,2500	131,3891	45,5499	132,5405	124,6849	23,0758	0,0000	0,0000	0,0000	0,0000	0,0000	0,0000	0,0000	0,0000	0,0000	0,0000	2080,3832	9695,9212	14,1666	329,2566	1794,0330	4,2265	3,6400	3,7500	2,7900	6,8200	6,8200	300,0000	150,0000	1300,0000	175,0000	175,0000	2,8000	0,4000	0,2300	0,3000	0,1800	0,6000	0,6000	0,0000	-5,1266	41,6934	0,6563	0,6480	206,0174	215,6332	6385,4327	0,0000	0,0000	0,0000
75,0000	119,7038	77,4461	100,4741	18,4339	8,5306	12,8759	3,0980	6,3626	106,0541	109,1795	106,3743	106,5099	46,5459	131,7882	47,4746	133,6509	124,5876	22,8412	0,0000	0,0000	0,0000	0,0000	0,0000	0,0000	0,0000	0,0000	0,0000	0,0000	2107,4825	9750,0396	14,2503	349,7273	1788,1122	4,2414	3,6400	3,7500	2,7900	6,8200	6,8200	300,0000	150,0000	1300,0000	175,0000	175,0000	2,8000	0,4000	0,2300	0,3000	0,1800	0,6000	0,6000	0,0000	-5,7087	42,2577	0,6448	0,6468	206,0174	215,6332	6393,1724	0,0000	0,0000	0,0000
75,0000	120,7070	78,2623	101,2814	19,3017	9,3317	13,5103	3,6608	7,0418	106,5593	103,1204	108,4398	110,3135	46,5407	131,7882	46,8991	133,6509	125,6300	23,8375	0,0000	0,0000	0,0000	0,0000	0,0000	0,0000	0,0000	0,0000	0,0000	0,0000	2100,7549	9822,5680	14,3180	328,8714	1843,7589	4,2773	3,6400	3,7500	2,7900	6,8200	6,8200	300,0000	150,0000	1300,0000	175,0000	175,0000	2,8000	0,4000	0,2300	0,3000	0,1800	0,6000	0,6000	0,0000	-4,1068	42,4447	0,6491	0,6469	206,0174	215,6332	6393,5592	0,0000	0,0000	0,0000
75,0000	120,1587	78,4413	100,8687	18,7533	9,2892	13,2246	3,6227	6,9831	105,2848	103,1943	104,3508	104,6450	46,3467	130,5746	45,6345	129,1151	125,0737	23,1672	0,0000	0,0000	0,0000	0,0000	0,0000	0,0000	0,0000	0,0000	0,0000	0,0000	2070,1732	9675,7503	14,1354	312,3844	1732,0777	4,1453	3,6400	3,7500	2,7900	6,8200	6,8200	300,0000	150,0000	1300,0000	175,0000	175,0000	2,8000	0,4000	0,2300	0,3000	0,1800	0,6000	0,6000	0,0000	-4,0458	41,7174	0,6466	0,6451	206,0177	215,6324	6317,0899	0,0000	0,0000	0,0000
75,0000	119,4136	78,1107	100,1518	18,1597	8,7027	12,5928	3,0432	6,3110	105,0005	108,4140	103,5721	101,0165	46,3445	131,6606	45,7665	133,3977	124,4051	22,7647	0,0000	0,0000	0,0000	0,0000	0,0000	0,0000	0,0000	0,0000	0,0000	0,0000	2061,9121	9686,9667	14,1384	332,8407	1771,8246	4,2073	3,6400	3,7500	2,7900	6,8200	6,8200	300,0000	150,0000	1300,0000	175,0000	175,0000	2,8000	0,4000	0,2300	0,3000	0,1800	0,6000	0,6000	0,0000	-5,4817	41,3029	0,6569	0,6480	206,0177	215,6325	6398,7084	0,0000	0,0000	0,0000
75,0000	119,8910	77,5184	100,6818	18,5751	8,6349	13,0535	3,2243	6,5120	106,3343	108,0896	107,2290	108,3049	46,5931	131,6606	47,6336	133,4167	124,7867	23,0258	0,0000	0,0000	0,0000	0,0000	0,0000	0,0000	0,0000	0,0000	0,0000	0,0000	2112,3392	9779,9924	14,2861	351,8191	1801,4152	4,2573	3,6400	3,7500	2,7900	6,8200	6,8200	300,0000	150,0000	1300,0000	175,0000	175,0000	2,8000	0,4000	0,2300	0,3000	0,1800	0,6000	0,6000	0,0000	-5,4191	42,3726	0,6430	0,6461	206,0174	215,6332	6380,0592	0,0000	0,0000	0,0000
75,0000	120,6072	78,4028	101,2080	19,1891	9,3608	13,4545	3,6601	7,0419	106,2417	102,8109	107,7037	108,9562	46,4943	131,4876	46,5356	132,6986	125,5381	23,7233	0,0000	0,0000	0,0000	0,0000	0,0000	0,0000	0,0000	0,0000	0,0000	0,0000	2083,4659	9791,5006	14,2682	322,3589	1825,5072	4,2518	3,6400	3,7500	2,7900	6,8200	6,8200	300,0000	150,0000	1300,0000	175,0000	175,0000	2,8000	0,4000	0,2300	0,3000	0,1800	0,6000	0,6000	0,0000	-4,0388	42,2043	0,6493	0,6464	206,0174	215,6332	6374,5011	0,0000	0,0000	0,0000
75,0000	120,0760	78,3626	100,7949	18,7252	9,0230	13,1995	3,6103	6,9665	105,2503	103,3307	104,1711	104,3358	46,3176	130,5179	45,5861	128,9230	124,9867	23,1308	0,0000	0,0000	0,0000	0,0000	0,0000	0,0000	0,0000	0,0000	0,0000	0,0000	2067,5340	9665,7890	14,1224	311,8030	1727,0405	4,1395	3,6400	3,7500	2,7900	6,8200	6,8200	300,0000	150,0000	1300,0000	175,0000	175,0000	2,8000	0,4000	0,2300	0,3000	0,1800	0,6000	0,6000	0,0000	-4,0669	41,7133	0,6464	0,6451	206,0174	215,6332	6315,0185	0,0000	0,0000	0,0000
75,0000	119,1563	77,7754	100,0251	17,8504	8,7765	12,4984	2,9613	6,1933	104,9307	109,4328	103,1509	100,6395	46,3724	131,7427	46,1033	133,9077	124,0740	22,2685	0,0000	0,0000	0,0000	0,0000	0,0000	0,0000	0,0000	0,0000	0,0000	0,0000	2084,5824	9643,5415	14,1170	336,8739	1722,7735	4,1609	3,6400	3,7500	2,7900	6,8200	6,8200	300,0000	150,0000	1300,0000	175,0000	175,0000	2,8000	0,4000	0,2300	0,3000	0,1800	0,6000	0,6000	0,0000	-5,7997	41,3809	0,6557	0,6480	206,0174	215,6332	6402,7736	0,0000	0,0000	0,0000
75,0000	119,9475	77,5499	100,7982	18,6486	8,7014	13,2006	3,3585	6,6521	106,4280	106,7190	107,7758	109,4641	46,6003	131,7427	47,6969	133,9176	124,8498	23,1301	0,0000	0,0000	0,0000	0,0000	0,0000	0,0000	0,0000	0,0000	0,0000	0,0000	2109,4738	9767,5201	14,2703	348,8306	1792,6278	4,2452	3,6400	3,7500	2,7900	6,8200	6,8200	300,0000	150,0000	1300,0000	175,0000	175,0000	2,8000	0,4000	0,2300	0,3000	0,1800	0,6000	0,6000	0,0000	-5,0967	42,3976	0,6438	0,6463	206,0174	215,6332	6385,6798	0,0000	0,0000	0,0000
75,0000	120,3789	78,3989	101,0300	19,0526	9,3374	13,3799	3,6570	7,0198	105,8214	102,6522	106,8045	107,5794	46,4108	131,0680	46,2225	131,6661	125,3039	23,5591	0,0000	0,0000	0,0000	0,0000	0,0000	0,0000	0,0000	0,0000	0,0000	0,0000	2076,3010	9738,1958	14,2060	319,0472	1799,3023	4,2214	3,6400	3,7500	2,7900	6,8200	6,8200	300,0000	150,0000	1300,0000	175,0000	175,0000	2,8000	0,4000	0,2300	0,3000	0,1800	0,6000	0,6000	0,0000	-4,0237	41,9800	0,6489	0,6459	206,0174	215,6332	6349,2870	0,0000	0,0000	0,0000
75,0000	119,9261	78,2245	100,6089	18,7105	8,5672	13,0884	3,5161	6,8514	105,1836	103,9377	104,1735	103,5775	46,2618	130,4276	45,5646	129,2509	124,8295	23,1143	0,0000	0,0000	0,0000	0,0000	0,0000	0,0000	0,0000	0,0000	0,0000	0,0000	2062,5852	9656,4605	14,1077	311,5198	1737,6519	4,1501	3,6400	3,7500	2,7900	6,8200	6,8200	300,0000	150,0000	1300,0000	175,0000	175,0000	2,8000	0,4000	0,2300	0,3000	0,1800	0,6000	0,6000	0,0000	-4,2642	41,7015	0,6475	0,6453	206,0177	215,6324	6312,4392	0,0000	0,0000	0,0000
75,0000	119,1187	77,4690	100,0061	17,8881	8,4440	12,5333	2,9669	6,1790	105,0499	109,8233	103,4763	101,6456	46,3877	131,7477	46,5309	134,0982	123,9978	22,2264	0,0000	0,0000	0,0000	0,0000	0,0000	0,0000	0,0000	0,0000	0,0000	0,0000	2095,2751	9635,4272	14,1197	341,1001	1714,4447	4,1567	3,6400	3,7500	2,7900	6,8200	6,8200	300,0000	150,0000	1300,0000	175,0000	175,0000	2,8000	0,4000	0,2300	0,3000	0,1800	0,6000	0,6000	0,0000	-5,9218	41,6497	0,6530	0,6479	206,0177	215,6325	6401,9999	0,0000	0,0000	0,0000
75,0000	119,9701	77,5895	100,9096	18,6743	8,7386	13,3202	3,4825	6,7815	106,4953	105,3854	108,0677	110,0868	46,5514	131,7477	47,6497	134,1038	124,8767	23,1716	0,0000	0,0000	0,0000	0,0000	0,0000	0,0000	0,0000	0,0000	0,0000	0,0000	2091,8943	9759,7784	14,2443	334,7892	1786,1087	4,2240	3,6400	3,7500	2,7900	6,8200	6,8200	300,0000	150,0000	1300,0000	175,0000	175,0000	2,8000	0,4000	0,2300	0,3000	0,1800	0,6000	0,6000	0,0000	-4,7751	42,3806	0,6447	0,6467	206,0177	215,6325	6389,7203	0,0000	0,0000	0,0000
75,0000	120,1944	78,3823	100,8872	18,9316	9,3174	13,3133	3,6510	6,9965	105,4761	102,6590	105,9342	106,4368	46,3472	130,7280	45,9758	130,7232	125,1121	23,4059	0,0000	0,0000	0,0000	0,0000	0,0000	0,0000	0,0000	0,0000	0,0000	0,0000	2070,5910	9694,1673	14,1548	316,2910	1774,1250	4,1926	3,6400	3,7500	2,7900	6,8200	6,8200	300,0000	150,0000	1300,0000	175,0000	175,0000	2,8000	0,4000	0,2300	0,3000	0,1800	0,6000	0,6000	0,0000	-4,0272	41,8121	0,6483	0,6455	206,0177	215,6325	6328,5658	0,0000	0,0000	0,0000
75,0000	119,8047	78,1186	100,4148	18,6988	8,4691	12,9352	3,3792	6,6866	105,1185	105,0307	104,1906	102,7408	46,2165	130,7777	45,5464	130,6002	124,7023	23,1016	0,0000	0,0000	0,0000	0,0000	0,0000	0,0000	0,0000	0,0000	0,0000	0,0000	2058,5857	9657,8787	14,1050	311,2756	1758,6446	4,1715	3,6400	3,7500	2,7900	6,8200	6,8200	300,0000	150,0000	1300,0000	175,0000	175,0000	2,8000	0,4000	0,2300	0,3000	0,1800	0,6000	0,6000	0,0000	-4,5836	41,6861	0,6513	0,6466	206,0177	215,6325	6342,0906	0,0000	0,0000	0,0000
75,0000	119,2990	77,3671	100,1409	18,1018	8,3876	12,6499	3,0002	6,2234	105,4240	109,8044	104,5886	103,5230	46,4385	131,7669	46,9868	134,0626	124,1688	22,4438	0,0000	0,0000	0,0000	0,0000	0,0000	0,0000	0,0000	0,0000	0,0000	0,0000	2097,9288	9672,7233	14,1608	344,6278	1740,7635	4,1874	3,6400	3,7500	2,7900	6,8200	6,8200	300,0000	150,0000	1300,0000	175,0000	175,0000	2,8000	0,4000	0,2300	0,3000	0,1800	0,6000	0,6000	0,0000	-5,9067	41,9319	0,6495	0,6476	206,0174	215,6332	6399,6261	0,0000	0,0000	0,0000
75,0000	120,4240	77,6926	101,0702	19,1720	8,7617	13,4276	3,5832	6,9088	106,5524	104,2696	108,3449	110,5263	46,5250	131,7669	47,3912	134,0671	125,2745	23,5365	0,0000	0,0000	0,0000	0,0000	0,0000	0,0000	0,0000	0,0000	0,0000	0,0000	2106,8743	9779,6082	14,2801	333,4236	1808,7125	4,2459	3,6400	3,7500	2,7900	6,8200	6,8200	300,0000	150,0000	1300,0000	175,0000	175,0000	2,8000	0,4000	0,2300	0,3000	0,1800	0,6000	0,6000	0,0000	-4,4637	42,7314	0,6465	0,6469	206,0174	215,6332	6393,1420	0,0000	0,0000	0,0000
75,0000	120,1359	78,4009	100,8453	18,8394	9,3075	13,2656	3,6401	6,9857	105,3179	102,8389	105,1552	105,5311	46,3312	130,5855	45,7965	129,9207	125,0507	23,2843	0,0000	0,0000	0,0000	0,0000	0,0000	0,0000	0,0000	0,0000	0,0000	0,0000	2069,0161	9676,3086	14,1347	314,2506	1753,1035	4,1689	3,6400	3,7500	2,7900	6,8200	6,8200	300,0000	150,0000	1300,0000	175,0000	175,0000	2,8000	0,4000	0,2300	0,3000	0,1800	0,6000	0,6000	0,0000	-4,0352	41,7351	0,6475	0,6452	206,0174	215,6332	6319,0726	0,0000	0,0000	0,0000
75,0000	119,7767	78,0894	100,2942	18,6858	8,5383	12,7847	3,2314	6,5217	105,1101	106,4063	104,1073	102,0052	46,2069	131,1970	45,5246	131,9769	124,6726	23,0848	0,0000	0,0000	0,0000	0,0000	0,0000	0,0000	0,0000	0,0000	0,0000	0,0000	2068,9717	9689,2182	14,1480	321,4740	1788,8737	4,2131	3,6400	3,7500	2,7900	6,8200	6,8200	300,0000	150,0000	1300,0000	175,0000	175,0000	2,8000	0,4000	0,2300	0,3000	0,1800	0,6000	0,6000	0,0000	-4,9482	41,6873	0,6551	0,6478	206,0174	215,6332	6374,2554	0,0000	0,0000	0,0000
75,0000	119,5773	77,4123	100,3572	18,3374	8,4734	12,7878	3,0476	6,2972	105,8555	109,5340	105,8384	105,4776	46,5126	131,8158	47,3480	133,9112	124,4549	22,7209	0,0000	0,0000	0,0000	0,0000	0,0000	0,0000	0,0000	0,0000	0,0000	0,0000	2104,3063	9727,5596	14,2239	348,2616	1776,1585	4,2276	3,6400	3,7500	2,7900	6,8200	6,8200	300,0000	150,0000	1300,0000	175,0000	175,0000	2,8000	0,4000	0,2300	0,3000	0,1800	0,6000	0,6000	0,0000	-5,8157	42,1650	0,6464	0,6471	206,0174	215,6332	6397,7415	0,0000	0,0000	0,0000
75,0000	120,6641	78,1140	101,2447	19,3151	9,1793	13,5107	3,6543	7,0216	106,5962	103,3756	108,5570	110,6871	46,5388	131,8158	47,0669	133,9125	125,5735	23,8259	0,0000	0,0000	0,0000	0,0000	0,0000	0,0000	0,0000	0,0000	0,0000	0,0000	2099,4013	9818,0719	14,3120	330,0365	1842,2513	4,2769	3,6400	3,7500	2,7900	6,8200	6,8200	300,0000	150,0000	1300,0000	175,0000	175,0000	2,8000	0,4000	0,2300	0,3000	0,1800	0,6000	0,6000	0,0000	-4,1811	42,5500	0,6485	0,6469	206,0174	215,6332	6395,7748	0,0000	0,0000	0,0000
75,0000	120,1560	78,4384	100,8656	18,7746	9,2963	13,2347	3,6273	6,9837	105,2867	103,0983	104,5459	104,8625	46,3439	130,5732	45,6736	129,3103	125,0712	23,1961	0,0000	0,0000	0,0000	0,0000	0,0000	0,0000	0,0000	0,0000	0,0000	0,0000	2069,9814	9675,6482	14,1351	312,8380	1737,2077	4,1510	3,6400	3,7500	2,7900	6,8200	6,8200	300,0000	150,0000	1300,0000	175,0000	175,0000	2,8000	0,4000	0,2300	0,3000	0,1800	0,6000	0,6000	0,0000	-4,0428	41,7176	0,6468	0,6451	206,0177	215,6324	6317,1997	0,0000	0,0000	0,0000
75,0000	119,6143	78,1069	100,1979	18,4954	8,6528	12,6507	3,0977	6,3761	105,0313	107,8038	103,7924	101,3227	46,3060	131,5524	45,6372	133,0300	124,6748	23,0663	0,0000	0,0000	0,0000	0,0000	0,0000	0,0000	0,0000	0,0000	0,0000	0,0000	2019,9015	9695,3563	14,1038	325,9440	1788,3338	4,2172	3,6400	3,7500	2,7900	6,8200	6,8200	300,0000	150,0000	1300,0000	175,0000	175,0000	2,8000	0,4000	0,2300	0,3000	0,1800	0,6000	0,6000	0,0000	-5,3115	41,5074	0,6569	0,6480	206,0177	215,6325	6393,4751	0,0000	0,0000	0,0000
75,0000	119,8139	77,4839	100,5886	18,5159	8,5878	12,9695	3,1604	6,4387	106,2227	108,6725	106,8553	107,5048	46,5742	131,6637	47,5713	133,2028	124,7041	22,9468	0,0000	0,0000	0,0000	0,0000	0,0000	0,0000	0,0000	0,0000	0,0000	0,0000	2110,3260	9769,2842	14,2730	350,9499	1797,1773	4,2520	3,6400	3,7500	2,7900	6,8200	6,8200	300,0000	150,0000	1300,0000	175,0000	175,0000	2,8000	0,4000	0,2300	0,3000	0,1800	0,6000	0,6000	0,0000	-5,5682	42,3300	0,6429	0,6463	206,0174	215,6332	6381,7147	0,0000	0,0000	0,0000
75,0000	120,6802	78,3564	101,2632	19,2522	9,3717	13,4871	3,6614	7,0463	106,4249	102,9369	108,1146	109,6653	46,5238	131,6637	46,7111	133,2028	125,6098	23,7930	0,0000	0,0000	0,0000	0,0000	0,0000	0,0000	0,0000	0,0000	0,0000	0,0000	2085,7158	9811,6023	14,2913	324,0751	1836,6293	4,2650	3,6400	3,7500	2,7900	6,8200	6,8200	300,0000	150,0000	1300,0000	175,0000	175,0000	2,8000	0,4000	0,2300	0,3000	0,1800	0,6000	0,6000	0,0000	-4,0619	42,3239	0,6493	0,6466	206,0174	215,6332	6385,4963	0,0000	0,0000	0,0000
75,0000	120,1283	78,4123	100,8433	18,7367	9,2798	13,2156	3,6201	6,9801	105,2716	103,2573	104,2282	104,4960	46,3365	130,5538	45,6051	128,9877	125,0416	23,1452	0,0000	0,0000	0,0000	0,0000	0,0000	0,0000	0,0000	0,0000	0,0000	0,0000	2069,2308	9671,9764	14,1305	312,0363	1728,5571	4,1413	3,6400	3,7500	2,7900	6,8200	6,8200	300,0000	150,0000	1300,0000	175,0000	175,0000	2,8000	0,4000	0,2300	0,3000	0,1800	0,6000	0,6000	0,0000	-4,0485	41,7160	0,6464	0,6451	206,0174	215,6332	6316,2941	0,0000	0,0000	0,0000
75,0000	119,2602	78,0110	100,0879	17,9504	8,7447	12,5372	2,9940	6,2448	104,9653	108,9837	103,3465	100,7470	46,3656	131,7188	45,9297	133,6954	124,2098	22,4479	0,0000	0,0000	0,0000	0,0000	0,0000	0,0000	0,0000	0,0000	0,0000	0,0000	2073,4123	9664,1512	14,1268	334,5347	1744,7817	4,1812	3,6400	3,7500	2,7900	6,8200	6,8200	300,0000	150,0000	1300,0000	175,0000	175,0000	2,8000	0,4000	0,2300	0,3000	0,1800	0,6000	0,6000	0,0000	-5,6537	41,2492	0,6565	0,6480	206,0174	215,6332	6401,4929	0,0000	0,0000	0,0000
75,0000	119,9323	77,5400	100,7510	18,6193	8,6732	13,1329	3,2931	6,5854	106,3979	107,4084	107,5436	108,9773	46,6005	131,7188	47,6742	133,7090	124,8320	23,0874	0,0000	0,0000	0,0000	0,0000	0,0000	0,0000	0,0000	0,0000	0,0000	0,0000	2113,3198	9779,0895	14,2862	352,4588	1800,1434	4,2566	3,6400	3,7500	2,7900	6,8200	6,8200	300,0000	150,0000	1300,0000	175,0000	175,0000	2,8000	0,4000	0,2300	0,3000	0,1800	0,6000	0,6000	0,0000	-5,2548	42,3923	0,6434	0,6462	206,0174	215,6332	6383,8720	0,0000	0,0000	0,0000
75,0000	120,4947	78,4122	101,1207	19,1178	9,3484	13,4158	3,6585	7,0315	106,0226	102,7167	107,2392	108,2200	46,4525	131,2706	46,3650	132,1564	125,4235	23,6390	0,0000	0,0000	0,0000	0,0000	0,0000	0,0000	0,0000	0,0000	0,0000	0,0000	2079,9440	9764,4548	14,2368	320,5857	1812,0960	4,2361	3,6400	3,7500	2,7900	6,8200	6,8200	300,0000	150,0000	1300,0000	175,0000	175,0000	2,8000	0,4000	0,2300	0,3000	0,1800	0,6000	0,6000	0,0000	-4,0272	42,0825	0,6492	0,6461	206,0174	215,6332	6361,3553	0,0000	0,0000	0,0000
75,0000	120,0008	78,2933	100,7077	18,7163	8,7280	13,1518	3,5705	6,9179	105,2168	103,5714	104,1588	103,9802	46,2897	130,4631	45,5725	128,8996	124,9078	23,1205	0,0000	0,0000	0,0000	0,0000	0,0000	0,0000	0,0000	0,0000	0,0000	0,0000	2065,0577	9660,8373	14,1147	311,6281	1730,9866	4,1434	3,6400	3,7500	2,7900	6,8200	6,8200	300,0000	150,0000	1300,0000	175,0000	175,0000	2,8000	0,4000	0,2300	0,3000	0,1800	0,6000	0,6000	0,0000	-4,1460	41,7075	0,6464	0,6452	206,0174	215,6332	6313,0067	0,0000	0,0000	0,0000
75,0000	119,0990	77,5885	99,9887	17,8342	8,5700	12,4990	2,9574	6,1740	104,9418	109,7055	103,1703	100,9629	46,3744	131,7424	46,3069	134,0442	123,9924	22,1977	0,0000	0,0000	0,0000	0,0000	0,0000	0,0000	0,0000	0,0000	0,0000	0,0000	2081,9766	9631,3164	14,1018	337,1901	1712,2785	4,1504	3,6400	3,7500	2,7900	6,8200	6,8200	300,0000	150,0000	1300,0000	175,0000	175,0000	2,8000	0,4000	0,2300	0,3000	0,1800	0,6000	0,6000	0,0000	-5,8868	41,5105	0,6545	0,6480	206,0174	215,6332	6402,5968	0,0000	0,0000	0,0000
75,0000	119,9497	77,5590	100,8375	18,6661	8,7224	13,2638	3,4248	6,7190	106,4316	106,0097	107,9426	109,8261	46,5971	131,7424	47,6972	134,0513	124,8540	23,1576	0,0000	0,0000	0,0000	0,0000	0,0000	0,0000	0,0000	0,0000	0,0000	0,0000	2102,1331	9756,8008	14,2517	341,9632	1786,2846	4,2316	3,6400	3,7500	2,7900	6,8200	6,8200	300,0000	150,0000	1300,0000	175,0000	175,0000	2,8000	0,4000	0,2300	0,3000	0,1800	0,6000	0,6000	0,0000	-4,9306	42,3907	0,6442	0,6463	206,0174	215,6332	6385,8976	0,0000	0,0000	0,0000
75,0000	120,2619	78,3738	100,9379	18,9873	9,3260	13,3436	3,6546	7,0067	105,6307	102,6283	106,3504	106,9617	46,3695	130,8741	46,0875	131,1679	125,1824	23,4772	0,0000	0,0000	0,0000	0,0000	0,0000	0,0000	0,0000	0,0000	0,0000	0,0000	2072,6270	9712,5632	14,1758	317,5481	1785,9997	4,2061	3,6400	3,7500	2,7900	6,8200	6,8200	300,0000	150,0000	1300,0000	175,0000	175,0000	2,8000	0,4000	0,2300	0,3000	0,1800	0,6000	0,6000	0,0000	-4,0244	41,8881	0,6486	0,6457	206,0174	215,6332	6337,8429	0,0000	0,0000	0,0000
75,0000	119,8497	78,1564	100,4994	18,7047	8,4866	13,0118	3,4490	6,7693	105,1456	104,4451	104,1927	103,1462	46,2332	130,5881	45,5562	129,9062	124,7495	23,1083	0,0000	0,0000	0,0000	0,0000	0,0000	0,0000	0,0000	0,0000	0,0000	0,0000	2060,0583	9653,4528	14,1020	311,4032	1747,0199	4,1597	3,6400	3,7500	2,7900	6,8200	6,8200	300,0000	150,0000	1300,0000	175,0000	175,0000	2,8000	0,4000	0,2300	0,3000	0,1800	0,6000	0,6000	0,0000	-4,4179	41,6932	0,6493	0,6460	206,0177	215,6325	6326,6172	0,0000	0,0000	0,0000
75,0000	119,1894	77,3919	100,0591	17,9871	8,3890	12,5885	2,9829	6,1976	105,2239	109,8459	103,9963	102,5698	46,4089	131,7533	46,7705	134,0993	124,0609	22,3201	0,0000	0,0000	0,0000	0,0000	0,0000	0,0000	0,0000	0,0000	0,0000	0,0000	2095,9377	9650,5236	14,1359	342,7967	1725,3886	4,1697	3,6400	3,7500	2,7900	6,8200	6,8200	300,0000	150,0000	1300,0000	175,0000	175,0000	2,8000	0,4000	0,2300	0,3000	0,1800	0,6000	0,6000	0,0000	-5,9246	41,7976	0,6512	0,6478	206,0174	215,6333	6400,8275	0,0000	0,0000	0,0000
75,0000	120,2319	77,6347	100,9859	18,9609	8,7516	13,3763	3,5365	6,8463	106,5267	104,7903	108,2106	110,3265	46,5319	131,7533	47,5356	134,1041	125,0298	23,1885	0,0000	0,0000	0,0000	0,0000	0,0000	0,0000	0,0000	0,0000	0,0000	0,0000	2129,9357	9765,8932	14,2897	337,7407	1793,5069	4,2347	3,6400	3,7500	2,7900	6,8200	6,8200	300,0000	150,0000	1300,0000	175,0000	175,0000	2,8000	0,4000	0,2300	0,3000	0,1800	0,6000	0,6000	0,0000	-4,6151	42,5972	0,6455	0,6468	206,0174	215,6332	6391,6050	0,0000	0,0000	0,0000
75,0000	120,1502	78,3878	100,8544	18,8806	9,3111	13,2865	3,6459	6,9894	105,3733	102,7347	105,5189	105,9445	46,3337	130,6323	45,8759	130,2910	125,0659	23,3391	0,0000	0,0000	0,0000	0,0000	0,0000	0,0000	0,0000	0,0000	0,0000	0,0000	2069,3181	9682,0042	14,1409	315,1565	1762,6576	4,1796	3,6400	3,7500	2,7900	6,8200	6,8200	300,0000	150,0000	1300,0000	175,0000	175,0000	2,8000	0,4000	0,2300	0,3000	0,1800	0,6000	0,6000	0,0000	-4,0311	41,7624	0,6479	0,6453	206,0174	215,6332	6322,3957	0,0000	0,0000	0,0000
75,0000	119,7795	78,0950	100,3431	18,6922	8,4925	12,8558	3,3031	6,6000	105,1071	105,7176	104,1605	102,3419	46,2075	130,9938	45,5345	131,3302	124,6758	23,0934	0,0000	0,0000	0,0000	0,0000	0,0000	0,0000	0,0000	0,0000	0,0000	0,0000	2060,4091	9673,5670	14,1231	313,7056	1775,2547	4,1911	3,6400	3,7500	2,7900	6,8200	6,8200	300,0000	150,0000	1300,0000	175,0000	175,0000	2,8000	0,4000	0,2300	0,3000	0,1800	0,6000	0,6000	0,0000	-4,7691	41,6845	0,6533	0,6473	206,0174	215,6332	6358,9752	0,0000	0,0000	0,0000
75,0000	119,4374	77,3772	100,2445	18,2266	8,4210	12,7155	3,0180	6,2539	105,6483	109,7144	105,2394	104,5036	46,4752	131,7895	47,1884	133,9999	124,3099	22,5875	0,0000	0,0000	0,0000	0,0000	0,0000	0,0000	0,0000	0,0000	0,0000	0,0000	2100,9353	9700,5407	14,1926	346,5736	1759,3725	4,2086	3,6400	3,7500	2,7900	6,8200	6,8200	300,0000	150,0000	1300,0000	175,0000	175,0000	2,8000	0,4000	0,2300	0,3000	0,1800	0,6000	0,6000	0,0000	-5,8758	42,0603	0,6478	0,6474	206,0174	215,6332	6398,5700	0,0000	0,0000	0,0000
75,0000	120,5663	77,8874	101,1645	19,2801	8,8307	13,4793	3,6281	6,9749	106,5757	103,7622	108,4733	110,7053	46,5289	131,7895	47,2259	134,0046	125,4527	23,7381	0,0000	0,0000	0,0000	0,0000	0,0000	0,0000	0,0000	0,0000	0,0000	0,0000	2096,5324	9802,0453	14,2926	330,5957	1829,9575	4,2648	3,6400	3,7500	2,7900	6,8200	6,8200	300,0000	150,0000	1300,0000	175,0000	175,0000	2,8000	0,4000	0,2300	0,3000	0,1800	0,6000	0,6000	0,0000	-4,3055	42,6790	0,6476	0,6469	206,0174	215,6332	6394,5412	0,0000	0,0000	0,0000
75,0000	120,1417	78,4189	100,8522	18,8031	9,3038	13,2482	3,6335	6,9843	105,2949	102,9677	104,8164	105,1573	46,3362	130,5721	45,7273	129,5804	125,0565	23,2350	0,0000	0,0000	0,0000	0,0000	0,0000	0,0000	0,0000	0,0000	0,0000	0,0000	2069,3708	9675,0074	14,1338	313,4574	1744,2226	4,1589	3,6400	3,7500	2,7900	6,8200	6,8200	300,0000	150,0000	1300,0000	175,0000	175,0000	2,8000	0,4000	0,2300	0,3000	0,1800	0,6000	0,6000	0,0000	-4,0392	41,7228	0,6471	0,6451	206,0177	215,6324	6317,6942	0,0000	0,0000	0,0000
75,0000	119,7896	78,0958	100,2433	18,6790	8,5973	12,7141	3,1595	6,4447	105,0735	107,1360	103,9844	101,6575	46,2534	131,3993	45,5530	132,5693	124,6861	23,0753	0,0000	0,0000	0,0000	0,0000	0,0000	0,0000	0,0000	0,0000	0,0000	0,0000	2081,1159	9696,0721	14,1676	329,7860	1794,0247	4,2270	3,6400	3,7500	2,7900	6,8200	6,8200	300,0000	150,0000	1300,0000	175,0000	175,0000	2,8000	0,4000	0,2300	0,3000	0,1800	0,6000	0,6000	0,0000	-5,1366	41,6939	0,6564	0,6480	206,0177	215,6324	6385,9469	0,0000	0,0000	0,0000
75,0000	119,7105	77,4480	100,4806	18,4388	8,5338	12,8810	3,1012	6,3666	106,0646	109,1552	106,4021	106,5664	46,5476	131,7839	47,4808	133,6304	124,5946	22,8474	0,0000	0,0000	0,0000	0,0000	0,0000	0,0000	0,0000	0,0000	0,0000	0,0000	2107,6542	9751,2536	14,2517	349,8017	1788,6913	4,2421	3,6400	3,7500	2,7900	6,8200	6,8200	300,0000	150,0000	1300,0000	175,0000	175,0000	2,8000	0,4000	0,2300	0,3000	0,1800	0,6000	0,6000	0,0000	-5,7018	42,2624	0,6447	0,6468	206,0177	215,6325	6392,7206	0,0000	0,0000	0,0000
75,0000	120,7074	78,2688	101,2819	19,2997	9,3373	13,5096	3,6609	7,0424	106,5545	103,1086	108,4265	110,2834	46,5403	131,7839	46,8891	133,6304	125,6309	23,8363	0,0000	0,0000	0,0000	0,0000	0,0000	0,0000	0,0000	0,0000	0,0000	0,0000	2100,7694	9822,3696	14,3179	328,7898	1843,5586	4,2770	3,6400	3,7500	2,7900	6,8200	6,8200	300,0000	150,0000	1300,0000	175,0000	175,0000	2,8000	0,4000	0,2300	0,3000	0,1800	0,6000	0,6000	0,0000	-4,1036	42,4386	0,6491	0,6468	206,0177	215,6325	6393,2689	0,0000	0,0000	0,0000
75,0000	120,1580	78,4406	100,8681	18,7523	9,2888	13,2241	3,6226	6,9830	105,2845	103,1986	104,3422	104,6351	46,3465	130,5742	45,6326	129,1064	125,0730	23,1658	0,0000	0,0000	0,0000	0,0000	0,0000	0,0000	0,0000	0,0000	0,0000	0,0000	2070,1549	9675,6659	14,1353	312,3629	1731,8428	4,1450	3,6400	3,7500	2,7900	6,8200	6,8200	300,0000	150,0000	1300,0000	175,0000	175,0000	2,8000	0,4000	0,2300	0,3000	0,1800	0,6000	0,6000	0,0000	-4,0460	41,7174	0,6466	0,6451	206,0177	215,6325	6317,0728	0,0000	0,0000	0,0000
75,0000	119,4064	78,1104	100,1495	18,1486	8,7046	12,5904	3,0410	6,3083	104,9993	108,4390	103,5623	101,0041	46,3457	131,6640	45,7726	133,4113	124,3960	22,7488	0,0000	0,0000	0,0000	0,0000	0,0000	0,0000	0,0000	0,0000	0,0000	0,0000	2061,8095	9686,3247	14,1376	332,7816	1770,8720	4,2062	3,6400	3,7500	2,7900	6,8200	6,8200	300,0000	150,0000	1300,0000	175,0000	175,0000	2,8000	0,4000	0,2300	0,3000	0,1800	0,6000	0,6000	0,0000	-5,4888	41,2960	0,6569	0,6480	206,0177	215,6325	6398,8729	0,0000	0,0000	0,0000
75,0000	119,8934	77,5196	100,6857	18,5772	8,6367	13,0577	3,2278	6,5158	106,3379	108,0576	107,2430	108,3398	46,5937	131,6640	47,6356	133,4300	124,7893	23,0287	0,0000	0,0000	0,0000	0,0000	0,0000	0,0000	0,0000	0,0000	0,0000	0,0000	2112,4019	9780,1190	14,2863	351,8496	1801,3620	4,2573	3,6400	3,7500	2,7900	6,8200	6,8200	300,0000	150,0000	1300,0000	175,0000	175,0000	2,8000	0,4000	0,2300	0,3000	0,1800	0,6000	0,6000	0,0000	-5,4107	42,3739	0,6430	0,6461	206,0171	215,6339	6380,2746	0,0000	0,0000	0,0000
75,0000	120,6017	78,4040	101,2038	19,1854	9,3601	13,4524	3,6600	7,0415	106,2306	102,8059	107,6791	108,9159	46,4922	131,4767	46,5260	132,6693	125,5327	23,7190	0,0000	0,0000	0,0000	0,0000	0,0000	0,0000	0,0000	0,0000	0,0000	0,0000	2083,2972	9790,1706	14,2667	322,2616	1824,8127	4,2509	3,6400	3,7500	2,7900	6,8200	6,8200	300,0000	150,0000	1300,0000	175,0000	175,0000	2,8000	0,4000	0,2300	0,3000	0,1800	0,6000	0,6000	0,0000	-4,0379	42,1978	0,6493	0,6464	206,0171	215,6339	6373,8345	0,0000	0,0000	0,0000
75,0000	120,0723	78,3592	100,7910	18,7246	9,0033	13,1976	3,6088	6,9647	105,2487	103,3397	104,1693	104,3203	46,3162	130,5152	45,5851	128,9206	124,9828	23,1301	0,0000	0,0000	0,0000	0,0000	0,0000	0,0000	0,0000	0,0000	0,0000	0,0000	2067,4125	9665,4261	14,1219	311,7912	1727,0912	4,1395	3,6400	3,7500	2,7900	6,8200	6,8200	300,0000	150,0000	1300,0000	175,0000	175,0000	2,8000	0,4000	0,2300	0,3000	0,1800	0,6000	0,6000	0,0000	-4,0697	41,7131	0,6464	0,6451	206,0171	215,6339	6314,9192	0,0000	0,0000	0,0000
75,0000	119,1513	77,7638	100,0218	17,8472	8,7780	12,4972	2,9605	6,1914	104,9288	109,4524	103,1439	100,6440	46,3724	131,7426	46,1131	133,9174	124,0674	22,2616	0,0000	0,0000	0,0000	0,0000	0,0000	0,0000	0,0000	0,0000	0,0000	0,0000	2084,4044	9642,4926	14,1158	336,8655	1721,8470	4,1600	3,6400	3,7500	2,7900	6,8200	6,8200	300,0000	150,0000	1300,0000	175,0000	175,0000	2,8000	0,4000	0,2300	0,3000	0,1800	0,6000	0,6000	0,0000	-5,8059	41,3875	0,6557	0,6480	206,0171	215,6339	6402,7706	0,0000	0,0000	0,0000
75,0000	119,9473	77,5499	100,8000	18,6498	8,7027	13,2041	3,3621	6,6557	106,4283	106,6805	107,7868	109,4871	46,6000	131,7426	47,6976	133,9270	124,8497	23,1319	0,0000	0,0000	0,0000	0,0000	0,0000	0,0000	0,0000	0,0000	0,0000	0,0000	2108,9677	9766,7402	14,2690	348,3906	1792,1611	4,2442	3,6400	3,7500	2,7900	6,8200	6,8200	300,0000	150,0000	1300,0000	175,0000	175,0000	2,8000	0,4000	0,2300	0,3000	0,1800	0,6000	0,6000	0,0000	-5,0878	42,3973	0,6439	0,6463	206,0171	215,6339	6385,6981	0,0000	0,0000	0,0000
75,0000	120,3718	78,3974	101,0244	19,0490	9,3367	13,3779	3,6569	7,0190	105,8101	102,6499	106,7805	107,5452	46,4083	131,0564	46,2149	131,6393	125,2966	23,5547	0,0000	0,0000	0,0000	0,0000	0,0000	0,0000	0,0000	0,0000	0,0000	0,0000	2076,0783	9736,6633	14,2042	318,9634	1798,5899	4,2206	3,6400	3,7500	2,7900	6,8200	6,8200	300,0000	150,0000	1300,0000	175,0000	175,0000	2,8000	0,4000	0,2300	0,3000	0,1800	0,6000	0,6000	0,0000	-4,0237	41,9745	0,6489	0,6459	206,0171	215,6339	6348,6053	0,0000	0,0000	0,0000
75,0000	119,9214	78,2204	100,6027	18,7102	8,5608	13,0845	3,5127	6,8472	105,1813	103,9622	104,1749	103,5544	46,2600	130,4349	45,5642	129,2830	124,8247	23,1140	0,0000	0,0000	0,0000	0,0000	0,0000	0,0000	0,0000	0,0000	0,0000	0,0000	2062,4311	9656,1674	14,1072	311,5136	1738,0982	4,1506	3,6400	3,7500	2,7900	6,8200	6,8200	300,0000	150,0000	1300,0000	175,0000	175,0000	2,8000	0,4000	0,2300	0,3000	0,1800	0,6000	0,6000	0,0000	-4,2719	41,7010	0,6476	0,6453	206,0178	215,6324	6313,1121	0,0000	0,0000	0,0000
75,0000	119,1211	77,4634	100,0080	17,8925	8,4392	12,5359	2,9677	6,1796	105,0579	109,8268	103,5003	101,6916	46,3885	131,7477	46,5439	134,0996	123,9996	22,2301	0,0000	0,0000	0,0000	0,0000	0,0000	0,0000	0,0000	0,0000	0,0000	0,0000	2095,2694	9635,9642	14,1202	341,1815	1714,8468	4,1572	3,6400	3,7500	2,7900	6,8200	6,8200	300,0000	150,0000	1300,0000	175,0000	175,0000	2,8000	0,4000	0,2300	0,3000	0,1800	0,6000	0,6000	0,0000	-5,9227	41,6577	0,6529	0,6479	206,0177	215,6326	6401,9388	0,0000	0,0000	0,0000
75,0000	119,9714	77,5915	100,9128	18,6746	8,7394	13,3225	3,4848	6,7842	106,4971	105,3589	108,0739	110,0975	46,5500	131,7477	47,6461	134,1052	124,8780	23,1721	0,0000	0,0000	0,0000	0,0000	0,0000	0,0000	0,0000	0,0000	0,0000	0,0000	2091,5220	9759,9727	14,2441	334,4057	1786,2730	4,2238	3,6400	3,7500	2,7900	6,8200	6,8200	300,0000	150,0000	1300,0000	175,0000	175,0000	2,8000	0,4000	0,2300	0,3000	0,1800	0,6000	0,6000	0,0000	-4,7684	42,3799	0,6447	0,6467	206,0177	215,6325	6389,8287	0,0000	0,0000	0,0000
75,0000	120,1922	78,3827	100,8855	18,9294	9,3171	13,3121	3,6508	6,9962	105,4707	102,6609	105,9170	106,4157	46,3464	130,7230	45,9715	130,7050	125,1098	23,4031	0,0000	0,0000	0,0000	0,0000	0,0000	0,0000	0,0000	0,0000	0,0000	0,0000	2070,5237	9693,5315	14,1540	316,2416	1773,6405	4,1921	3,6400	3,7500	2,7900	6,8200	6,8200	300,0000	150,0000	1300,0000	175,0000	175,0000	2,8000	0,4000	0,2300	0,3000	0,1800	0,6000	0,6000	0,0000	-4,0274	41,8095	0,6483	0,6455	206,0177	215,6325	6328,2417	0,0000	0,0000	0,0000
75,0000	119,8033	78,1173	100,4109	18,6986	8,4694	12,9310	3,3752	6,6819	105,1177	105,0650	104,1900	102,7191	46,2160	130,7894	45,5460	130,6397	124,7008	23,1013	0,0000	0,0000	0,0000	0,0000	0,0000	0,0000	0,0000	0,0000	0,0000	0,0000	2058,5391	9658,4673	14,1056	311,2702	1759,4126	4,1723	3,6400	3,7500	2,7900	6,8200	6,8200	300,0000	150,0000	1300,0000	175,0000	175,0000	2,8000	0,4000	0,2300	0,3000	0,1800	0,6000	0,6000	0,0000	-4,5933	41,6860	0,6514	0,6466	206,0177	215,6325	6343,0030	0,0000	0,0000	0,0000
75,0000	119,3063	77,3671	100,1464	18,1086	8,3886	12,6535	3,0012	6,2250	105,4361	109,8002	104,6230	103,5766	46,4405	131,7682	46,9983	134,0596	124,1761	22,4513	0,0000	0,0000	0,0000	0,0000	0,0000	0,0000	0,0000	0,0000	0,0000	0,0000	2098,0812	9674,1755	14,1625	344,7331	1741,7158	4,1885	3,6400	3,7500	2,7900	6,8200	6,8200	300,0000	150,0000	1300,0000	175,0000	175,0000	2,8000	0,4000	0,2300	0,3000	0,1800	0,6000	0,6000	0,0000	-5,9053	41,9392	0,6494	0,6476	206,0177	215,6325	6399,5789	0,0000	0,0000	0,0000
75,0000	120,4332	77,6963	101,0754	19,1803	8,7622	13,4305	3,5857	6,9124	106,5539	104,2413	108,3520	110,5365	46,5251	131,7682	47,3826	134,0641	125,2861	23,5510	0,0000	0,0000	0,0000	0,0000	0,0000	0,0000	0,0000	0,0000	0,0000	0,0000	2107,1068	9780,7747	14,2815	333,4761	1809,8002	4,2470	3,6400	3,7500	2,7900	6,8200	6,8200	300,0000	150,0000	1300,0000	175,0000	175,0000	2,8000	0,4000	0,2300	0,3000	0,1800	0,6000	0,6000	0,0000	-4,4552	42,7369	0,6466	0,6469	206,0177	215,6325	6393,2368	0,0000	0,0000	0,0000
75,0000	120,1360	78,4019	100,8456	18,8373	9,3074	13,2646	3,6398	6,9856	105,3161	102,8452	105,1358	105,5095	46,3314	130,5843	45,7925	129,9011	125,0508	23,2815	0,0000	0,0000	0,0000	0,0000	0,0000	0,0000	0,0000	0,0000	0,0000	0,0000	2069,0284	9676,1732	14,1346	314,2043	1752,5900	4,1683	3,6400	3,7500	2,7900	6,8200	6,8200	300,0000	150,0000	1300,0000	175,0000	175,0000	2,8000	0,4000	0,2300	0,3000	0,1800	0,6000	0,6000	0,0000	-4,0354	41,7341	0,6475	0,6452	206,0177	215,6325	6318,9643	0,0000	0,0000	0,0000
75,0000	119,7772	78,0896	100,2921	18,6855	8,5413	12,7808	3,2274	6,5174	105,1108	106,4454	104,1019	101,9860	46,2071	131,2080	45,5254	132,0116	124,6732	23,0843	0,0000	0,0000	0,0000	0,0000	0,0000	0,0000	0,0000	0,0000	0,0000	0,0000	2069,3983	9690,0072	14,1492	321,8740	1789,4057	4,2141	3,6400	3,7500	2,7900	6,8200	6,8200	300,0000	150,0000	1300,0000	175,0000	175,0000	2,8000	0,4000	0,2300	0,3000	0,1800	0,6000	0,6000	0,0000	-4,9583	41,6876	0,6551	0,6478	206,0177	215,6325	6375,0612	0,0000	0,0000	0,0000
75,0000	119,5852	77,4149	100,3641	18,3433	8,4766	12,7925	3,0500	6,3005	105,8666	109,5183	105,8710	105,5365	46,5147	131,8165	47,3561	133,9024	124,4631	22,7281	0,0000	0,0000	0,0000	0,0000	0,0000	0,0000	0,0000	0,0000	0,0000	0,0000	2104,5040	9728,8997	14,2254	348,3515	1776,9510	4,2285	3,6400	3,7500	2,7900	6,8200	6,8200	300,0000	150,0000	1300,0000	175,0000	175,0000	2,8000	0,4000	0,2300	0,3000	0,1800	0,6000	0,6000	0,0000	-5,8107	42,1703	0,6463	0,6471	206,0177	215,6325	6397,6356	0,0000	0,0000	0,0000
75,0000	120,6684	78,1244	101,2483	19,3155	9,1911	13,5115	3,6549	7,0233	106,5964	103,3585	108,5567	110,6755	46,5394	131,8165	47,0580	133,9034	125,5789	23,8285	0,0000	0,0000	0,0000	0,0000	0,0000	0,0000	0,0000	0,0000	0,0000	0,0000	2099,5371	9818,7297	14,3128	329,9877	1842,6219	4,2772	3,6400	3,7500	2,7900	6,8200	6,8200	300,0000	150,0000	1300,0000	175,0000	175,0000	2,8000	0,4000	0,2300	0,3000	0,1800	0,6000	0,6000	0,0000	-4,1758	42,5440	0,6486	0,6469	206,0177	215,6325	6395,7849	0,0000	0,0000	0,0000
75,0000	120,1569	78,4394	100,8665	18,7732	9,2959	13,2341	3,6269	6,9837	105,2867	103,1048	104,5328	104,8481	46,3444	130,5737	45,6710	129,2972	125,0721	23,1943	0,0000	0,0000	0,0000	0,0000	0,0000	0,0000	0,0000	0,0000	0,0000	0,0000	2070,0192	9675,7339	14,1352	312,8088	1736,8690	4,1507	3,6400	3,7500	2,7900	6,8200	6,8200	300,0000	150,0000	1300,0000	175,0000	175,0000	2,8000	0,4000	0,2300	0,3000	0,1800	0,6000	0,6000	0,0000	-4,0430	41,7175	0,6468	0,6451	206,0177	215,6325	6317,2010	0,0000	0,0000	0,0000
75,0000	119,6049	78,1076	100,1965	18,4778	8,6551	12,6482	3,0952	6,3733	105,0302	107,8318	103,7823	101,3080	46,3082	131,5582	45,6417	133,0469	124,6575	23,0658	0,0000	0,0000	0,0000	0,0000	0,0000	0,0000	0,0000	0,0000	0,0000	0,0000	2019,8403	9695,2659	14,1036	325,8527	1787,8391	4,2166	3,6400	3,7500	2,7900	6,8200	6,8200	300,0000	150,0000	1300,0000	175,0000	175,0000	2,8000	0,4000	0,2300	0,3000	0,1800	0,6000	0,6000	0,0000	-5,3188	41,4974	0,6570	0,6480	206,0177	215,6325	6393,7500	0,0000	0,0000	0,0000
75,0000	119,8180	77,4857	100,5937	18,5187	8,5900	12,9740	3,1637	6,4426	106,2285	108,6449	106,8722	107,5463	46,5753	131,6550	47,5744	133,1757	124,7086	22,9505	0,0000	0,0000	0,0000	0,0000	0,0000	0,0000	0,0000	0,0000	0,0000	0,0000	2110,4381	9769,8881	14,2738	350,9911	1797,3434	4,2522	3,6400	3,7500	2,7900	6,8200	6,8200	300,0000	150,0000	1300,0000	175,0000	175,0000	2,8000	0,4000	0,2300	0,3000	0,1800	0,6000	0,6000	0,0000	-5,5605	42,3323	0,6428	0,6462	206,0171	215,6339	6380,9726	0,0000	0,0000	0,0000
75,0000	120,6769	78,3596	101,2607	19,2489	9,3710	13,4855	3,6613	7,0462	106,4158	102,9296	108,0934	109,6267	46,5223	131,6550	46,7010	133,1757	125,6066	23,7896	0,0000	0,0000	0,0000	0,0000	0,0000	0,0000	0,0000	0,0000	0,0000	0,0000	2085,6135	9810,6560	14,2902	323,9794	1836,0841	4,2643	3,6400	3,7500	2,7900	6,8200	6,8200	300,0000	150,0000	1300,0000	175,0000	175,0000	2,8000	0,4000	0,2300	0,3000	0,1800	0,6000	0,6000	0,0000	-4,0602	42,3172	0,6493	0,6466	206,0171	215,6339	6384,9468	0,0000	0,0000	0,0000
75,0000	120,1256	78,4098	100,8411	18,7359	9,2792	13,2151	3,6200	6,9798	105,2703	103,2602	104,2236	104,4899	46,3356	130,5518	45,6038	128,9827	125,0388	23,1442	0,0000	0,0000	0,0000	0,0000	0,0000	0,0000	0,0000	0,0000	0,0000	0,0000	2069,1450	9671,6388	14,1301	312,0200	1728,4119	4,1411	3,6400	3,7500	2,7900	6,8200	6,8200	300,0000	150,0000	1300,0000	175,0000	175,0000	2,8000	0,4000	0,2300	0,3000	0,1800	0,6000	0,6000	0,0000	-4,0487	41,7158	0,6464	0,6451	206,0171	215,6339	6316,2192	0,0000	0,0000	0,0000
75,0000	119,2531	77,9983	100,0840	17,9423	8,7466	12,5343	2,9915	6,2413	104,9631	109,0129	103,3349	100,7341	46,3662	131,7204	45,9390	133,7092	124,2006	22,4349	0,0000	0,0000	0,0000	0,0000	0,0000	0,0000	0,0000	0,0000	0,0000	0,0000	2073,2414	9662,8538	14,1252	334,4933	1743,3057	4,1796	3,6400	3,7500	2,7900	6,8200	6,8200	300,0000	150,0000	1300,0000	175,0000	175,0000	2,8000	0,4000	0,2300	0,3000	0,1800	0,6000	0,6000	0,0000	-5,6629	41,2548	0,6564	0,6480	206,0171	215,6339	6401,5703	0,0000	0,0000	0,0000
75,0000	119,9334	77,5406	100,7538	18,6212	8,6750	13,1369	3,2968	6,5892	106,3999	107,3708	107,5585	109,0086	46,6006	131,7204	47,6758	133,7226	124,8333	23,0901	0,0000	0,0000	0,0000	0,0000	0,0000	0,0000	0,0000	0,0000	0,0000	0,0000	2113,3390	9778,6332	14,2858	352,4863	1799,8877	4,2564	3,6400	3,7500	2,7900	6,8200	6,8200	300,0000	150,0000	1300,0000	175,0000	175,0000	2,8000	0,4000	0,2300	0,3000	0,1800	0,6000	0,6000	0,0000	-5,2459	42,3928	0,6435	0,6462	206,0171	215,6339	6383,9915	0,0000	0,0000	0,0000
75,0000	120,4879	78,4117	101,1154	19,1140	9,3477	13,4137	3,6584	7,0308	106,0106	102,7127	107,2146	108,1824	46,4501	131,2586	46,3565	132,1281	125,4165	23,6344	0,0000	0,0000	0,0000	0,0000	0,0000	0,0000	0,0000	0,0000	0,0000	0,0000	2079,7319	9762,9106	14,2350	320,4943	1811,3698	4,2353	3,6400	3,7500	2,7900	6,8200	6,8200	300,0000	150,0000	1300,0000	175,0000	175,0000	2,8000	0,4000	0,2300	0,3000	0,1800	0,6000	0,6000	0,0000	-4,0269	42,0762	0,6492	0,6461	206,0171	215,6339	6360,6358	0,0000	0,0000	0,0000
75,0000	119,9963	78,2893	100,7022	18,7159	8,7162	13,1485	3,5678	6,9146	105,2147	103,5888	104,1593	103,9585	46,2881	130,4598	45,5719	128,8994	124,9032	23,1200	0,0000	0,0000	0,0000	0,0000	0,0000	0,0000	0,0000	0,0000	0,0000	0,0000	2064,9100	9660,5380	14,1143	311,6203	1731,2998	4,1437	3,6400	3,7500	2,7900	6,8200	6,8200	300,0000	150,0000	1300,0000	175,0000	175,0000	2,8000	0,4000	0,2300	0,3000	0,1800	0,6000	0,6000	0,0000	-4,1517	41,7070	0,6465	0,6452	206,0174	215,6331	6312,8802	0,0000	0,0000	0,0000
75,0000	119,0981	77,5802	99,9882	17,8357	8,5605	12,5002	2,9577	6,1737	104,9454	109,7155	103,1809	100,9934	46,3748	131,7423	46,3189	134,0490	123,9905	22,1972	0,0000	0,0000	0,0000	0,0000	0,0000	0,0000	0,0000	0,0000	0,0000	0,0000	2081,8854	9631,1339	14,1015	337,2339	1712,1192	4,1503	3,6400	3,7500	2,7900	6,8200	6,8200	300,0000	150,0000	1300,0000	175,0000	175,0000	2,8000	0,4000	0,2300	0,3000	0,1800	0,6000	0,6000	0,0000	-5,8898	41,5179	0,6545	0,6480	206,0174	215,6332	6402,5663	0,0000	0,0000	0,0000
75,0000	119,9502	77,5600	100,8397	18,6668	8,7233	13,2663	3,4275	6,7217	106,4322	105,9804	107,9495	109,8395	46,5966	131,7423	47,6964	134,0560	124,8546	23,1586	0,0000	0,0000	0,0000	0,0000	0,0000	0,0000	0,0000	0,0000	0,0000	0,0000	2101,8597	9756,5912	14,2512	341,7139	1786,1874	4,2312	3,6400	3,7500	2,7900	6,8200	6,8200	300,0000	150,0000	1300,0000	175,0000	175,0000	2,8000	0,4000	0,2300	0,3000	0,1800	0,6000	0,6000	0,0000	-4,9238	42,3902	0,6442	0,6463	206,0174	215,6332	6385,9339	0,0000	0,0000	0,0000
75,0000	120,2579	78,3732	100,9348	18,9848	9,3256	13,3423	3,6545	7,0062	105,6236	102,6278	106,3327	106,9384	46,3681	130,8670	46,0825	131,1487	125,1782	23,4741	0,0000	0,0000	0,0000	0,0000	0,0000	0,0000	0,0000	0,0000	0,0000	0,0000	2072,5023	9711,6389	14,1747	317,4921	1785,4859	4,2055	3,6400	3,7500	2,7900	6,8200	6,8200	300,0000	150,0000	1300,0000	175,0000	175,0000	2,8000	0,4000	0,2300	0,3000	0,1800	0,6000	0,6000	0,0000	-4,0245	41,8847	0,6486	0,6457	206,0174	215,6332	6337,4177	0,0000	0,0000	0,0000
