HR	AOPmax	AOPmin	AOPmean	PAPmax	PAPmin	PAPmean	PRAmean	WedgeP	QLV	Qsist	QRV	Qpulm	LVes	LVed	RVes	RVed	Plvmax	Prvmax	QVADmax	QVADmin	QVADmean	QECMO	P1mean	P2mean	P3mean	Qventing	Qinflow1	Qinflow2	PELeftV	SWLeftV	MVO2LeftV	PERightV	SWRightV	MVO2RightV	RupAbr	RkidAbr	RsplAbr	RllAbr	RrlAbr	V0upbr	V0kidbr	V0spbr	V0llbr	V0rlbr	Emaxl	Emaxr	RupVbr	RkidVbr	RspVbr	RllVbr	RrlVbr	Paw	Ppleural	PP	RV EF 	LV EF 	Ccw linear	Cl linear	CO	ECMOflowma	ECMOlfowmi	ECMOvol
82,0000	91,3805	51,1764	72,9474	24,7387	12,9239	19,5838	10,6415	12,8245	113,5235	106,4940	122,9801	123,8505	31,8542	115,7733	45,3703	135,3918	97,1747	29,4769	0,0000	0,0000	0,0000	0,0000	0,0000	0,0000	0,0000	0,0000	0,0000	0,0000	599,8091	6740,8267	10,4949	33,4311	1842,5610	4,3425	2,0500	2,0800	1,5700	3,8900	3,8900	300,0000	150,0000	1300,0000	175,0000	175,0000	2,8000	0,4000	0,2300	0,3000	0,1800	0,6000	0,6000	15,6017	8,4367	40,2041	0,6649	0,7249	74,9593	126,9068	6881,3637	0,0000	0,0000	0,0000
82,0000	92,6448	52,5985	73,6778	25,7579	16,0913	20,6837	11,4697	14,5154	115,1707	96,1005	105,1821	106,4125	31,4683	116,2292	42,8342	119,8282	98,6879	30,0562	0,0000	0,0000	0,0000	0,0000	0,0000	0,0000	0,0000	0,0000	0,0000	0,0000	491,0983	6898,1117	10,5496	13,5282	1574,8856	4,0187	2,0500	2,0800	1,5700	3,8900	3,8900	300,0000	150,0000	1300,0000	175,0000	175,0000	2,8000	0,4000	0,2300	0,3000	0,1800	0,6000	0,6000	16,5404	11,3342	40,0462	0,6425	0,7293	74,9593	126,9068	6950,3920	0,0000	0,0000	0,0000
82,0000	91,5867	52,0187	72,4642	22,6433	12,5384	17,1588	9,4317	11,4037	115,0404	114,3496	96,5037	97,0813	32,0196	116,2292	40,1060	128,4847	97,7754	27,0792	0,0000	0,0000	0,0000	0,0000	0,0000	0,0000	0,0000	0,0000	0,0000	0,0000	523,8408	7167,1171	10,8893	48,1521	1329,7739	3,7818	2,0500	2,0800	1,5700	3,8900	3,8900	300,0000	150,0000	1300,0000	175,0000	175,0000	2,8000	0,4000	0,2300	0,3000	0,1800	0,6000	0,6000	6,5000	6,4613	39,5680	0,6879	0,7245	74,9593	126,9068	6905,1851	0,0000	0,0000	0,0000
82,0000	89,4455	51,2028	71,2639	22,1046	12,4330	16,6537	8,8188	10,1198	110,2656	123,9250	115,8655	114,6678	31,9953	113,0405	43,8917	135,1052	95,2616	26,8626	0,0000	0,0000	0,0000	0,0000	0,0000	0,0000	0,0000	0,0000	0,0000	0,0000	609,6643	6693,3749	10,4526	89,1832	1641,7326	4,1792	2,0500	2,0800	1,5700	3,8900	3,8900	300,0000	150,0000	1300,0000	175,0000	175,0000	2,8000	0,4000	0,2300	0,3000	0,1800	0,6000	0,6000	6,5000	4,0904	38,2427	0,6751	0,7170	74,9593	126,9068	6645,7011	0,0000	0,0000	0,0000
82,0000	89,4381	50,9566	71,2115	22,7907	12,5803	17,0770	8,8414	10,2821	110,7684	122,5315	122,6341	121,3287	31,9580	114,7048	45,4505	135,3480	95,2633	27,7993	0,0000	0,0000	0,0000	0,0000	0,0000	0,0000	0,0000	0,0000	0,0000	0,0000	608,7158	6704,0972	10,4636	91,3777	1836,3335	4,4007	2,0500	2,0800	1,5700	3,8900	3,8900	300,0000	150,0000	1300,0000	175,0000	175,0000	2,8000	0,4000	0,2300	0,3000	0,1800	0,6000	0,6000	6,5000	4,0693	38,4814	0,6642	0,7214	74,9593	126,9068	6785,2415	0,0000	0,0000	0,0000
82,0000	90,8721	50,9014	72,6481	24,1604	12,8164	19,1325	10,3541	12,3689	113,0992	109,2714	122,8789	123,8370	31,9162	115,3892	45,4989	135,4463	96,5180	28,6967	0,0000	0,0000	0,0000	0,0000	0,0000	0,0000	0,0000	0,0000	0,0000	0,0000	639,3824	6685,3474	10,4770	53,7686	1773,2078	4,2873	2,0500	2,0800	1,5700	3,8900	3,8900	300,0000	150,0000	1300,0000	175,0000	175,0000	2,8000	0,4000	0,2300	0,3000	0,1800	0,6000	0,6000	14,0544	7,6328	39,9707	0,6641	0,7234	74,9593	126,9068	6844,7902	0,0000	0,0000	0,0000
82,0000	92,3990	52,5272	73,5754	25,7278	16,3740	20,7800	11,5140	14,5161	114,6821	95,9436	107,9207	108,0444	31,4420	116,6667	43,1251	122,1231	98,4182	30,1229	0,0000	0,0000	0,0000	0,0000	0,0000	0,0000	0,0000	0,0000	0,0000	0,0000	504,6687	6828,4918	10,4865	10,6766	1624,3294	4,0712	2,0500	2,0800	1,5700	3,8900	3,8900	300,0000	150,0000	1300,0000	175,0000	175,0000	2,8000	0,4000	0,2300	0,3000	0,1800	0,6000	0,6000	18,0876	11,3351	39,8718	0,6469	0,7305	74,9593	126,9068	6988,4312	0,0000	0,0000	0,0000
82,0000	92,0395	52,2175	72,7441	23,2706	12,6239	17,6187	9,6975	11,8636	115,7363	111,3502	96,3591	97,8706	31,9478	116,6667	40,1652	126,1683	98,2628	27,7190	0,0000	0,0000	0,0000	0,0000	0,0000	0,0000	0,0000	0,0000	0,0000	0,0000	514,5934	7221,8588	10,9406	36,4273	1359,7912	3,8023	2,0500	2,0800	1,5700	3,8900	3,8900	300,0000	150,0000	1300,0000	175,0000	175,0000	2,8000	0,4000	0,2300	0,3000	0,1800	0,6000	0,6000	6,5000	7,2379	39,8220	0,6817	0,7262	74,9593	126,9068	6946,9539	0,0000	0,0000	0,0000
82,0000	89,4525	51,1929	71,2706	21,9167	12,5013	16,5622	8,8147	10,1254	110,3566	123,9004	113,3495	112,2821	32,0013	112,8862	43,4462	134,9253	95,2736	26,5944	0,0000	0,0000	0,0000	0,0000	0,0000	0,0000	0,0000	0,0000	0,0000	0,0000	609,9842	6702,1677	10,4629	89,4071	1578,8796	4,1087	2,0500	2,0800	1,5700	3,8900	3,8900	300,0000	150,0000	1300,0000	175,0000	175,0000	2,8000	0,4000	0,2300	0,3000	0,1800	0,6000	0,6000	6,5000	4,1166	38,2596	0,6780	0,7165	74,9593	126,9068	6632,5620	0,0000	0,0000	0,0000
82,0000	89,3750	50,9654	71,1704	22,7545	12,5456	17,0463	8,8409	10,2560	110,5859	122,7070	122,5067	121,1450	31,9373	114,4863	45,3680	135,3832	95,1934	27,7556	0,0000	0,0000	0,0000	0,0000	0,0000	0,0000	0,0000	0,0000	0,0000	0,0000	607,9333	6689,7935	10,4466	91,0354	1830,0408	4,3933	2,0500	2,0800	1,5700	3,8900	3,8900	300,0000	150,0000	1300,0000	175,0000	175,0000	2,8000	0,4000	0,2300	0,3000	0,1800	0,6000	0,6000	6,5000	4,0693	38,4096	0,6649	0,7210	74,9593	126,9068	6769,0199	0,0000	0,0000	0,0000
82,0000	90,0301	50,8787	72,3671	23,2451	12,7913	18,7114	10,0695	11,9463	112,6879	111,9446	122,7184	123,7052	31,9988	115,1054	45,6525	135,4823	95,9136	27,9666	0,0000	0,0000	0,0000	0,0000	0,0000	0,0000	0,0000	0,0000	0,0000	0,0000	568,6545	6666,4391	10,3761	35,8909	1736,6094	4,2260	2,0500	2,0800	1,5700	3,8900	3,8900	300,0000	150,0000	1300,0000	175,0000	175,0000	2,8000	0,4000	0,2300	0,3000	0,1800	0,6000	0,6000	12,6087	6,8794	39,1514	0,6630	0,7220	74,9593	126,9068	6814,7472	0,0000	0,0000	0,0000
82,0000	92,1944	52,4448	73,4646	25,7096	16,0971	20,7763	11,4827	14,4174	114,3016	96,3956	110,8467	110,2330	31,4367	116,8390	43,4801	124,6199	98,1920	30,2052	0,0000	0,0000	0,0000	0,0000	0,0000	0,0000	0,0000	0,0000	0,0000	0,0000	505,7346	6783,2540	10,4368	11,4980	1682,8976	4,1381	2,0500	2,0800	1,5700	3,8900	3,8900	300,0000	150,0000	1300,0000	175,0000	175,0000	2,8000	0,4000	0,2300	0,3000	0,1800	0,6000	0,6000	19,1813	11,1747	39,7497	0,6511	0,7309	74,9593	126,9068	7002,9924	0,0000	0,0000	0,0000
82,0000	92,3962	52,4775	72,9878	23,9781	12,8039	18,1753	10,0151	12,3972	116,1163	108,1428	96,7218	98,8376	31,8419	116,8390	40,4653	123,4915	98,6469	28,4479	0,0000	0,0000	0,0000	0,0000	0,0000	0,0000	0,0000	0,0000	0,0000	0,0000	503,5210	7239,2986	10,9477	24,4391	1400,9683	3,8352	2,0500	2,0800	1,5700	3,8900	3,8900	300,0000	150,0000	1300,0000	175,0000	175,0000	2,8000	0,4000	0,2300	0,3000	0,1800	0,6000	0,6000	6,8521	8,0959	39,9187	0,6723	0,7275	74,9593	126,9068	6969,7664	0,0000	0,0000	0,0000
82,0000	89,4723	51,1621	71,2810	21,7212	12,6101	16,4779	8,8140	10,1560	110,5875	123,6843	110,4186	109,4585	32,0051	112,9551	42,9415	134,6509	95,3070	26,3152	0,0000	0,0000	0,0000	0,0000	0,0000	0,0000	0,0000	0,0000	0,0000	0,0000	610,6073	6720,7976	10,4845	90,1813	1509,8958	4,0319	2,0500	2,0800	1,5700	3,8900	3,8900	300,0000	150,0000	1300,0000	175,0000	175,0000	2,8000	0,4000	0,2300	0,3000	0,1800	0,6000	0,6000	6,5000	4,1724	38,3102	0,6811	0,7167	74,9593	126,9068	6637,9037	0,0000	0,0000	0,0000
82,0000	89,3447	50,9717	71,1522	22,7136	12,5160	17,0153	8,8397	10,2346	110,4900	122,8669	122,2664	120,8605	31,9289	114,3020	45,2748	135,3957	95,1592	27,7034	0,0000	0,0000	0,0000	0,0000	0,0000	0,0000	0,0000	0,0000	0,0000	0,0000	607,5931	6683,2542	10,4389	90,7405	1821,1689	4,3829	2,0500	2,0800	1,5700	3,8900	3,8900	300,0000	150,0000	1300,0000	175,0000	175,0000	2,8000	0,4000	0,2300	0,3000	0,1800	0,6000	0,6000	6,5000	4,0694	38,3730	0,6656	0,7207	74,9593	126,9068	6754,5932	0,0000	0,0000	0,0000
82,0000	89,9422	50,8702	72,0998	22,9325	12,7688	18,3260	9,7902	11,5602	112,2593	114,4687	122,6013	123,5363	32,1281	114,9758	45,7517	135,4959	95,8175	27,9538	0,0000	0,0000	0,0000	0,0000	0,0000	0,0000	0,0000	0,0000	0,0000	0,0000	594,8894	6667,3052	10,4066	65,4274	1736,3227	4,2589	2,0500	2,0800	1,5700	3,8900	3,8900	300,0000	150,0000	1300,0000	175,0000	175,0000	2,8000	0,4000	0,2300	0,3000	0,1800	0,6000	0,6000	11,2665	6,1828	39,0719	0,6623	0,7206	74,9593	126,9068	6793,5092	0,0000	0,0000	0,0000
82,0000	92,0481	52,3424	73,3806	25,6931	15,8036	20,7243	11,4108	14,2702	114,0928	97,2361	113,8629	112,8804	31,4599	116,9490	43,8849	127,2325	98,0270	30,2892	0,0000	0,0000	0,0000	0,0000	0,0000	0,0000	0,0000	0,0000	0,0000	0,0000	508,2343	6761,3939	10,4150	11,2873	1746,9100	4,2099	2,0500	2,0800	1,5700	3,8900	3,8900	300,0000	150,0000	1300,0000	175,0000	175,0000	2,8000	0,4000	0,2300	0,3000	0,1800	0,6000	0,6000	19,0671	10,9252	39,7057	0,6551	0,7310	74,9593	126,9068	7010,1101	0,0000	0,0000	0,0000
82,0000	92,7705	52,4861	73,2366	24,7184	13,1117	18,7421	10,3463	12,9300	116,3961	105,0479	97,2153	99,7465	31,7471	116,9490	40,9112	120,6483	99,0612	29,1715	0,0000	0,0000	0,0000	0,0000	0,0000	0,0000	0,0000	0,0000	0,0000	0,0000	460,0759	7237,0915	10,8963	2,3697	1435,8008	3,8496	2,0500	2,0800	1,5700	3,8900	3,8900	300,0000	150,0000	1300,0000	175,0000	175,0000	2,8000	0,4000	0,2300	0,3000	0,1800	0,6000	0,6000	8,3084	8,9320	40,2844	0,6609	0,7285	74,9593	126,9068	6986,5582	0,0000	0,0000	0,0000
82,0000	89,5489	51,1885	71,3271	21,5493	12,5815	16,4152	8,8253	10,2177	110,9340	123,1817	107,3124	106,4003	32,0144	113,2181	42,3901	134,2724	95,4152	26,0734	0,0000	0,0000	0,0000	0,0000	0,0000	0,0000	0,0000	0,0000	0,0000	0,0000	597,9804	6752,9486	10,5065	86,0642	1442,6318	3,9515	2,0500	2,0800	1,5700	3,8900	3,8900	300,0000	150,0000	1300,0000	175,0000	175,0000	2,8000	0,4000	0,2300	0,3000	0,1800	0,6000	0,6000	6,5000	4,2822	38,3603	0,6843	0,7172	74,9593	126,9068	6658,7041	0,0000	0,0000	0,0000
82,0000	89,3374	50,9871	71,1512	22,6647	12,4883	16,9808	8,8384	10,2146	110,4332	123,0203	121,9105	120,4703	31,9293	114,1240	45,1637	135,3997	95,1499	27,6393	0,0000	0,0000	0,0000	0,0000	0,0000	0,0000	0,0000	0,0000	0,0000	0,0000	607,5683	6681,0636	10,4364	90,4558	1809,3063	4,3693	2,0500	2,0800	1,5700	3,8900	3,8900	300,0000	150,0000	1300,0000	175,0000	175,0000	2,8000	0,4000	0,2300	0,3000	0,1800	0,6000	0,6000	6,5000	4,0696	38,3502	0,6664	0,7202	74,9593	126,9068	6739,9670	0,0000	0,0000	0,0000
82,0000	89,8640	50,8721	71,8972	22,9184	12,7460	17,9811	9,5246	11,2081	112,0485	116,7853	122,6196	123,3939	32,1045	114,9329	45,7433	135,5009	95,7319	27,9398	0,0000	0,0000	0,0000	0,0000	0,0000	0,0000	0,0000	0,0000	0,0000	0,0000	610,9287	6700,0358	10,4615	88,3270	1767,4722	4,3198	2,0500	2,0800	1,5700	3,8900	3,8900	300,0000	150,0000	1300,0000	175,0000	175,0000	2,8000	0,4000	0,2300	0,3000	0,1800	0,6000	0,6000	10,0328	5,5518	38,9920	0,6624	0,7207	74,9593	126,9068	6791,9293	0,0000	0,0000	0,0000
82,0000	91,9654	52,2721	73,3398	25,6569	15,4833	20,6307	11,3143	14,0837	113,9570	98,4225	116,7994	115,6258	31,5163	116,9320	44,3011	129,7982	97,9282	30,3461	0,0000	0,0000	0,0000	0,0000	0,0000	0,0000	0,0000	0,0000	0,0000	0,0000	526,7257	6755,2408	10,4289	3,4674	1807,8902	4,2697	2,0500	2,0800	1,5700	3,8900	3,8900	300,0000	150,0000	1300,0000	175,0000	175,0000	2,8000	0,4000	0,2300	0,3000	0,1800	0,6000	0,6000	18,8446	10,6101	39,6933	0,6587	0,7305	74,9593	126,9068	7004,0851	0,0000	0,0000	0,0000
82,0000	93,0317	52,5316	73,4521	25,3410	13,5582	19,2756	10,6593	13,4197	116,4972	102,2957	97,9437	100,8431	31,6561	116,9320	41,4351	117,8319	99,1582	29,4952	0,0000	0,0000	0,0000	0,0000	0,0000	0,0000	0,0000	0,0000	0,0000	0,0000	505,2422	7200,9697	10,9065	9,7592	1456,6709	3,8814	2,0500	2,0800	1,5700	3,8900	3,8900	300,0000	150,0000	1300,0000	175,0000	175,0000	2,8000	0,4000	0,2300	0,3000	0,1800	0,6000	0,6000	9,7647	9,6833	40,5001	0,6484	0,7293	74,9593	126,9068	6992,6254	0,0000	0,0000	0,0000
82,0000	89,7191	51,2915	71,4262	21,4533	12,5544	16,3959	8,8597	10,3232	111,4366	122,3260	104,2610	103,3683	32,0278	113,5994	41,8131	133,7352	95,6418	25,9372	0,0000	0,0000	0,0000	0,0000	0,0000	0,0000	0,0000	0,0000	0,0000	0,0000	586,3238	6803,8857	10,5507	82,8299	1385,2818	3,8833	2,0500	2,0800	1,5700	3,8900	3,8900	300,0000	150,0000	1300,0000	175,0000	175,0000	2,8000	0,4000	0,2300	0,3000	0,1800	0,6000	0,6000	6,5000	4,4766	38,4276	0,6873	0,7181	74,9593	126,9068	6688,8677	0,0000	0,0000	0,0000
82,0000	89,3463	51,0145	71,1629	22,6022	12,4617	16,9393	8,8364	10,1943	110,3926	123,1955	121,3826	119,9249	31,9363	113,9357	45,0222	135,3891	95,1581	27,5557	0,0000	0,0000	0,0000	0,0000	0,0000	0,0000	0,0000	0,0000	0,0000	0,0000	607,7746	6681,4446	10,4370	90,1557	1792,8979	4,3505	2,0500	2,0800	1,5700	3,8900	3,8900	300,0000	150,0000	1300,0000	175,0000	175,0000	2,8000	0,4000	0,2300	0,3000	0,1800	0,6000	0,6000	6,5000	4,0700	38,3318	0,6675	0,7197	74,9593	126,9068	6723,9541	0,0000	0,0000	0,0000
82,0000	89,7867	50,8819	71,7052	22,9016	12,7207	17,6765	9,2854	10,8954	111,8283	118,8122	122,6598	123,1231	32,0774	114,9930	45,7048	135,4917	95,6470	27,9224	0,0000	0,0000	0,0000	0,0000	0,0000	0,0000	0,0000	0,0000	0,0000	0,0000	613,1605	6735,1501	10,5036	92,8381	1803,0082	4,3649	2,0500	2,0800	1,5700	3,8900	3,8900	300,0000	150,0000	1300,0000	175,0000	175,0000	2,8000	0,4000	0,2300	0,3000	0,1800	0,6000	0,6000	8,9159	4,9986	38,9049	0,6627	0,7210	74,9593	126,9068	6799,0737	0,0000	0,0000	0,0000
82,0000	91,9133	52,1684	73,3133	25,5739	15,1218	20,4807	11,1908	13,8501	113,9284	99,9324	119,3977	118,3775	31,5974	116,7581	44,6847	132,0839	97,8583	30,3382	0,0000	0,0000	0,0000	0,0000	0,0000	0,0000	0,0000	0,0000	0,0000	0,0000	531,1164	6763,5155	10,4431	2,1108	1857,0911	4,3236	2,0500	2,0800	1,5700	3,8900	3,8900	300,0000	150,0000	1300,0000	175,0000	175,0000	2,8000	0,4000	0,2300	0,3000	0,1800	0,6000	0,6000	18,5052	10,2173	39,7449	0,6617	0,7294	74,9593	126,9068	6983,1808	0,0000	0,0000	0,0000
82,0000	93,0040	52,6135	73,6057	25,4878	14,1146	19,7622	10,9406	13,8454	116,3653	99,9661	99,1539	102,1353	31,5787	116,7581	41,8768	115,1712	99,1313	29,6907	0,0000	0,0000	0,0000	0,0000	0,0000	0,0000	0,0000	0,0000	0,0000	0,0000	490,7360	7138,2494	10,8196	2,5357	1477,6240	3,8969	2,0500	2,0800	1,5700	3,8900	3,8900	300,0000	150,0000	1300,0000	175,0000	175,0000	2,8000	0,4000	0,2300	0,3000	0,1800	0,6000	0,6000	11,2210	10,3238	40,3905	0,6364	0,7295	74,9593	126,9068	6984,7110	0,0000	0,0000	0,0000
82,0000	90,0366	51,4469	71,6024	21,4937	12,5311	16,4418	8,9288	10,4874	112,1738	121,0489	101,4111	100,6008	32,0472	114,1584	41,2337	132,9569	96,0360	25,9618	0,0000	0,0000	0,0000	0,0000	0,0000	0,0000	0,0000	0,0000	0,0000	0,0000	575,1601	6880,9657	10,6250	79,3966	1342,5192	3,8313	2,0500	2,0800	1,5700	3,8900	3,8900	300,0000	150,0000	1300,0000	175,0000	175,0000	2,8000	0,4000	0,2300	0,3000	0,1800	0,6000	0,6000	6,5000	4,7812	38,5896	0,6899	0,7193	74,9593	126,9068	6733,1179	0,0000	0,0000	0,0000
82,0000	89,3783	51,0618	71,1929	22,5198	12,4386	16,8878	8,8329	10,1738	110,3702	123,4013	120,5908	119,1440	31,9527	113,7368	44,8358	135,3527	95,1910	27,4432	0,0000	0,0000	0,0000	0,0000	0,0000	0,0000	0,0000	0,0000	0,0000	0,0000	608,3083	6685,1656	10,4418	89,8449	1769,6890	4,3240	2,0500	2,0800	1,5700	3,8900	3,8900	300,0000	150,0000	1300,0000	175,0000	175,0000	2,8000	0,4000	0,2300	0,3000	0,1800	0,6000	0,6000	6,5000	4,0709	38,3165	0,6687	0,7191	74,9593	126,9068	6706,2961	0,0000	0,0000	0,0000
82,0000	89,7122	50,9028	71,5314	22,8806	12,6920	17,4172	9,0791	10,6295	111,5916	120,4906	122,6786	122,6430	32,0518	115,1136	45,6564	135,4572	95,5649	27,8998	0,0000	0,0000	0,0000	0,0000	0,0000	0,0000	0,0000	0,0000	0,0000	0,0000	612,2085	6745,4685	10,5141	92,5303	1822,5992	4,3866	2,0500	2,0800	1,5700	3,8900	3,8900	300,0000	150,0000	1300,0000	175,0000	175,0000	2,8000	0,4000	0,2300	0,3000	0,1800	0,6000	0,6000	7,9308	4,5414	38,8094	0,6629	0,7216	74,9593	126,9068	6811,0724	0,0000	0,0000	0,0000
82,0000	91,8608	52,0046	73,2829	25,4223	14,6779	20,2732	11,0429	13,5720	113,9580	101,7497	121,4874	121,0024	31,6964	116,5147	45,0122	133,9409	97,7813	30,2347	0,0000	0,0000	0,0000	0,0000	0,0000	0,0000	0,0000	0,0000	0,0000	0,0000	550,6547	6777,6394	10,4810	7,0212	1888,1692	4,3641	2,0500	2,0800	1,5700	3,8900	3,8900	300,0000	150,0000	1300,0000	175,0000	175,0000	2,8000	0,4000	0,2300	0,3000	0,1800	0,6000	0,6000	17,6497	9,7444	39,8561	0,6639	0,7280	74,9593	126,9068	6955,1033	0,0000	0,0000	0,0000
82,0000	92,9653	52,6585	73,7036	25,6326	14,7312	20,1695	11,1760	14,1783	116,0634	98,1556	100,7648	103,4538	31,5563	116,5147	42,2087	115,9686	99,0923	29,8830	0,0000	0,0000	0,0000	0,0000	0,0000	0,0000	0,0000	0,0000	0,0000	0,0000	482,7280	7060,7669	10,7233	12,7792	1501,2420	3,9350	2,0500	2,0800	1,5700	3,8900	3,8900	300,0000	150,0000	1300,0000	175,0000	175,0000	2,8000	0,4000	0,2300	0,3000	0,1800	0,6000	0,6000	13,0615	10,8237	40,3068	0,6360	0,7292	74,9593	126,9068	6966,5911	0,0000	0,0000	0,0000
82,0000	90,4981	51,6270	71,8524	21,7117	12,5142	16,5717	9,0423	10,7165	113,0995	119,3201	99,0346	98,4431	32,0621	114,8509	40,7054	131,8697	96,5753	26,1676	0,0000	0,0000	0,0000	0,0000	0,0000	0,0000	0,0000	0,0000	0,0000	0,0000	562,3991	6978,0355	10,7199	73,4736	1318,4072	3,7975	2,0500	2,0800	1,5700	3,8900	3,8900	300,0000	150,0000	1300,0000	175,0000	175,0000	2,8000	0,4000	0,2300	0,3000	0,1800	0,6000	0,6000	6,5000	5,2091	38,8710	0,6913	0,7208	74,9593	126,9068	6788,6815	0,0000	0,0000	0,0000
82,0000	89,4168	51,1225	71,2289	22,4117	12,4209	16,8232	8,8282	10,1526	110,3393	123,6252	119,4617	118,0613	31,9725	113,5149	44,5916	135,2929	95,2311	27,2938	0,0000	0,0000	0,0000	0,0000	0,0000	0,0000	0,0000	0,0000	0,0000	0,0000	608,9539	6689,3056	10,4472	89,5406	1737,8248	4,2878	2,0500	2,0800	1,5700	3,8900	3,8900	300,0000	150,0000	1300,0000	175,0000	175,0000	2,8000	0,4000	0,2300	0,3000	0,1800	0,6000	0,6000	6,5000	4,0731	38,2942	0,6704	0,7183	74,9593	126,9068	6686,4778	0,0000	0,0000	0,0000
82,0000	89,6299	50,9274	71,3808	22,8546	12,6584	17,2157	8,9184	10,4234	111,3268	121,7238	122,6816	121,9684	32,0236	115,1628	45,5968	135,3997	95,4744	27,8713	0,0000	0,0000	0,0000	0,0000	0,0000	0,0000	0,0000	0,0000	0,0000	0,0000	611,1632	6741,7595	10,5088	92,1729	1835,5723	4,4008	2,0500	2,0800	1,5700	3,8900	3,8900	300,0000	150,0000	1300,0000	175,0000	175,0000	2,8000	0,4000	0,2300	0,3000	0,1800	0,6000	0,6000	7,1054	4,2107	38,7025	0,6632	0,7219	74,9593	126,9068	6817,4076	0,0000	0,0000	0,0000
82,0000	91,7256	51,7242	73,1936	25,1653	14,0563	19,9945	10,8748	13,2468	113,8966	103,8641	122,7749	123,0053	31,7905	116,1873	45,2457	135,1169	97,6039	29,9810	0,0000	0,0000	0,0000	0,0000	0,0000	0,0000	0,0000	0,0000	0,0000	0,0000	569,4272	6779,1706	10,5039	16,6868	1888,9223	4,3758	2,0500	2,0800	1,5700	3,8900	3,8900	300,0000	150,0000	1300,0000	175,0000	175,0000	2,8000	0,4000	0,2300	0,3000	0,1800	0,6000	0,6000	16,7196	9,1828	40,0014	0,6651	0,7264	74,9593	126,9068	6920,5397	0,0000	0,0000	0,0000
82,0000	92,8951	52,6545	73,7348	25,7681	15,3802	20,4741	11,3512	14,4009	115,6626	96,8956	102,6993	104,8465	31,5222	116,1873	42,5256	117,7015	98,9627	30,0093	0,0000	0,0000	0,0000	0,0000	0,0000	0,0000	0,0000	0,0000	0,0000	0,0000	495,3185	6980,1155	10,6467	9,2014	1531,7598	3,9653	2,0500	2,0800	1,5700	3,8900	3,8900	300,0000	150,0000	1300,0000	175,0000	175,0000	2,8000	0,4000	0,2300	0,3000	0,1800	0,6000	0,6000	14,8171	11,1592	40,2405	0,6387	0,7287	74,9593	126,9068	6942,5336	0,0000	0,0000	0,0000
82,0000	91,0316	51,8219	72,1450	22,0994	12,5109	16,8015	9,2057	11,0136	114,0723	117,1282	97,3951	97,2300	32,0556	115,5565	40,3091	130,4242	97,1716	26,5412	0,0000	0,0000	0,0000	0,0000	0,0000	0,0000	0,0000	0,0000	0,0000	0,0000	545,6183	7076,7330	10,8121	63,2527	1314,7613	3,7819	2,0500	2,0800	1,5700	3,8900	3,8900	300,0000	150,0000	1300,0000	175,0000	175,0000	2,8000	0,4000	0,2300	0,3000	0,1800	0,6000	0,6000	6,5000	5,7610	39,2097	0,6909	0,7226	74,9593	126,9068	6847,0764	0,0000	0,0000	0,0000
82,0000	89,4393	51,1742	71,2533	22,2759	12,4126	16,7454	8,8231	10,1326	110,2915	123,8214	117,9386	116,6219	31,9870	113,2749	44,2843	135,2142	95,2544	27,1044	0,0000	0,0000	0,0000	0,0000	0,0000	0,0000	0,0000	0,0000	0,0000	0,0000	609,4067	6691,3179	10,4500	89,2808	1696,3840	4,2408	2,0500	2,0800	1,5700	3,8900	3,8900	300,0000	150,0000	1300,0000	175,0000	175,0000	2,8000	0,4000	0,2300	0,3000	0,1800	0,6000	0,6000	6,5000	4,0782	38,2651	0,6725	0,7176	74,9593	126,9068	6665,6041	0,0000	0,0000	0,0000
82,0000	89,5353	50,9455	71,2764	22,8246	12,6206	17,1089	8,8415	10,3139	111,0433	122,3318	122,6720	121,4337	31,9912	114,9647	45,5280	135,3239	95,3702	27,8379	0,0000	0,0000	0,0000	0,0000	0,0000	0,0000	0,0000	0,0000	0,0000	0,0000	609,9549	6726,4687	10,4902	91,7804	1840,7343	4,4061	2,0500	2,0800	1,5700	3,8900	3,8900	300,0000	150,0000	1300,0000	175,0000	175,0000	2,8000	0,4000	0,2300	0,3000	0,1800	0,6000	0,6000	6,5000	4,0693	38,5897	0,6636	0,7217	74,9593	126,9068	6803,8297	0,0000	0,0000	0,0000
82,0000	91,3925	51,1959	72,9558	24,7543	12,9391	19,5991	10,6539	12,8418	113,5449	106,3833	123,0009	123,7859	31,8498	115,7637	45,3528	135,3895	97,1907	29,4963	0,0000	0,0000	0,0000	0,0000	0,0000	0,0000	0,0000	0,0000	0,0000	0,0000	599,6876	6743,0477	10,4973	33,3043	1844,8932	4,3450	2,0500	2,0800	1,5700	3,8900	3,8900	300,0000	150,0000	1300,0000	175,0000	175,0000	2,8000	0,4000	0,2300	0,3000	0,1800	0,6000	0,6000	15,6720	8,4731	40,1966	0,6650	0,7249	74,9593	126,9068	6880,9410	0,0000	0,0000	0,0000
82,0000	92,6417	52,5989	73,6713	25,7572	16,0582	20,6746	11,4659	14,5101	115,1618	96,1313	105,0735	106,3447	31,4653	116,1801	42,8168	119,7312	98,6847	30,0513	0,0000	0,0000	0,0000	0,0000	0,0000	0,0000	0,0000	0,0000	0,0000	0,0000	491,0682	6898,5600	10,5501	13,3831	1572,7383	4,0162	2,0500	2,0800	1,5700	3,8900	3,8900	300,0000	150,0000	1300,0000	175,0000	175,0000	2,8000	0,4000	0,2300	0,3000	0,1800	0,6000	0,6000	16,4700	11,3304	40,0427	0,6424	0,7292	74,9593	126,9068	6946,6162	0,0000	0,0000	0,0000
82,0000	91,5494	52,0040	72,4398	22,6165	12,5343	17,1394	9,4209	11,3832	114,9778	114,4805	96,5324	97,0692	32,0164	116,1801	40,1061	128,5782	97,7350	27,0524	0,0000	0,0000	0,0000	0,0000	0,0000	0,0000	0,0000	0,0000	0,0000	0,0000	524,0055	7161,0829	10,8827	48,5993	1328,8273	3,7812	2,0500	2,0800	1,5700	3,8900	3,8900	300,0000	150,0000	1300,0000	175,0000	175,0000	2,8000	0,4000	0,2300	0,3000	0,1800	0,6000	0,6000	6,5000	6,4294	39,5454	0,6881	0,7244	74,9593	126,9068	6901,4284	0,0000	0,0000	0,0000
82,0000	89,4323	51,1956	71,2539	22,1113	12,4294	16,6564	8,8188	10,1182	110,2456	123,9259	115,9698	114,7642	31,9903	113,0347	43,9076	135,1127	95,2472	26,8727	0,0000	0,0000	0,0000	0,0000	0,0000	0,0000	0,0000	0,0000	0,0000	0,0000	609,4769	6691,0141	10,4497	89,1621	1644,2860	4,1820	2,0500	2,0800	1,5700	3,8900	3,8900	300,0000	150,0000	1300,0000	175,0000	175,0000	2,8000	0,4000	0,2300	0,3000	0,1800	0,6000	0,6000	6,5000	4,0896	38,2367	0,6750	0,7170	74,9593	126,9068	6645,6387	0,0000	0,0000	0,0000
82,0000	89,4312	50,9504	71,2060	22,7914	12,5805	17,0773	8,8413	10,2820	110,7641	122,5249	122,6416	121,3373	31,9554	114,7042	45,4523	135,3467	95,2559	27,8003	0,0000	0,0000	0,0000	0,0000	0,0000	0,0000	0,0000	0,0000	0,0000	0,0000	608,6186	6703,2212	10,4625	91,3782	1836,5691	4,4010	2,0500	2,0800	1,5700	3,8900	3,8900	300,0000	150,0000	1300,0000	175,0000	175,0000	2,8000	0,4000	0,2300	0,3000	0,1800	0,6000	0,6000	6,5000	4,0693	38,4808	0,6642	0,7214	74,9593	126,9068	6785,4071	0,0000	0,0000	0,0000
82,0000	90,8911	50,8979	72,6547	24,1901	12,8165	19,1509	10,3665	12,3872	113,1066	109,1518	122,8879	123,8422	31,9102	115,3957	45,4911	135,4450	96,5451	28,7401	0,0000	0,0000	0,0000	0,0000	0,0000	0,0000	0,0000	0,0000	0,0000	0,0000	639,4378	6685,6537	10,4774	53,8909	1775,7742	4,2903	2,0500	2,0800	1,5700	3,8900	3,8900	300,0000	150,0000	1300,0000	175,0000	175,0000	2,8000	0,4000	0,2300	0,3000	0,1800	0,6000	0,6000	14,1203	7,6671	39,9932	0,6641	0,7235	74,9593	126,9068	6845,8119	0,0000	0,0000	0,0000
82,0000	92,4026	52,5269	73,5752	25,7282	16,3850	20,7772	11,5134	14,5174	114,6931	95,9375	107,7977	107,9682	31,4404	116,6478	43,1095	122,0174	98,4223	30,1190	0,0000	0,0000	0,0000	0,0000	0,0000	0,0000	0,0000	0,0000	0,0000	0,0000	504,6523	6830,1025	10,4883	10,5236	1622,0204	4,0684	2,0500	2,0800	1,5700	3,8900	3,8900	300,0000	150,0000	1300,0000	175,0000	175,0000	2,8000	0,4000	0,2300	0,3000	0,1800	0,6000	0,6000	18,0217	11,3385	39,8757	0,6467	0,7305	74,9593	126,9068	6987,0108	0,0000	0,0000	0,0000
82,0000	92,0172	52,2046	72,7291	23,2404	12,6177	17,5955	9,6847	11,8408	115,7072	111,4874	96,3517	97,8217	31,9501	116,6478	40,1555	126,2780	98,2388	27,6878	0,0000	0,0000	0,0000	0,0000	0,0000	0,0000	0,0000	0,0000	0,0000	0,0000	514,9975	7219,6017	10,9385	36,9600	1358,1104	3,8011	2,0500	2,0800	1,5700	3,8900	3,8900	300,0000	150,0000	1300,0000	175,0000	175,0000	2,8000	0,4000	0,2300	0,3000	0,1800	0,6000	0,6000	6,5000	7,2018	39,8126	0,6820	0,7261	74,9593	126,9068	6945,2119	0,0000	0,0000	0,0000
82,0000	89,4476	51,1919	71,2669	21,9247	12,4960	16,5656	8,8147	10,1240	110,3430	123,9049	113,4706	112,3969	31,9995	112,8860	43,4661	134,9343	95,2680	26,6062	0,0000	0,0000	0,0000	0,0000	0,0000	0,0000	0,0000	0,0000	0,0000	0,0000	609,9053	6700,8534	10,4613	89,3796	1581,7956	4,1119	2,0500	2,0800	1,5700	3,8900	3,8900	300,0000	150,0000	1300,0000	175,0000	175,0000	2,8000	0,4000	0,2300	0,3000	0,1800	0,6000	0,6000	6,5000	4,1150	38,2557	0,6779	0,7165	74,9593	126,9068	6632,6973	0,0000	0,0000	0,0000
82,0000	89,3732	50,9629	71,1687	22,7558	12,5465	17,0472	8,8408	10,2565	110,5867	122,6997	122,5148	121,1549	31,9365	114,4909	45,3709	135,3813	95,1915	27,7573	0,0000	0,0000	0,0000	0,0000	0,0000	0,0000	0,0000	0,0000	0,0000	0,0000	607,9053	6689,6357	10,4464	91,0427	1830,3429	4,3936	2,0500	2,0800	1,5700	3,8900	3,8900	300,0000	150,0000	1300,0000	175,0000	175,0000	2,8000	0,4000	0,2300	0,3000	0,1800	0,6000	0,6000	6,5000	4,0693	38,4102	0,6649	0,7211	74,9593	126,9068	6769,4545	0,0000	0,0000	0,0000
82,0000	90,0712	50,8776	72,3766	23,2971	12,7919	18,7288	10,0818	11,9636	112,7017	111,8299	122,7258	123,7124	31,9932	115,1115	45,6452	135,4805	95,9150	27,9668	0,0000	0,0000	0,0000	0,0000	0,0000	0,0000	0,0000	0,0000	0,0000	0,0000	567,4398	6666,2598	10,3745	34,1148	1737,3726	4,2248	2,0500	2,0800	1,5700	3,8900	3,8900	300,0000	150,0000	1300,0000	175,0000	175,0000	2,8000	0,4000	0,2300	0,3000	0,1800	0,6000	0,6000	12,6701	6,9113	39,1936	0,6631	0,7221	74,9593	126,9068	6815,6988	0,0000	0,0000	0,0000
82,0000	92,1996	52,4471	73,4671	25,7098	16,1093	20,7775	11,4851	14,4228	114,3116	96,3658	110,7146	110,1193	31,4354	116,8299	43,4624	124,5055	98,1978	30,2009	0,0000	0,0000	0,0000	0,0000	0,0000	0,0000	0,0000	0,0000	0,0000	0,0000	505,6157	6784,3150	10,4378	11,5009	1680,0893	4,1349	2,0500	2,0800	1,5700	3,8900	3,8900	300,0000	150,0000	1300,0000	175,0000	175,0000	2,8000	0,4000	0,2300	0,3000	0,1800	0,6000	0,6000	19,1839	11,1843	39,7525	0,6509	0,7309	74,9593	126,9068	7002,3463	0,0000	0,0000	0,0000
82,0000	92,3781	52,4613	72,9749	23,9456	12,7933	18,1496	10,0002	12,3729	116,0988	108,2843	96,7022	98,8008	31,8456	116,8299	40,4477	123,6127	98,6273	28,4149	0,0000	0,0000	0,0000	0,0000	0,0000	0,0000	0,0000	0,0000	0,0000	0,0000	503,9784	7238,4019	10,9472	24,9283	1399,1099	3,8337	2,0500	2,0800	1,5700	3,8900	3,8900	300,0000	150,0000	1300,0000	175,0000	175,0000	2,8000	0,4000	0,2300	0,3000	0,1800	0,6000	0,6000	6,7881	8,0577	39,9168	0,6728	0,7274	74,9593	126,9068	6968,7138	0,0000	0,0000	0,0000
82,0000	89,4685	51,1615	71,2784	21,7293	12,6111	16,4810	8,8138	10,1538	110,5724	123,6993	110,5517	109,5880	32,0041	112,9431	42,9641	134,6638	95,3021	26,3267	0,0000	0,0000	0,0000	0,0000	0,0000	0,0000	0,0000	0,0000	0,0000	0,0000	610,5360	6719,4249	10,4829	90,1298	1512,9210	4,0352	2,0500	2,0800	1,5700	3,8900	3,8900	300,0000	150,0000	1300,0000	175,0000	175,0000	2,8000	0,4000	0,2300	0,3000	0,1800	0,6000	0,6000	6,5000	4,1690	38,3071	0,6810	0,7166	74,9593	126,9068	6636,9996	0,0000	0,0000	0,0000
82,0000	89,3437	50,9703	71,1513	22,7152	12,5170	17,0165	8,8397	10,2352	110,4908	122,8602	122,2785	120,8742	31,9284	114,3077	45,2787	135,3945	95,1582	27,7056	0,0000	0,0000	0,0000	0,0000	0,0000	0,0000	0,0000	0,0000	0,0000	0,0000	607,5766	6683,1605	10,4387	90,7495	1821,5848	4,3834	2,0500	2,0800	1,5700	3,8900	3,8900	300,0000	150,0000	1300,0000	175,0000	175,0000	2,8000	0,4000	0,2300	0,3000	0,1800	0,6000	0,6000	6,5000	4,0694	38,3734	0,6656	0,7207	74,9593	126,9068	6755,1017	0,0000	0,0000	0,0000
82,0000	89,9442	50,8695	72,1088	22,9329	12,7696	18,3419	9,8022	11,5762	112,2709	114,3616	122,6026	123,5418	32,1254	114,9779	45,7495	135,4946	95,8197	27,9541	0,0000	0,0000	0,0000	0,0000	0,0000	0,0000	0,0000	0,0000	0,0000	0,0000	594,0658	6666,3278	10,4046	64,4580	1735,6100	4,2570	2,0500	2,0800	1,5700	3,8900	3,8900	300,0000	150,0000	1300,0000	175,0000	175,0000	2,8000	0,4000	0,2300	0,3000	0,1800	0,6000	0,6000	11,3233	6,2121	39,0747	0,6624	0,7206	74,9593	126,9068	6793,9024	0,0000	0,0000	0,0000
82,0000	92,0518	52,3453	73,3822	25,6938	15,8168	20,7272	11,4144	14,2772	114,0987	97,1919	113,7295	112,7602	31,4576	116,9446	43,8659	127,1159	98,0313	30,2854	0,0000	0,0000	0,0000	0,0000	0,0000	0,0000	0,0000	0,0000	0,0000	0,0000	508,0835	6761,8015	10,4153	11,3071	1744,0512	4,2067	2,0500	2,0800	1,5700	3,8900	3,8900	300,0000	150,0000	1300,0000	175,0000	175,0000	2,8000	0,4000	0,2300	0,3000	0,1800	0,6000	0,6000	19,0743	10,9375	39,7064	0,6549	0,7310	74,9593	126,9068	7009,9268	0,0000	0,0000	0,0000
82,0000	92,7526	52,4845	73,2252	24,6854	13,0950	18,7176	10,3320	12,9071	116,3852	105,1776	97,1893	99,7019	31,7506	116,9446	40,8889	120,7732	99,0375	29,1407	0,0000	0,0000	0,0000	0,0000	0,0000	0,0000	0,0000	0,0000	0,0000	0,0000	460,5202	7237,7872	10,8976	2,7049	1434,6173	3,8486	2,0500	2,0800	1,5700	3,8900	3,8900	300,0000	150,0000	1300,0000	175,0000	175,0000	2,8000	0,4000	0,2300	0,3000	0,1800	0,6000	0,6000	8,2444	8,8968	40,2681	0,6614	0,7285	74,9593	126,9068	6985,9028	0,0000	0,0000	0,0000
82,0000	89,5427	51,1852	71,3232	21,5555	12,5826	16,4170	8,8244	10,2140	110,9144	123,2106	107,4487	106,5355	32,0135	113,2028	42,4147	134,2912	95,4071	26,0822	0,0000	0,0000	0,0000	0,0000	0,0000	0,0000	0,0000	0,0000	0,0000	0,0000	597,8696	6751,0014	10,5042	85,9740	1445,4182	3,9545	2,0500	2,0800	1,5700	3,8900	3,8900	300,0000	150,0000	1300,0000	175,0000	175,0000	2,8000	0,4000	0,2300	0,3000	0,1800	0,6000	0,6000	6,5000	4,2758	38,3575	0,6842	0,7172	74,9593	126,9068	6657,5275	0,0000	0,0000	0,0000
82,0000	89,3363	50,9857	71,1501	22,6669	12,4893	16,9823	8,8384	10,2154	110,4339	123,0133	121,9288	120,4897	31,9287	114,1308	45,1688	135,3991	95,1489	27,6423	0,0000	0,0000	0,0000	0,0000	0,0000	0,0000	0,0000	0,0000	0,0000	0,0000	607,5502	6680,9414	10,4362	90,4664	1809,8911	4,3699	2,0500	2,0800	1,5700	3,8900	3,8900	300,0000	150,0000	1300,0000	175,0000	175,0000	2,8000	0,4000	0,2300	0,3000	0,1800	0,6000	0,6000	6,5000	4,0696	38,3507	0,6664	0,7202	74,9593	126,9068	6740,5682	0,0000	0,0000	0,0000
82,0000	89,8665	50,8713	71,9052	22,9190	12,7469	17,9953	9,5357	11,2226	112,0566	116,6891	122,6171	123,4013	32,1053	114,9312	45,7446	135,5003	95,7346	27,9403	0,0000	0,0000	0,0000	0,0000	0,0000	0,0000	0,0000	0,0000	0,0000	0,0000	609,9680	6697,9445	10,4581	86,9968	1765,4763	4,3160	2,0500	2,0800	1,5700	3,8900	3,8900	300,0000	150,0000	1300,0000	175,0000	175,0000	2,8000	0,4000	0,2300	0,3000	0,1800	0,6000	0,6000	10,0846	5,5780	38,9952	0,6624	0,7207	74,9593	126,9068	6791,7218	0,0000	0,0000	0,0000
82,0000	91,9674	52,2753	73,3405	25,6592	15,4980	20,6358	11,3190	14,0927	113,9593	98,3637	116,6760	115,5051	31,5130	116,9354	44,2830	129,6898	97,9308	30,3446	0,0000	0,0000	0,0000	0,0000	0,0000	0,0000	0,0000	0,0000	0,0000	0,0000	526,5376	6755,0415	10,4284	3,5157	1805,4008	4,2670	2,0500	2,0800	1,5700	3,8900	3,8900	300,0000	150,0000	1300,0000	175,0000	175,0000	2,8000	0,4000	0,2300	0,3000	0,1800	0,6000	0,6000	18,8567	10,6255	39,6921	0,6585	0,7305	74,9593	126,9068	7004,6398	0,0000	0,0000	0,0000
82,0000	93,0312	52,5284	73,4433	25,3347	13,5358	19,2530	10,6461	13,3993	116,4966	102,4083	97,9032	100,7902	31,6599	116,9354	41,4117	117,9522	99,1576	29,4869	0,0000	0,0000	0,0000	0,0000	0,0000	0,0000	0,0000	0,0000	0,0000	0,0000	506,0326	7203,0497	10,9097	10,3964	1455,8365	3,8812	2,0500	2,0800	1,5700	3,8900	3,8900	300,0000	150,0000	1300,0000	175,0000	175,0000	2,8000	0,4000	0,2300	0,3000	0,1800	0,6000	0,6000	9,7007	9,6524	40,5029	0,6489	0,7293	74,9593	126,9068	6992,5908	0,0000	0,0000	0,0000
82,0000	89,7083	51,2853	71,4199	21,4549	12,5554	16,3954	8,8575	10,3173	111,4092	122,3721	104,3908	103,4968	32,0269	113,5785	41,8384	133,7627	95,6279	25,9400	0,0000	0,0000	0,0000	0,0000	0,0000	0,0000	0,0000	0,0000	0,0000	0,0000	586,1681	6801,0413	10,5474	82,7192	1387,4945	3,8857	2,0500	2,0800	1,5700	3,8900	3,8900	300,0000	150,0000	1300,0000	175,0000	175,0000	2,8000	0,4000	0,2300	0,3000	0,1800	0,6000	0,6000	6,5000	4,4659	38,4230	0,6872	0,7180	74,9593	126,9068	6687,2277	0,0000	0,0000	0,0000
82,0000	89,3449	51,0126	71,1616	22,6052	12,4628	16,9413	8,8365	10,1951	110,3933	123,1872	121,4102	119,9527	31,9356	113,9435	45,0290	135,3896	95,1566	27,5598	0,0000	0,0000	0,0000	0,0000	0,0000	0,0000	0,0000	0,0000	0,0000	0,0000	607,7513	6681,2727	10,4368	90,1679	1793,7303	4,3514	2,0500	2,0800	1,5700	3,8900	3,8900	300,0000	150,0000	1300,0000	175,0000	175,0000	2,8000	0,4000	0,2300	0,3000	0,1800	0,6000	0,6000	6,5000	4,0700	38,3323	0,6674	0,7197	74,9593	126,9068	6724,6495	0,0000	0,0000	0,0000
82,0000	89,7896	50,8809	71,7129	22,9023	12,7218	17,6890	9,2953	10,9081	111,8376	118,7300	122,6581	123,1388	32,0784	114,9880	45,7064	135,4922	95,6501	27,9232	0,0000	0,0000	0,0000	0,0000	0,0000	0,0000	0,0000	0,0000	0,0000	0,0000	613,1963	6734,1421	10,5025	92,8496	1801,8525	4,3636	2,0500	2,0800	1,5700	3,8900	3,8900	300,0000	150,0000	1300,0000	175,0000	175,0000	2,8000	0,4000	0,2300	0,3000	0,1800	0,6000	0,6000	8,9623	5,0211	38,9086	0,6627	0,7210	74,9593	126,9068	6798,5831	0,0000	0,0000	0,0000
82,0000	91,9148	52,1737	73,3141	25,5787	15,1388	20,4885	11,1969	13,8614	113,9273	99,8589	119,2924	118,2544	31,5932	116,7669	44,6686	131,9907	97,8606	30,3402	0,0000	0,0000	0,0000	0,0000	0,0000	0,0000	0,0000	0,0000	0,0000	0,0000	530,9044	6762,8608	10,4422	2,1821	1855,2118	4,3216	2,0500	2,0800	1,5700	3,8900	3,8900	300,0000	150,0000	1300,0000	175,0000	175,0000	2,8000	0,4000	0,2300	0,3000	0,1800	0,6000	0,6000	18,5227	10,2364	39,7411	0,6616	0,7294	74,9593	126,9068	6984,2446	0,0000	0,0000	0,0000
82,0000	93,0051	52,6087	73,6001	25,4812	14,0884	19,7419	10,9289	13,8282	116,3763	100,0588	99,0870	102,0758	31,5795	116,7669	41,8627	115,2837	99,1323	29,6818	0,0000	0,0000	0,0000	0,0000	0,0000	0,0000	0,0000	0,0000	0,0000	0,0000	491,1095	7141,4108	10,8235	2,0056	1476,5595	3,8951	2,0500	2,0800	1,5700	3,8900	3,8900	300,0000	150,0000	1300,0000	175,0000	175,0000	2,8000	0,4000	0,2300	0,3000	0,1800	0,6000	0,6000	11,1570	10,2982	40,3964	0,6369	0,7296	74,9593	126,9068	6985,3682	0,0000	0,0000	0,0000
82,0000	90,0186	51,4395	71,5924	21,4885	12,5319	16,4382	8,9249	10,4787	112,1346	121,1144	101,5311	100,7142	32,0460	114,1286	41,2588	132,9972	96,0144	25,9571	0,0000	0,0000	0,0000	0,0000	0,0000	0,0000	0,0000	0,0000	0,0000	0,0000	575,0020	6876,8859	10,6202	79,3397	1344,0876	3,8330	2,0500	2,0800	1,5700	3,8900	3,8900	300,0000	150,0000	1300,0000	175,0000	175,0000	2,8000	0,4000	0,2300	0,3000	0,1800	0,6000	0,6000	6,5000	4,7653	38,5791	0,6898	0,7192	74,9593	126,9068	6730,7662	0,0000	0,0000	0,0000
82,0000	89,3760	51,0590	71,1909	22,5239	12,4394	16,8903	8,8330	10,1747	110,3703	123,3916	120,6325	119,1844	31,9516	113,7453	44,8451	135,3548	95,1886	27,4489	0,0000	0,0000	0,0000	0,0000	0,0000	0,0000	0,0000	0,0000	0,0000	0,0000	608,2717	6684,8651	10,4415	89,8574	1770,8815	4,3253	2,0500	2,0800	1,5700	3,8900	3,8900	300,0000	150,0000	1300,0000	175,0000	175,0000	2,8000	0,4000	0,2300	0,3000	0,1800	0,6000	0,6000	6,5000	4,0709	38,3169	0,6687	0,7191	74,9593	126,9068	6707,0860	0,0000	0,0000	0,0000
82,0000	89,7150	50,9014	71,5382	22,8815	12,6933	17,4274	9,0873	10,6400	111,6019	120,4252	122,6782	122,6688	32,0527	115,1079	45,6587	135,4591	95,5681	27,9009	0,0000	0,0000	0,0000	0,0000	0,0000	0,0000	0,0000	0,0000	0,0000	0,0000	612,2445	6745,3113	10,5140	92,5441	1821,9303	4,3858	2,0500	2,0800	1,5700	3,8900	3,8900	300,0000	150,0000	1300,0000	175,0000	175,0000	2,8000	0,4000	0,2300	0,3000	0,1800	0,6000	0,6000	7,9710	4,5591	38,8137	0,6629	0,7215	74,9593	126,9068	6810,5190	0,0000	0,0000	0,0000
82,0000	91,8635	52,0135	73,2845	25,4307	14,7002	20,2835	11,0498	13,5850	113,9564	101,6639	121,4096	120,8968	31,6918	116,5265	44,9993	133,8711	97,7854	30,2418	0,0000	0,0000	0,0000	0,0000	0,0000	0,0000	0,0000	0,0000	0,0000	0,0000	550,4361	6777,0345	10,4801	6,9231	1887,3205	4,3631	2,0500	2,0800	1,5700	3,8900	3,8900	300,0000	150,0000	1300,0000	175,0000	175,0000	2,8000	0,4000	0,2300	0,3000	0,1800	0,6000	0,6000	17,6890	9,7668	39,8501	0,6639	0,7280	74,9593	126,9068	6956,4504	0,0000	0,0000	0,0000
82,0000	92,9671	52,6578	73,7002	25,6263	14,7033	20,1536	11,1669	14,1659	116,0782	98,2232	100,6881	103,3942	31,5573	116,5265	42,1942	115,8979	99,0941	29,8747	0,0000	0,0000	0,0000	0,0000	0,0000	0,0000	0,0000	0,0000	0,0000	0,0000	482,7523	7064,3429	10,7274	12,7685	1500,1392	3,9337	2,0500	2,0800	1,5700	3,8900	3,8900	300,0000	150,0000	1300,0000	175,0000	175,0000	2,8000	0,4000	0,2300	0,3000	0,1800	0,6000	0,6000	12,9820	10,8052	40,3093	0,6359	0,7292	74,9593	126,9068	6967,4762	0,0000	0,0000	0,0000
82,0000	90,4754	51,6187	71,8401	21,6982	12,5147	16,5639	9,0363	10,7050	113,0568	119,4057	99,1240	98,5191	32,0617	114,8193	40,7262	131,9245	96,5495	26,1547	0,0000	0,0000	0,0000	0,0000	0,0000	0,0000	0,0000	0,0000	0,0000	0,0000	562,3594	6973,5654	10,7148	73,5771	1319,0139	3,7983	2,0500	2,0800	1,5700	3,8900	3,8900	300,0000	150,0000	1300,0000	175,0000	175,0000	2,8000	0,4000	0,2300	0,3000	0,1800	0,6000	0,6000	6,5000	5,1877	38,8566	0,6913	0,7208	74,9593	126,9068	6786,1203	0,0000	0,0000	0,0000
82,0000	89,4150	51,1197	71,2273	22,4170	12,4214	16,8263	8,8284	10,1535	110,3406	123,6155	119,5192	118,1158	31,9716	113,5248	44,6035	135,2958	95,2292	27,3012	0,0000	0,0000	0,0000	0,0000	0,0000	0,0000	0,0000	0,0000	0,0000	0,0000	608,9235	6689,1090	10,4470	89,5529	1739,4192	4,2896	2,0500	2,0800	1,5700	3,8900	3,8900	300,0000	150,0000	1300,0000	175,0000	175,0000	2,8000	0,4000	0,2300	0,3000	0,1800	0,6000	0,6000	6,5000	4,0730	38,2952	0,6703	0,7184	74,9593	126,9068	6687,3619	0,0000	0,0000	0,0000
82,0000	89,6335	50,9263	71,3866	22,8558	12,6600	17,2230	8,9242	10,4309	111,3386	121,6810	122,6816	121,9999	32,0249	115,1650	45,5996	135,4025	95,4784	27,8726	0,0000	0,0000	0,0000	0,0000	0,0000	0,0000	0,0000	0,0000	0,0000	0,0000	611,2088	6742,0165	10,5091	92,1889	1835,0350	4,4002	2,0500	2,0800	1,5700	3,8900	3,8900	300,0000	150,0000	1300,0000	175,0000	175,0000	2,8000	0,4000	0,2300	0,3000	0,1800	0,6000	0,6000	7,1377	4,2219	38,7073	0,6632	0,7219	74,9593	126,9068	6817,4898	0,0000	0,0000	0,0000
82,0000	91,7350	51,7400	73,2000	25,1796	14,0898	20,0088	10,8828	13,2624	113,9045	103,7642	122,7410	122,9380	31,7869	116,2035	45,2381	135,0845	97,6157	29,9964	0,0000	0,0000	0,0000	0,0000	0,0000	0,0000	0,0000	0,0000	0,0000	0,0000	569,2732	6779,7537	10,5044	16,5664	1889,7685	4,3767	2,0500	2,0800	1,5700	3,8900	3,8900	300,0000	150,0000	1300,0000	175,0000	175,0000	2,8000	0,4000	0,2300	0,3000	0,1800	0,6000	0,6000	16,7623	9,2099	39,9949	0,6651	0,7265	74,9593	126,9068	6922,1663	0,0000	0,0000	0,0000
82,0000	92,9003	52,6555	73,7352	25,7625	15,3510	20,4628	11,3447	14,3934	115,6823	96,9405	102,6056	104,7833	31,5241	116,2035	42,5119	117,6192	98,9727	30,0079	0,0000	0,0000	0,0000	0,0000	0,0000	0,0000	0,0000	0,0000	0,0000	0,0000	495,5189	6983,6262	10,6509	8,9871	1530,1850	3,9633	2,0500	2,0800	1,5700	3,8900	3,8900	300,0000	150,0000	1300,0000	175,0000	175,0000	2,8000	0,4000	0,2300	0,3000	0,1800	0,6000	0,6000	14,7421	11,1479	40,2448	0,6386	0,7287	74,9593	126,9068	6943,7118	0,0000	0,0000	0,0000
82,0000	91,0077	51,8135	72,1317	22,0793	12,5106	16,7892	9,1974	10,9990	114,0297	117,2345	97,4505	97,2613	32,0564	115,5261	40,3229	130,4958	97,1453	26,5217	0,0000	0,0000	0,0000	0,0000	0,0000	0,0000	0,0000	0,0000	0,0000	0,0000	545,7721	7072,5397	10,8076	63,5587	1314,5318	3,7819	2,0500	2,0800	1,5700	3,8900	3,8900	300,0000	150,0000	1300,0000	175,0000	175,0000	2,8000	0,4000	0,2300	0,3000	0,1800	0,6000	0,6000	6,5000	5,7342	39,1942	0,6910	0,7225	74,9593	126,9068	6844,5192	0,0000	0,0000	0,0000
82,0000	89,4388	51,1724	71,2525	22,2825	12,4125	16,7491	8,8233	10,1334	110,2937	123,8143	118,0144	116,6933	31,9865	113,2854	44,2992	135,2179	95,2538	27,1136	0,0000	0,0000	0,0000	0,0000	0,0000	0,0000	0,0000	0,0000	0,0000	0,0000	609,3925	6691,2701	10,4499	89,2898	1698,4303	4,2431	2,0500	2,0800	1,5700	3,8900	3,8900	300,0000	150,0000	1300,0000	175,0000	175,0000	2,8000	0,4000	0,2300	0,3000	0,1800	0,6000	0,6000	6,5000	4,0779	38,2664	0,6724	0,7176	74,9593	126,9068	6666,5104	0,0000	0,0000	0,0000
82,0000	89,5396	50,9449	71,2793	22,8259	12,6224	17,1104	8,8417	10,3155	111,0557	122,3220	122,6726	121,4384	31,9926	114,9758	45,5312	135,3275	95,3749	27,8394	0,0000	0,0000	0,0000	0,0000	0,0000	0,0000	0,0000	0,0000	0,0000	0,0000	610,0097	6727,4762	10,4914	91,7978	1840,8894	4,4063	2,0500	2,0800	1,5700	3,8900	3,8900	300,0000	150,0000	1300,0000	175,0000	175,0000	2,8000	0,4000	0,2300	0,3000	0,1800	0,6000	0,6000	6,5203	4,0699	38,5946	0,6635	0,7217	74,9593	126,9068	6804,6169	0,0000	0,0000	0,0000
82,0000	91,4106	51,2285	72,9691	24,7755	13,0112	19,6196	10,6664	12,8625	113,5633	106,2590	123,0029	123,7844	31,8474	115,7833	45,3490	135,3871	97,2134	29,5226	0,0000	0,0000	0,0000	0,0000	0,0000	0,0000	0,0000	0,0000	0,0000	0,0000	585,6298	6745,2599	10,4840	26,2428	1847,6510	4,3401	2,0500	2,0800	1,5700	3,8900	3,8900	300,0000	150,0000	1300,0000	175,0000	175,0000	2,8000	0,4000	0,2300	0,3000	0,1800	0,6000	0,6000	15,7222	8,5090	40,1821	0,6650	0,7249	74,9593	126,9068	6882,7397	0,0000	0,0000	0,0000
