HR	AOPmax	AOPmin	AOPmean	PAPmax	PAPmin	PAPmean	PRAmean	WedgeP	QLV	Qsist	QRV	Qpulm	LVes	LVed	RVes	RVed	Plvmax	Prvmax	QVADmax	QVADmin	QVADmean	QECMO	P1mean	P2mean	P3mean	Qventing	Qinflow1	Qinflow2	PELeftV	SWLeftV	MVO2LeftV	PERightV	SWRightV	MVO2RightV	RupAbr	RkidAbr	RsplAbr	RllAbr	RrlAbr	V0upbr	V0kidbr	V0spbr	V0llbr	V0rlbr	Emaxl	Emaxr	RupVbr	RkidVbr	RspVbr	RllVbr	RrlVbr	Paw	Ppleural	PP	RV EF 	LV EF 	Ccw linear	Cl linear	CO	ECMOflowma	ECMOlfowmi	ECMOvol
84,0000	99,3889	57,1641	79,6418	24,4590	14,0808	18,6446	10,0622	11,8161	124,3195	138,3183	129,9078	128,7524	35,6886	124,5771	49,1777	146,7777	105,8514	29,7573	0,0000	0,0000	0,0000	0,0000	0,0000	0,0000	0,0000	0,0000	0,0000	0,0000	765,7013	8169,9980	12,5905	124,0592	1985,0785	4,7173	2,0500	2,0800	1,5700	3,8900	3,8900	300,0000	150,0000	1300,0000	175,0000	175,0000	2,8000	0,4000	0,2300	0,3000	0,1800	0,6000	0,6000	6,1000	3,8576	42,2248	0,6650	0,7135	44,9255	165,9263	7466,6288	0,0000	0,0000	0,0000
84,0000	99,5204	57,5215	80,5322	24,9961	14,2871	20,5389	11,4270	13,5309	124,0376	126,5049	134,8365	137,5161	35,7023	124,3891	50,3697	146,7777	106,0090	30,4762	0,0000	0,0000	0,0000	0,0000	0,0000	0,0000	0,0000	0,0000	0,0000	0,0000	728,8742	7906,6552	12,2443	91,2636	1967,6960	4,6594	2,0500	2,0800	1,5700	3,8900	3,8900	300,0000	150,0000	1300,0000	175,0000	175,0000	2,8000	0,4000	0,2300	0,3000	0,1800	0,6000	0,6000	11,3594	6,8472	41,9990	0,6568	0,7130	44,9255	165,9263	7449,6983	0,0000	0,0000	0,0000
84,0000	101,7777	59,4426	81,5151	29,0314	17,7183	23,2601	13,2405	16,6568	125,3076	104,3751	124,8664	125,4044	34,4586	125,0656	47,6545	136,9340	108,3802	34,0678	0,0000	0,0000	0,0000	0,0000	0,0000	0,0000	0,0000	0,0000	0,0000	0,0000	590,7632	8013,8407	12,2087	30,1399	2100,5975	4,7422	2,0500	2,0800	1,5700	3,8900	3,8900	300,0000	150,0000	1300,0000	175,0000	175,0000	2,8000	0,4000	0,2300	0,3000	0,1800	0,6000	0,6000	15,8129	12,8100	42,3351	0,6520	0,7245	44,9255	165,9263	7610,9863	0,0000	0,0000	0,0000
84,0000	98,8230	57,7760	79,3210	22,9548	14,1129	18,2391	10,1269	12,3113	125,3603	133,2228	105,9378	104,2000	35,4330	125,0656	45,1402	144,8947	105,9069	28,3573	0,0000	0,0000	0,0000	0,0000	0,0000	0,0000	0,0000	0,0000	0,0000	0,0000	561,8645	8288,4708	12,4921	90,1881	1459,7438	4,0724	2,0500	2,0800	1,5700	3,8900	3,8900	300,0000	150,0000	1300,0000	175,0000	175,0000	2,8000	0,4000	0,2300	0,3000	0,1800	0,6000	0,6000	6,1000	4,9016	41,0470	0,6885	0,7167	44,9255	165,9263	7529,1421	0,0000	0,0000	0,0000
84,0000	99,0749	57,1884	79,4101	24,6824	14,0367	18,7539	10,1017	11,8042	123,4973	137,3554	133,2379	131,6449	35,5603	124,3573	49,6639	147,2402	105,5152	30,0900	0,0000	0,0000	0,0000	0,0000	0,0000	0,0000	0,0000	0,0000	0,0000	0,0000	760,6407	8086,1303	12,4880	124,3793	2072,7859	4,8188	2,0500	2,0800	1,5700	3,8900	3,8900	300,0000	150,0000	1300,0000	175,0000	175,0000	2,8000	0,4000	0,2300	0,3000	0,1800	0,6000	0,6000	6,1000	3,8576	41,8865	0,6627	0,7140	44,9255	165,9263	7458,9536	0,0000	0,0000	0,0000
84,0000	99,3952	57,3604	80,9156	25,9253	14,3155	21,4746	12,1260	14,4355	124,5329	119,7131	135,7164	138,5920	35,3163	124,3573	50,2029	147,2402	105,8760	30,5512	0,0000	0,0000	0,0000	0,0000	0,0000	0,0000	0,0000	0,0000	0,0000	0,0000	648,1973	7830,7678	12,0638	6,2197	1970,8918	4,5650	2,0500	2,0800	1,5700	3,8900	3,8900	300,0000	150,0000	1300,0000	175,0000	175,0000	2,8000	0,4000	0,2300	0,3000	0,1800	0,6000	0,6000	14,1983	8,5926	42,0348	0,6590	0,7160	44,9255	165,9263	7479,4447	0,0000	0,0000	0,0000
84,0000	101,7174	58,5165	81,1769	28,6710	15,1756	22,5228	12,7966	16,1558	125,5517	106,7658	118,3040	118,1477	34,4182	124,5288	46,5797	131,1671	108,4009	33,6285	0,0000	0,0000	0,0000	0,0000	0,0000	0,0000	0,0000	0,0000	0,0000	0,0000	557,7168	8118,6341	12,2914	35,2327	1960,6938	4,5867	2,0500	2,0800	1,5700	3,8900	3,8900	300,0000	150,0000	1300,0000	175,0000	175,0000	2,8000	0,4000	0,2300	0,3000	0,1800	0,6000	0,6000	12,9741	12,0006	43,2009	0,6449	0,7236	44,9255	165,9263	7569,2971	0,0000	0,0000	0,0000
84,0000	98,6077	56,3956	79,0690	22,9053	14,1129	17,8905	9,9706	11,8181	124,5557	136,7903	109,4094	108,3939	35,4715	124,5288	45,8719	146,2523	104,9973	27,4613	0,0000	0,0000	0,0000	0,0000	0,0000	0,0000	0,0000	0,0000	0,0000	0,0000	753,6303	8125,6062	12,5254	123,0154	1435,6822	4,0825	2,0500	2,0800	1,5700	3,8900	3,8900	300,0000	150,0000	1300,0000	175,0000	175,0000	2,8000	0,4000	0,2300	0,3000	0,1800	0,6000	0,6000	6,1000	3,9656	42,2121	0,6864	0,7152	44,9255	165,9263	7480,8169	0,0000	0,0000	0,0000
84,0000	98,9115	57,2368	79,2901	24,7970	14,0361	18,8151	10,1265	11,8067	123,0024	136,6614	134,7591	133,0441	35,4927	124,3866	49,9145	147,5065	105,3412	30,2569	0,0000	0,0000	0,0000	0,0000	0,0000	0,0000	0,0000	0,0000	0,0000	0,0000	757,9347	8037,9294	12,4292	124,7130	2114,3176	4,8671	2,0500	2,0800	1,5700	3,8900	3,8900	300,0000	150,0000	1300,0000	175,0000	175,0000	2,8000	0,4000	0,2300	0,3000	0,1800	0,6000	0,6000	6,1000	3,8576	41,6747	0,6616	0,7147	44,9255	165,9263	7467,0874	0,0000	0,0000	0,0000
84,0000	101,2978	57,2730	81,3603	28,1046	14,3370	22,4869	12,7990	15,4248	125,0176	112,9022	136,7772	139,5792	34,9990	124,7103	49,7107	147,5065	107,5624	33,1562	0,0000	0,0000	0,0000	0,0000	0,0000	0,0000	0,0000	0,0000	0,0000	0,0000	740,4447	7882,4597	12,2298	25,7582	2164,7549	4,8112	2,0500	2,0800	1,5700	3,8900	3,8900	300,0000	150,0000	1300,0000	175,0000	175,0000	2,8000	0,4000	0,2300	0,3000	0,1800	0,6000	0,6000	17,0303	10,4837	44,0248	0,6630	0,7194	44,9255	165,9263	7535,7491	0,0000	0,0000	0,0000
84,0000	101,7866	58,3085	80,7524	28,2449	14,1875	21,3311	11,9741	15,1597	126,1864	113,1898	112,8748	111,4089	34,4871	124,8598	45,6415	130,7824	108,4690	33,0183	0,0000	0,0000	0,0000	0,0000	0,0000	0,0000	0,0000	0,0000	0,0000	0,0000	578,3501	8325,2777	12,5535	7,6404	1883,8403	4,4663	2,0500	2,0800	1,5700	3,8900	3,8900	300,0000	150,0000	1300,0000	175,0000	175,0000	2,8000	0,4000	0,2300	0,3000	0,1800	0,6000	0,6000	10,1421	10,2171	43,4782	0,6510	0,7238	44,9255	165,9263	7591,3102	0,0000	0,0000	0,0000
84,0000	99,1245	56,5657	79,4265	23,5234	14,1009	18,1500	10,0336	11,7761	124,7915	138,1248	117,3560	117,3025	35,6339	124,8598	47,1539	146,5621	105,5565	28,3899	0,0000	0,0000	0,0000	0,0000	0,0000	0,0000	0,0000	0,0000	0,0000	0,0000	761,7885	8183,2804	12,6013	123,0040	1642,0456	4,3205	2,0500	2,0800	1,5700	3,8900	3,8900	300,0000	150,0000	1300,0000	175,0000	175,0000	2,8000	0,4000	0,2300	0,3000	0,1800	0,6000	0,6000	6,1000	3,8580	42,5589	0,6783	0,7146	44,9255	165,9263	7494,9763	0,0000	0,0000	0,0000
84,0000	99,1369	57,4430	79,5608	24,8685	14,1118	19,0612	10,2976	12,0454	123,1753	135,7283	134,9549	134,6761	35,5712	124,6620	50,0750	146,9020	105,5877	30,3408	0,0000	0,0000	0,0000	0,0000	0,0000	0,0000	0,0000	0,0000	0,0000	0,0000	761,2173	8048,5179	12,4452	125,4548	2107,3772	4,8600	2,0500	2,0800	1,5700	3,8900	3,8900	300,0000	150,0000	1300,0000	175,0000	175,0000	2,8000	0,4000	0,2300	0,3000	0,1800	0,6000	0,6000	6,8876	4,1944	41,6938	0,6591	0,7147	44,9255	165,9263	7483,6299	0,0000	0,0000	0,0000
84,0000	101,8608	58,9890	81,8182	28,8757	16,9431	23,2975	13,2186	16,2625	125,6277	107,6634	136,4065	138,0190	34,8382	125,3561	49,3713	146,9020	108,3835	34,2072	0,0000	0,0000	0,0000	0,0000	0,0000	0,0000	0,0000	0,0000	0,0000	0,0000	638,7519	8012,8892	12,2629	21,4809	2327,2134	4,9936	2,0500	2,0800	1,5700	3,8900	3,8900	300,0000	150,0000	1300,0000	175,0000	175,0000	2,8000	0,4000	0,2300	0,3000	0,1800	0,6000	0,6000	18,5871	12,0674	42,8718	0,6639	0,7221	44,9255	165,9263	7603,5055	0,0000	0,0000	0,0000
84,0000	101,6526	58,7808	80,4202	27,2776	14,2046	20,1641	11,1941	14,1380	126,6552	120,9094	108,9088	107,4080	34,7977	125,3561	44,8797	137,4635	108,5755	32,3227	0,0000	0,0000	0,0000	0,0000	0,0000	0,0000	0,0000	0,0000	0,0000	0,0000	681,0669	8525,3624	12,9028	120,3806	1817,0245	4,5192	2,0500	2,0800	1,5700	3,8900	3,8900	300,0000	150,0000	1300,0000	175,0000	175,0000	2,8000	0,4000	0,2300	0,3000	0,1800	0,6000	0,6000	7,7977	8,2969	42,8718	0,6735	0,7224	44,9255	165,9263	7606,9085	0,0000	0,0000	0,0000
84,0000	99,4850	57,0101	79,7086	24,0895	14,1151	18,4505	10,0399	11,8028	124,8438	138,7109	124,8237	124,2994	35,7423	125,0056	48,3733	146,5376	105,9513	29,2179	0,0000	0,0000	0,0000	0,0000	0,0000	0,0000	0,0000	0,0000	0,0000	0,0000	767,3633	8216,6414	12,6462	123,4707	1846,6507	4,5570	2,0500	2,0800	1,5700	3,8900	3,8900	300,0000	150,0000	1300,0000	175,0000	175,0000	2,8000	0,4000	0,2300	0,3000	0,1800	0,6000	0,6000	6,1000	3,8576	42,4749	0,6699	0,7141	44,9255	165,9263	7498,1193	0,0000	0,0000	0,0000
84,0000	99,4537	57,5847	80,1380	24,9320	14,2179	19,7571	10,8303	12,7510	123,7165	131,8751	134,7083	136,5870	35,6832	124,1788	50,2220	146,5384	105,9337	30,4031	0,0000	0,0000	0,0000	0,0000	0,0000	0,0000	0,0000	0,0000	0,0000	0,0000	765,8648	8046,3842	12,4481	126,5143	2064,4715	4,8117	2,0500	2,0800	1,5700	3,8900	3,8900	300,0000	150,0000	1300,0000	175,0000	175,0000	2,8000	0,4000	0,2300	0,3000	0,1800	0,6000	0,6000	9,0010	5,4096	41,8690	0,6573	0,7126	44,9255	165,9263	7433,6337	0,0000	0,0000	0,0000
84,0000	101,8198	59,4172	81,7202	29,0660	18,0647	23,4821	13,3278	16,6491	125,2761	105,0303	131,1548	131,5481	34,6064	125,5109	48,5694	142,3451	108,4005	34,2881	0,0000	0,0000	0,0000	0,0000	0,0000	0,0000	0,0000	0,0000	0,0000	0,0000	610,9496	7983,8195	12,1973	30,1100	2237,8666	4,9005	2,0500	2,0800	1,5700	3,8900	3,8900	300,0000	150,0000	1300,0000	175,0000	175,0000	2,8000	0,4000	0,2300	0,3000	0,1800	0,6000	0,6000	18,1713	12,7588	42,4026	0,6588	0,7243	44,9255	165,9263	7635,9752	0,0000	0,0000	0,0000
84,0000	100,6209	58,6532	79,8612	25,4592	14,1581	19,0489	10,5286	13,1149	126,2883	128,0022	106,3952	104,9175	35,2148	125,5109	44,7275	142,2506	107,6163	30,6267	0,0000	0,0000	0,0000	0,0000	0,0000	0,0000	0,0000	0,0000	0,0000	0,0000	627,3023	8484,4599	12,7936	100,2256	1650,8703	4,3044	2,0500	2,0800	1,5700	3,8900	3,8900	300,0000	150,0000	1300,0000	175,0000	175,0000	2,8000	0,4000	0,2300	0,3000	0,1800	0,6000	0,6000	6,1000	6,3905	41,9677	0,6856	0,7194	44,9255	165,9263	7584,8727	0,0000	0,0000	0,0000
84,0000	99,3697	57,1672	79,6277	24,4799	14,0770	18,6551	10,0648	11,8158	124,2665	138,2596	130,2090	129,0123	35,6805	124,5310	49,2231	146,8079	105,8310	29,7881	0,0000	0,0000	0,0000	0,0000	0,0000	0,0000	0,0000	0,0000	0,0000	0,0000	765,3900	8164,5905	12,5839	124,0912	1993,1319	4,7266	2,0500	2,0800	1,5700	3,8900	3,8900	300,0000	150,0000	1300,0000	175,0000	175,0000	2,8000	0,4000	0,2300	0,3000	0,1800	0,6000	0,6000	6,1000	3,8576	42,2025	0,6647	0,7135	44,9255	165,9263	7463,4445	0,0000	0,0000	0,0000
84,0000	99,5156	57,5114	80,5541	25,0007	14,2903	20,6002	11,4744	13,5914	124,0472	126,0567	134,8640	137,5733	35,7001	124,3938	50,3801	146,8079	106,0039	30,4820	0,0000	0,0000	0,0000	0,0000	0,0000	0,0000	0,0000	0,0000	0,0000	0,0000	722,0394	7895,0118	12,2230	83,2859	1959,8747	4,6412	2,0500	2,0800	1,5700	3,8900	3,8900	300,0000	150,0000	1300,0000	175,0000	175,0000	2,8000	0,4000	0,2300	0,3000	0,1800	0,6000	0,6000	11,5457	6,9617	42,0042	0,6568	0,7130	44,9255	165,9263	7450,2727	0,0000	0,0000	0,0000
84,0000	101,7753	59,4364	81,4938	29,0247	17,5859	23,2272	13,2238	16,6409	125,3188	104,4153	124,3948	124,9332	34,4522	125,0182	47,5820	136,5243	108,3789	34,0462	0,0000	0,0000	0,0000	0,0000	0,0000	0,0000	0,0000	0,0000	0,0000	0,0000	590,9392	8017,9909	12,2137	29,4040	2089,7884	4,7289	2,0500	2,0800	1,5700	3,8900	3,8900	300,0000	150,0000	1300,0000	175,0000	175,0000	2,8000	0,4000	0,2300	0,3000	0,1800	0,6000	0,6000	15,6267	12,7869	42,3388	0,6515	0,7244	44,9255	165,9263	7607,5493	0,0000	0,0000	0,0000
84,0000	98,7175	57,6959	79,2879	22,8098	14,1111	18,1953	10,1061	12,2625	125,2921	133,5423	106,0395	104,3041	35,4344	125,0182	45,1797	145,0311	105,7418	28,1537	0,0000	0,0000	0,0000	0,0000	0,0000	0,0000	0,0000	0,0000	0,0000	0,0000	557,7863	8272,4538	12,4689	86,2862	1449,4771	4,0560	2,0500	2,0800	1,5700	3,8900	3,8900	300,0000	150,0000	1300,0000	175,0000	175,0000	2,8000	0,4000	0,2300	0,3000	0,1800	0,6000	0,6000	6,1000	4,8102	41,0216	0,6885	0,7166	44,9255	165,9263	7525,0411	0,0000	0,0000	0,0000
84,0000	99,0557	57,1897	79,3959	24,6930	14,0350	18,7591	10,1043	11,8035	123,4471	137,2900	133,3939	131,7834	35,5525	124,3538	49,6869	147,2693	105,4946	30,1058	0,0000	0,0000	0,0000	0,0000	0,0000	0,0000	0,0000	0,0000	0,0000	0,0000	760,3298	8081,0388	12,4817	124,3988	2076,8881	4,8236	2,0500	2,0800	1,5700	3,8900	3,8900	300,0000	150,0000	1300,0000	175,0000	175,0000	2,8000	0,4000	0,2300	0,3000	0,1800	0,6000	0,6000	6,1000	3,8576	41,8659	0,6626	0,7141	44,9255	165,9263	7459,3059	0,0000	0,0000	0,0000
84,0000	99,3868	57,3506	80,9430	26,1768	14,3168	21,5429	12,1738	14,5009	124,5646	119,2348	135,8089	138,6823	35,2901	124,3538	50,1659	147,2693	105,8671	30,5557	0,0000	0,0000	0,0000	0,0000	0,0000	0,0000	0,0000	0,0000	0,0000	0,0000	642,7788	7829,2355	12,0557	2,4450	1978,3306	4,5693	2,0500	2,0800	1,5700	3,8900	3,8900	300,0000	150,0000	1300,0000	175,0000	175,0000	2,8000	0,4000	0,2300	0,3000	0,1800	0,6000	0,6000	14,4046	8,7191	42,0363	0,6594	0,7162	44,9255	165,9263	7481,3485	0,0000	0,0000	0,0000
84,0000	101,7153	58,4186	81,1484	28,6387	14,9740	22,4500	12,7469	16,0981	125,5883	107,0981	117,8878	117,6130	34,4191	124,5238	46,5090	130,7988	108,3978	33,5825	0,0000	0,0000	0,0000	0,0000	0,0000	0,0000	0,0000	0,0000	0,0000	0,0000	557,6965	8130,9711	12,3056	34,9758	1953,7101	4,5784	2,0500	2,0800	1,5700	3,8900	3,8900	300,0000	150,0000	1300,0000	175,0000	175,0000	2,8000	0,4000	0,2300	0,3000	0,1800	0,6000	0,6000	12,7678	11,9008	43,2967	0,6444	0,7236	44,9255	165,9263	7568,7966	0,0000	0,0000	0,0000
84,0000	98,6324	56,3367	79,0776	22,9404	14,1158	17,8938	9,9730	11,8053	124,5387	136,9369	109,8269	108,9181	35,4787	124,5238	45,9409	146,3003	105,0227	27,5137	0,0000	0,0000	0,0000	0,0000	0,0000	0,0000	0,0000	0,0000	0,0000	0,0000	753,9670	8124,9694	12,5251	122,9481	1444,9186	4,0931	2,0500	2,0800	1,5700	3,8900	3,8900	300,0000	150,0000	1300,0000	175,0000	175,0000	2,8000	0,4000	0,2300	0,3000	0,1800	0,6000	0,6000	6,1000	3,9389	42,2957	0,6860	0,7151	44,9255	165,9263	7479,7917	0,0000	0,0000	0,0000
84,0000	98,9148	57,2458	79,2927	24,8027	14,0388	18,8189	10,1269	11,8086	122,9935	136,6403	134,8075	133,0948	35,4936	124,4013	49,9271	147,5074	105,3449	30,2645	0,0000	0,0000	0,0000	0,0000	0,0000	0,0000	0,0000	0,0000	0,0000	0,0000	757,9720	8037,5240	12,4288	124,7487	2115,9200	4,8690	2,0500	2,0800	1,5700	3,8900	3,8900	300,0000	150,0000	1300,0000	175,0000	175,0000	2,8000	0,4000	0,2300	0,3000	0,1800	0,6000	0,6000	6,1000	3,8576	41,6689	0,6615	0,7147	44,9255	165,9263	7468,2478	0,0000	0,0000	0,0000
84,0000	101,3526	57,2737	81,3974	28,1799	14,3394	22,5573	12,8424	15,4952	125,0588	112,4549	136,8157	139,6196	34,9842	124,7575	49,6842	147,5074	107,6499	33,2781	0,0000	0,0000	0,0000	0,0000	0,0000	0,0000	0,0000	0,0000	0,0000	0,0000	724,7590	7897,5032	12,2290	18,6357	2184,1584	4,8253	2,0500	2,0800	1,5700	3,8900	3,8900	300,0000	150,0000	1300,0000	175,0000	175,0000	2,8000	0,4000	0,2300	0,3000	0,1800	0,6000	0,6000	17,1920	10,6162	44,0788	0,6632	0,7196	44,9255	165,9263	7540,9526	0,0000	0,0000	0,0000
84,0000	101,8003	58,3438	80,7270	28,2188	14,1917	21,2478	11,9178	15,0882	126,2290	113,7047	112,5519	111,0597	34,5038	124,8905	45,5793	131,3066	108,4833	32,9806	0,0000	0,0000	0,0000	0,0000	0,0000	0,0000	0,0000	0,0000	0,0000	0,0000	581,3460	8340,2093	12,5742	4,7676	1879,1733	4,4576	2,0500	2,0800	1,5700	3,8900	3,8900	300,0000	150,0000	1300,0000	175,0000	175,0000	2,8000	0,4000	0,2300	0,3000	0,1800	0,6000	0,6000	9,9804	10,0848	43,4565	0,6529	0,7237	44,9255	165,9263	7592,4844	0,0000	0,0000	0,0000
84,0000	99,1616	56,6002	79,4550	23,5682	14,1041	18,1733	10,0351	11,7773	124,8179	138,1851	117,9433	117,8851	35,6457	124,8905	47,2496	146,5633	105,5970	28,4561	0,0000	0,0000	0,0000	0,0000	0,0000	0,0000	0,0000	0,0000	0,0000	0,0000	762,3711	8188,2764	12,6078	123,0164	1658,0219	4,3389	2,0500	2,0800	1,5700	3,8900	3,8900	300,0000	150,0000	1300,0000	175,0000	175,0000	2,8000	0,4000	0,2300	0,3000	0,1800	0,6000	0,6000	6,1000	3,8578	42,5614	0,6776	0,7146	44,9255	165,9263	7496,5619	0,0000	0,0000	0,0000
84,0000	99,1613	57,4582	79,5993	24,8731	14,1192	19,1017	10,3295	12,0864	123,2082	135,5374	134,9413	134,8645	35,5799	124,6419	50,0855	146,7056	105,6144	30,3454	0,0000	0,0000	0,0000	0,0000	0,0000	0,0000	0,0000	0,0000	0,0000	0,0000	761,5794	8048,8192	12,4460	125,5246	2104,0987	4,8563	2,0500	2,0800	1,5700	3,8900	3,8900	300,0000	150,0000	1300,0000	175,0000	175,0000	2,8000	0,4000	0,2300	0,3000	0,1800	0,6000	0,6000	7,0134	4,2611	41,7032	0,6586	0,7145	44,9255	165,9263	7481,2056	0,0000	0,0000	0,0000
84,0000	101,8708	59,0432	81,8226	28,9044	17,0649	23,3247	13,2288	16,2983	125,6199	107,4289	136,1848	137,6470	34,8236	125,3895	49,3334	146,7056	108,4009	34,2359	0,0000	0,0000	0,0000	0,0000	0,0000	0,0000	0,0000	0,0000	0,0000	0,0000	638,2427	8012,7539	12,2622	21,4919	2326,7188	4,9930	2,0500	2,0800	1,5700	3,8900	3,8900	300,0000	150,0000	1300,0000	175,0000	175,0000	2,8000	0,4000	0,2300	0,3000	0,1800	0,6000	0,6000	18,6229	12,1332	42,8276	0,6637	0,7223	44,9255	165,9263	7607,5353	0,0000	0,0000	0,0000
84,0000	101,6049	58,8041	80,3916	27,1696	14,2031	20,0863	11,1440	14,0680	126,6685	121,4266	108,6977	107,2042	34,8216	125,3895	44,8468	137,8556	108,5290	32,2190	0,0000	0,0000	0,0000	0,0000	0,0000	0,0000	0,0000	0,0000	0,0000	0,0000	693,8966	8533,9592	12,9275	122,7047	1810,7495	4,5147	2,0500	2,0800	1,5700	3,8900	3,8900	300,0000	150,0000	1300,0000	175,0000	175,0000	2,8000	0,4000	0,2300	0,3000	0,1800	0,6000	0,6000	7,6360	8,1645	42,8009	0,6747	0,7223	44,9255	165,9263	7607,7082	0,0000	0,0000	0,0000
84,0000	99,4931	57,0316	79,7153	24,1226	14,1138	18,4683	10,0407	11,8050	124,8235	138,7121	125,2614	124,6894	35,7437	124,9925	48,4453	146,5436	105,9603	29,2659	0,0000	0,0000	0,0000	0,0000	0,0000	0,0000	0,0000	0,0000	0,0000	0,0000	767,4781	8215,7430	12,6453	123,5182	1858,7531	4,5710	2,0500	2,0800	1,5700	3,8900	3,8900	300,0000	150,0000	1300,0000	175,0000	175,0000	2,8000	0,4000	0,2300	0,3000	0,1800	0,6000	0,6000	6,1000	3,8576	42,4615	0,6694	0,7140	44,9255	165,9263	7496,8974	0,0000	0,0000	0,0000
84,0000	99,4692	57,5869	80,1749	24,9369	14,2248	19,8118	10,8716	12,8061	123,7533	131,5279	134,7007	136,6709	35,6885	124,1721	50,2332	146,5442	105,9507	30,4082	0,0000	0,0000	0,0000	0,0000	0,0000	0,0000	0,0000	0,0000	0,0000	0,0000	766,0848	8042,5375	12,4440	126,5934	2060,2704	4,8070	2,0500	2,0800	1,5700	3,8900	3,8900	300,0000	150,0000	1300,0000	175,0000	175,0000	2,8000	0,4000	0,2300	0,3000	0,1800	0,6000	0,6000	9,1649	5,5081	41,8823	0,6572	0,7126	44,9255	165,9263	7432,6243	0,0000	0,0000	0,0000
84,0000	101,8164	59,4286	81,7098	29,0680	18,1175	23,4798	13,3294	16,6635	125,2662	104,9120	130,7058	131,0954	34,5931	125,5004	48,5043	141,9590	108,3994	34,2777	0,0000	0,0000	0,0000	0,0000	0,0000	0,0000	0,0000	0,0000	0,0000	0,0000	610,6169	7983,9405	12,1971	29,6082	2228,5087	4,8891	2,0500	2,0800	1,5700	3,8900	3,8900	300,0000	150,0000	1300,0000	175,0000	175,0000	2,8000	0,4000	0,2300	0,3000	0,1800	0,6000	0,6000	18,0075	12,7844	42,3878	0,6583	0,7244	44,9255	165,9263	7636,2099	0,0000	0,0000	0,0000
84,0000	100,5198	58,5958	79,8177	25,3039	14,1540	18,9772	10,4909	13,0477	126,2247	128,4436	106,2656	104,7646	35,2497	125,5004	44,7442	142,5037	107,5266	30,4885	0,0000	0,0000	0,0000	0,0000	0,0000	0,0000	0,0000	0,0000	0,0000	0,0000	629,8931	8472,5335	12,7828	103,0602	1635,0792	4,2894	2,0500	2,0800	1,5700	3,8900	3,8900	300,0000	150,0000	1300,0000	175,0000	175,0000	2,8000	0,4000	0,2300	0,3000	0,1800	0,6000	0,6000	6,1000	6,2663	41,9240	0,6860	0,7191	44,9255	165,9263	7581,0560	0,0000	0,0000	0,0000
84,0000	99,3495	57,1693	79,6127	24,4997	14,0733	18,6650	10,0674	11,8154	124,2128	138,1982	130,4975	129,2612	35,6719	124,4841	49,2662	146,8389	105,8093	29,8173	0,0000	0,0000	0,0000	0,0000	0,0000	0,0000	0,0000	0,0000	0,0000	0,0000	765,0619	8159,0539	12,5772	124,1211	2000,8254	4,7355	2,0500	2,0800	1,5700	3,8900	3,8900	300,0000	150,0000	1300,0000	175,0000	175,0000	2,8000	0,4000	0,2300	0,3000	0,1800	0,6000	0,6000	6,1000	3,8576	42,1802	0,6645	0,7134	44,9255	165,9263	7460,2198	0,0000	0,0000	0,0000
84,0000	99,5096	57,5008	80,5751	25,0052	14,2933	20,6619	11,5223	13,6523	124,0550	125,6030	134,8930	137,6290	35,6975	124,3968	50,3904	146,8389	105,9977	30,4877	0,0000	0,0000	0,0000	0,0000	0,0000	0,0000	0,0000	0,0000	0,0000	0,0000	716,6261	7884,5978	12,2048	76,8447	1954,0635	4,6271	2,0500	2,0800	1,5700	3,8900	3,8900	300,0000	150,0000	1300,0000	175,0000	175,0000	2,8000	0,4000	0,2300	0,3000	0,1800	0,6000	0,6000	11,7334	7,0772	42,0088	0,6568	0,7130	44,9255	165,9263	7450,7411	0,0000	0,0000	0,0000
84,0000	101,7732	59,4295	81,4717	29,0178	17,4484	23,1916	13,2055	16,6225	125,3318	104,4696	123,9223	124,4563	34,4459	124,9700	47,5093	136,1137	108,3778	34,0245	0,0000	0,0000	0,0000	0,0000	0,0000	0,0000	0,0000	0,0000	0,0000	0,0000	591,1373	8022,5173	12,2191	28,6476	2079,1730	4,7158	2,0500	2,0800	1,5700	3,8900	3,8900	300,0000	150,0000	1300,0000	175,0000	175,0000	2,8000	0,4000	0,2300	0,3000	0,1800	0,6000	0,6000	15,4390	12,7596	42,3437	0,6510	0,7244	44,9255	165,9263	7604,0225	0,0000	0,0000	0,0000
84,0000	98,6363	57,6126	79,2560	22,7155	14,1095	18,1538	10,0866	12,2153	125,2232	133,8514	106,1601	104,4323	35,4354	124,9700	45,2208	145,1614	105,5782	27,9536	0,0000	0,0000	0,0000	0,0000	0,0000	0,0000	0,0000	0,0000	0,0000	0,0000	553,3278	8256,4327	12,4453	81,6273	1440,2837	4,0401	2,0500	2,0800	1,5700	3,8900	3,8900	300,0000	150,0000	1300,0000	175,0000	175,0000	2,8000	0,4000	0,2300	0,3000	0,1800	0,6000	0,6000	6,1000	4,7220	41,0236	0,6885	0,7164	44,9255	165,9263	7520,9074	0,0000	0,0000	0,0000
84,0000	99,0368	57,1909	79,3819	24,7032	14,0334	18,7641	10,1068	11,8029	123,3983	137,2257	133,5426	131,9159	35,5449	124,3504	49,7091	147,2976	105,4744	30,1209	0,0000	0,0000	0,0000	0,0000	0,0000	0,0000	0,0000	0,0000	0,0000	0,0000	760,0247	8076,0727	12,4756	124,4182	2080,8048	4,8281	2,0500	2,0800	1,5700	3,8900	3,8900	300,0000	150,0000	1300,0000	175,0000	175,0000	2,8000	0,4000	0,2300	0,3000	0,1800	0,6000	0,6000	6,1000	3,8576	41,8459	0,6625	0,7142	44,9255	165,9263	7459,6579	0,0000	0,0000	0,0000
84,0000	99,6471	57,3409	80,9716	26,4103	14,3180	21,6116	12,2214	14,5668	124,6007	118,7565	135,9007	138,7712	35,2609	124,3504	50,1286	147,2976	105,8584	30,5600	0,0000	0,0000	0,0000	0,0000	0,0000	0,0000	0,0000	0,0000	0,0000	0,0000	636,8614	7828,4450	12,0480	11,7521	1986,5904	4,5895	2,0500	2,0800	1,5700	3,8900	3,8900	300,0000	150,0000	1300,0000	175,0000	175,0000	2,8000	0,4000	0,2300	0,3000	0,1800	0,6000	0,6000	14,6122	8,8463	42,3062	0,6597	0,7164	44,9255	165,9263	7483,5210	0,0000	0,0000	0,0000
84,0000	101,7143	58,3288	81,1191	28,6068	14,7874	22,3745	12,6949	16,0372	125,6246	107,4537	117,4788	117,0789	34,4204	124,5240	46,4391	130,4364	108,3963	33,5372	0,0000	0,0000	0,0000	0,0000	0,0000	0,0000	0,0000	0,0000	0,0000	0,0000	557,6886	8143,9009	12,3205	34,7204	1947,2830	4,5707	2,0500	2,0800	1,5700	3,8900	3,8900	300,0000	150,0000	1300,0000	175,0000	175,0000	2,8000	0,4000	0,2300	0,3000	0,1800	0,6000	0,6000	12,5602	11,7952	43,3854	0,6440	0,7236	44,9255	165,9263	7568,7018	0,0000	0,0000	0,0000
84,0000	98,6589	56,2965	79,0897	22,9771	14,1189	17,9004	9,9768	11,7951	124,5279	137,0705	110,2706	109,4698	35,4865	124,5240	46,0137	146,3437	105,0507	27,5691	0,0000	0,0000	0,0000	0,0000	0,0000	0,0000	0,0000	0,0000	0,0000	0,0000	754,3648	8125,5325	12,5262	122,9156	1455,4847	4,1052	2,0500	2,0800	1,5700	3,8900	3,8900	300,0000	150,0000	1300,0000	175,0000	175,0000	2,8000	0,4000	0,2300	0,3000	0,1800	0,6000	0,6000	6,1000	3,9174	42,3624	0,6856	0,7150	44,9255	165,9263	7479,1484	0,0000	0,0000	0,0000
84,0000	98,9195	57,2557	79,2964	24,8082	14,0418	18,8228	10,1271	11,8106	122,9867	136,6236	134,8503	133,1411	35,4950	124,4171	49,9391	147,5059	105,3502	30,2716	0,0000	0,0000	0,0000	0,0000	0,0000	0,0000	0,0000	0,0000	0,0000	0,0000	758,0328	8037,3867	12,4287	124,7848	2117,4018	4,8708	2,0500	2,0800	1,5700	3,8900	3,8900	300,0000	150,0000	1300,0000	175,0000	175,0000	2,8000	0,4000	0,2300	0,3000	0,1800	0,6000	0,6000	6,1000	3,8576	41,6638	0,6614	0,7147	44,9255	165,9263	7469,4563	0,0000	0,0000	0,0000
84,0000	101,4031	57,2752	81,4351	28,2507	14,3419	22,6275	12,8854	15,5657	125,1008	112,0121	136,8493	139,6565	34,9700	124,8047	49,6586	147,5059	107,7296	33,3883	0,0000	0,0000	0,0000	0,0000	0,0000	0,0000	0,0000	0,0000	0,0000	0,0000	725,4272	7914,0345	12,2489	19,7218	2203,6130	4,8490	2,0500	2,0800	1,5700	3,8900	3,8900	300,0000	150,0000	1300,0000	175,0000	175,0000	2,8000	0,4000	0,2300	0,3000	0,1800	0,6000	0,6000	17,3537	10,7486	44,1279	0,6633	0,7198	44,9255	165,9263	7546,1151	0,0000	0,0000	0,0000
84,0000	101,8144	58,3790	80,7020	28,1933	14,1956	21,1651	11,8619	15,0169	126,2700	114,2243	112,2368	110,7242	34,5216	124,9180	45,5172	131,8231	108,4981	32,9437	0,0000	0,0000	0,0000	0,0000	0,0000	0,0000	0,0000	0,0000	0,0000	0,0000	606,6990	8355,1099	12,6206	5,7383	1874,6245	4,4535	2,0500	2,0800	1,5700	3,8900	3,8900	300,0000	150,0000	1300,0000	175,0000	175,0000	2,8000	0,4000	0,2300	0,3000	0,1800	0,6000	0,6000	9,8187	9,9524	43,4354	0,6547	0,7236	44,9255	165,9263	7593,2983	0,0000	0,0000	0,0000
84,0000	99,1968	56,6342	79,4822	23,6123	14,1065	18,1963	10,0363	11,7786	124,8408	138,2432	118,5223	118,4524	35,6568	124,9180	47,3440	146,5635	105,6354	28,5211	0,0000	0,0000	0,0000	0,0000	0,0000	0,0000	0,0000	0,0000	0,0000	0,0000	762,9225	8192,8548	12,6137	123,0383	1673,8042	4,3571	2,0500	2,0800	1,5700	3,8900	3,8900	300,0000	150,0000	1300,0000	175,0000	175,0000	2,8000	0,4000	0,2300	0,3000	0,1800	0,6000	0,6000	6,1000	3,8577	42,5626	0,6770	0,7146	44,9255	165,9263	7497,9410	0,0000	0,0000	0,0000
84,0000	99,1856	57,4725	79,6385	24,8777	14,1266	19,1437	10,3624	12,1290	123,2423	135,3336	134,9262	135,0446	35,5885	124,6139	50,0960	146,5682	105,6409	30,3500	0,0000	0,0000	0,0000	0,0000	0,0000	0,0000	0,0000	0,0000	0,0000	0,0000	761,9384	8049,5937	12,4473	125,5952	2101,2068	4,8530	2,0500	2,0800	1,5700	3,8900	3,8900	300,0000	150,0000	1300,0000	175,0000	175,0000	2,8000	0,4000	0,2300	0,3000	0,1800	0,6000	0,6000	7,1430	4,3312	41,7131	0,6582	0,7144	44,9255	165,9263	7478,1278	0,0000	0,0000	0,0000
84,0000	101,8759	59,0914	81,8230	28,9298	17,1744	23,3489	13,2385	16,3327	125,6028	107,2033	135,9306	137,2511	34,8079	125,4189	49,2914	146,4817	108,4124	34,2593	0,0000	0,0000	0,0000	0,0000	0,0000	0,0000	0,0000	0,0000	0,0000	0,0000	637,6628	8011,5346	12,2601	21,4990	2324,8922	4,9909	2,0500	2,0800	1,5700	3,8900	3,8900	300,0000	150,0000	1300,0000	175,0000	175,0000	2,8000	0,4000	0,2300	0,3000	0,1800	0,6000	0,6000	18,6550	12,1956	42,7845	0,6635	0,7225	44,9255	165,9263	7611,3274	0,0000	0,0000	0,0000
84,0000	101,5533	58,8253	80,3607	27,0598	14,2012	20,0085	11,0944	13,9978	126,6762	121,9391	108,4945	107,0076	34,8454	125,4189	44,8168	138,2394	108,4782	32,1137	0,0000	0,0000	0,0000	0,0000	0,0000	0,0000	0,0000	0,0000	0,0000	0,0000	688,0234	8540,9115	12,9287	118,7295	1803,8529	4,5022	2,0500	2,0800	1,5700	3,8900	3,8900	300,0000	150,0000	1300,0000	175,0000	175,0000	2,8000	0,4000	0,2300	0,3000	0,1800	0,6000	0,6000	7,4743	8,0320	42,7280	0,6758	0,7222	44,9255	165,9263	7608,1745	0,0000	0,0000	0,0000
84,0000	99,4979	57,0509	79,7194	24,1549	14,1120	18,4855	10,0416	11,8070	124,7990	138,7075	125,6902	125,0699	35,7440	124,9753	48,5153	146,5518	105,9658	29,3128	0,0000	0,0000	0,0000	0,0000	0,0000	0,0000	0,0000	0,0000	0,0000	0,0000	767,5418	8214,2793	12,6437	123,5653	1870,5948	4,5847	2,0500	2,0800	1,5700	3,8900	3,8900	300,0000	150,0000	1300,0000	175,0000	175,0000	2,8000	0,4000	0,2300	0,3000	0,1800	0,6000	0,6000	6,1000	3,8576	42,4470	0,6690	0,7140	44,9255	165,9263	7495,4274	0,0000	0,0000	0,0000
84,0000	99,4827	57,5876	80,2104	24,9417	14,2314	19,8671	10,9134	12,8617	123,7879	131,1714	134,6963	136,7517	35,6931	124,2014	50,2444	146,5522	105,9655	30,4133	0,0000	0,0000	0,0000	0,0000	0,0000	0,0000	0,0000	0,0000	0,0000	0,0000	766,2729	8037,7129	12,4386	126,6704	2055,7391	4,8018	2,0500	2,0800	1,5700	3,8900	3,8900	300,0000	150,0000	1300,0000	175,0000	175,0000	2,8000	0,4000	0,2300	0,3000	0,1800	0,6000	0,6000	9,3306	5,6081	41,8950	0,6572	0,7126	44,9255	165,9263	7434,6996	0,0000	0,0000	0,0000
84,0000	101,8128	59,4380	81,6985	29,0691	18,1688	23,4752	13,3297	16,6757	125,2585	104,8041	130,2527	130,6449	34,5800	125,4857	48,4387	141,5693	108,3980	34,2661	0,0000	0,0000	0,0000	0,0000	0,0000	0,0000	0,0000	0,0000	0,0000	0,0000	610,4090	7984,5168	12,1975	28,9634	2219,0728	4,8775	2,0500	2,0800	1,5700	3,8900	3,8900	300,0000	150,0000	1300,0000	175,0000	175,0000	2,8000	0,4000	0,2300	0,3000	0,1800	0,6000	0,6000	17,8417	12,8066	42,3748	0,6578	0,7244	44,9255	165,9263	7636,0768	0,0000	0,0000	0,0000
84,0000	100,4124	58,5380	79,7739	25,1432	14,1499	18,9069	10,4547	12,9815	126,1571	128,8763	106,1446	104,6186	35,2834	125,4857	44,7640	142,7478	107,4319	30,3470	0,0000	0,0000	0,0000	0,0000	0,0000	0,0000	0,0000	0,0000	0,0000	0,0000	612,0582	8459,8648	12,7476	98,7721	1619,2128	4,2662	2,0500	2,0800	1,5700	3,8900	3,8900	300,0000	150,0000	1300,0000	175,0000	175,0000	2,8000	0,4000	0,2300	0,3000	0,1800	0,6000	0,6000	6,1000	6,1440	41,8744	0,6864	0,7188	44,9255	165,9263	7576,9939	0,0000	0,0000	0,0000
84,0000	99,3280	57,1705	79,5968	24,5186	14,0695	18,6744	10,0702	11,8149	124,1577	138,1343	130,7761	129,5014	35,6630	124,4358	49,3075	146,8709	105,7864	29,8454	0,0000	0,0000	0,0000	0,0000	0,0000	0,0000	0,0000	0,0000	0,0000	0,0000	764,7156	8153,3351	12,5702	124,1487	2008,2353	4,7441	2,0500	2,0800	1,5700	3,8900	3,8900	300,0000	150,0000	1300,0000	175,0000	175,0000	2,8000	0,4000	0,2300	0,3000	0,1800	0,6000	0,6000	6,1000	3,8576	42,1575	0,6643	0,7134	44,9255	165,9263	7456,9136	0,0000	0,0000	0,0000
84,0000	99,5025	57,4897	80,5952	25,0096	14,2960	20,7239	11,5704	13,7134	124,0610	125,1442	134,9237	137,6839	35,6945	124,3980	50,4005	146,8709	105,9902	30,4933	0,0000	0,0000	0,0000	0,0000	0,0000	0,0000	0,0000	0,0000	0,0000	0,0000	712,1380	7875,0366	12,1886	71,3494	1949,7509	4,6158	2,0500	2,0800	1,5700	3,8900	3,8900	300,0000	150,0000	1300,0000	175,0000	175,0000	2,8000	0,4000	0,2300	0,3000	0,1800	0,6000	0,6000	11,9226	7,1936	42,0128	0,6568	0,7131	44,9255	165,9263	7451,1011	0,0000	0,0000	0,0000
84,0000	101,7716	59,4218	81,4490	29,0101	17,3054	23,1536	13,1855	16,6015	125,3472	104,5387	123,4511	123,9753	34,4401	124,9219	47,4348	135,7024	108,3773	34,0016	0,0000	0,0000	0,0000	0,0000	0,0000	0,0000	0,0000	0,0000	0,0000	0,0000	591,3624	8027,4829	12,2251	27,8507	2068,3330	4,7024	2,0500	2,0800	1,5700	3,8900	3,8900	300,0000	150,0000	1300,0000	175,0000	175,0000	2,8000	0,4000	0,2300	0,3000	0,1800	0,6000	0,6000	15,2498	12,7280	42,3498	0,6504	0,7243	44,9255	165,9263	7600,4717	0,0000	0,0000	0,0000
84,0000	98,5787	57,5260	79,2257	22,6686	14,1081	18,1150	10,0684	12,1700	125,1548	134,1502	106,3012	104,5865	35,4363	124,9219	45,2628	145,2846	105,4213	27,7629	0,0000	0,0000	0,0000	0,0000	0,0000	0,0000	0,0000	0,0000	0,0000	0,0000	569,0309	8240,5793	12,4451	82,6857	1432,1004	4,0318	2,0500	2,0800	1,5700	3,8900	3,8900	300,0000	150,0000	1300,0000	175,0000	175,0000	2,8000	0,4000	0,2300	0,3000	0,1800	0,6000	0,6000	6,1000	4,6372	41,0527	0,6885	0,7163	44,9255	165,9263	7516,7943	0,0000	0,0000	0,0000
84,0000	99,0187	57,1920	79,3685	24,7128	14,0321	18,7689	10,1091	11,8024	123,3514	137,1631	133,6832	132,0417	35,5377	124,3473	49,7301	147,3248	105,4550	30,1353	0,0000	0,0000	0,0000	0,0000	0,0000	0,0000	0,0000	0,0000	0,0000	0,0000	759,7313	8071,3031	12,4698	124,4375	2084,5139	4,8324	2,0500	2,0800	1,5700	3,8900	3,8900	300,0000	150,0000	1300,0000	175,0000	175,0000	2,8000	0,4000	0,2300	0,3000	0,1800	0,6000	0,6000	6,1000	3,8576	41,8267	0,6624	0,7142	44,9255	165,9263	7460,0110	0,0000	0,0000	0,0000
84,0000	99,9325	57,3316	81,0000	26,6255	14,3192	21,6805	12,2689	14,6331	124,6349	118,2785	135,9911	138,8576	35,2334	124,3473	50,0911	147,3248	105,8502	30,5641	0,0000	0,0000	0,0000	0,0000	0,0000	0,0000	0,0000	0,0000	0,0000	0,0000	630,8418	7827,9949	12,0405	21,7479	1995,6848	4,6115	2,0500	2,0800	1,5700	3,8900	3,8900	300,0000	150,0000	1300,0000	175,0000	175,0000	2,8000	0,4000	0,2300	0,3000	0,1800	0,6000	0,6000	14,8211	8,9741	42,6008	0,6600	0,7167	44,9255	165,9263	7485,5718	0,0000	0,0000	0,0000
84,0000	101,7142	58,2515	81,0890	28,5754	14,6227	22,2965	12,6407	15,9737	125,6629	107,8311	117,0761	116,5475	34,4220	124,5300	46,3701	130,0795	108,3956	33,4923	0,0000	0,0000	0,0000	0,0000	0,0000	0,0000	0,0000	0,0000	0,0000	0,0000	558,5807	8157,4599	12,3372	33,2247	1941,3700	4,5621	2,0500	2,0800	1,5700	3,8900	3,8900	300,0000	150,0000	1300,0000	175,0000	175,0000	2,8000	0,4000	0,2300	0,3000	0,1800	0,6000	0,6000	12,3512	11,6842	43,4627	0,6435	0,7236	44,9255	165,9263	7569,0741	0,0000	0,0000	0,0000
84,0000	98,6875	56,2743	79,1054	23,0151	14,1224	17,9104	9,9818	11,7873	124,5243	137,1920	110,7411	110,0473	35,4952	124,5300	46,0897	146,3822	105,0813	27,6267	0,0000	0,0000	0,0000	0,0000	0,0000	0,0000	0,0000	0,0000	0,0000	0,0000	754,8144	8127,1874	12,5286	122,9040	1467,1014	4,1186	2,0500	2,0800	1,5700	3,8900	3,8900	300,0000	150,0000	1300,0000	175,0000	175,0000	2,8000	0,4000	0,2300	0,3000	0,1800	0,6000	0,6000	6,1000	3,9005	42,4132	0,6851	0,7150	44,9255	165,9263	7478,9308	0,0000	0,0000	0,0000
84,0000	98,9260	57,2665	79,3016	24,8134	14,0451	18,8266	10,1271	11,8129	122,9826	136,6113	134,8869	133,1825	35,4970	124,4344	49,9507	147,5017	105,3574	30,2783	0,0000	0,0000	0,0000	0,0000	0,0000	0,0000	0,0000	0,0000	0,0000	0,0000	758,1220	8037,5851	12,4291	124,8219	2118,7558	4,8724	2,0500	2,0800	1,5700	3,8900	3,8900	300,0000	150,0000	1300,0000	175,0000	175,0000	2,8000	0,4000	0,2300	0,3000	0,1800	0,6000	0,6000	6,1000	3,8576	41,6595	0,6614	0,7147	44,9255	165,9263	7470,7415	0,0000	0,0000	0,0000
84,0000	101,4500	57,2775	81,4736	28,3173	14,3445	22,6977	12,9279	15,6361	125,1443	111,5740	136,8777	139,6895	34,9563	124,8520	49,6341	147,5017	107,8024	33,4885	0,0000	0,0000	0,0000	0,0000	0,0000	0,0000	0,0000	0,0000	0,0000	0,0000	709,0742	7930,3813	12,2489	11,9595	2222,6405	4,8620	2,0500	2,0800	1,5700	3,8900	3,8900	300,0000	150,0000	1300,0000	175,0000	175,0000	2,8000	0,4000	0,2300	0,3000	0,1800	0,6000	0,6000	17,5153	10,8811	44,1725	0,6635	0,7200	44,9255	165,9263	7551,2401	0,0000	0,0000	0,0000
84,0000	101,8290	58,4142	80,6776	28,1683	14,1990	21,0827	11,8064	14,9458	126,3104	114,7484	111,9291	110,4013	34,5400	124,9423	45,4559	132,3310	108,5135	32,9076	0,0000	0,0000	0,0000	0,0000	0,0000	0,0000	0,0000	0,0000	0,0000	0,0000	610,0883	8370,0538	12,6418	9,0074	1870,1850	4,4521	2,0500	2,0800	1,5700	3,8900	3,8900	300,0000	150,0000	1300,0000	175,0000	175,0000	2,8000	0,4000	0,2300	0,3000	0,1800	0,6000	0,6000	9,6570	9,8201	43,4148	0,6565	0,7236	44,9255	165,9263	7593,7931	0,0000	0,0000	0,0000
84,0000	99,2303	56,6678	79,5080	23,6552	14,1110	18,2191	10,0371	11,7801	124,8601	138,2991	119,0927	119,0050	35,6673	124,9423	47,4361	146,5620	105,6719	28,5842	0,0000	0,0000	0,0000	0,0000	0,0000	0,0000	0,0000	0,0000	0,0000	0,0000	763,4443	8197,0164	12,6191	123,0641	1689,1106	4,3748	2,0500	2,0800	1,5700	3,8900	3,8900	300,0000	150,0000	1300,0000	175,0000	175,0000	2,8000	0,4000	0,2300	0,3000	0,1800	0,6000	0,6000	6,1000	3,8577	42,5624	0,6763	0,7145	44,9255	165,9263	7499,1004	0,0000	0,0000	0,0000
84,0000	99,2099	57,4861	79,6783	24,8821	14,1341	19,1871	10,3962	12,1730	123,2780	135,1176	134,9092	135,2151	35,5971	124,5803	50,1062	146,5663	105,6673	30,3544	0,0000	0,0000	0,0000	0,0000	0,0000	0,0000	0,0000	0,0000	0,0000	0,0000	762,2964	8050,6548	12,4490	125,6663	2098,5318	4,8500	2,0500	2,0800	1,5700	3,8900	3,8900	300,0000	150,0000	1300,0000	175,0000	175,0000	2,8000	0,4000	0,2300	0,3000	0,1800	0,6000	0,6000	7,2761	4,4043	41,7238	0,6581	0,7143	44,9255	165,9263	7474,5836	0,0000	0,0000	0,0000
84,0000	101,8774	59,1349	81,8204	28,9520	17,2740	23,3706	13,2479	16,3655	125,5789	106,9863	135,6473	136,8356	34,7913	125,4444	49,2456	146,2334	108,4195	34,2783	0,0000	0,0000	0,0000	0,0000	0,0000	0,0000	0,0000	0,0000	0,0000	0,0000	637,0308	8009,5427	12,2571	21,5022	2321,8843	4,9875	2,0500	2,0800	1,5700	3,8900	3,8900	300,0000	150,0000	1300,0000	175,0000	175,0000	2,8000	0,4000	0,2300	0,3000	0,1800	0,6000	0,6000	18,6836	12,2550	42,7424	0,6632	0,7227	44,9255	165,9263	7614,8587	0,0000	0,0000	0,0000
84,0000	101,4980	58,8445	80,3278	26,9481	14,1989	19,9307	11,0454	13,9274	126,6783	122,4476	108,2987	106,8176	34,8694	125,4444	44,7898	138,6145	108,4250	32,0069	0,0000	0,0000	0,0000	0,0000	0,0000	0,0000	0,0000	0,0000	0,0000	0,0000	680,9838	8546,0753	12,9266	113,6800	1796,2341	4,4875	2,0500	2,0800	1,5700	3,8900	3,8900	300,0000	150,0000	1300,0000	175,0000	175,0000	2,8000	0,4000	0,2300	0,3000	0,1800	0,6000	0,6000	7,3126	7,8996	42,6535	0,6769	0,7220	44,9255	165,9263	7608,2996	0,0000	0,0000	0,0000
84,0000	99,4998	57,0684	79,7214	24,1862	14,1100	18,5022	10,0427	11,8087	124,7709	138,6976	126,1097	125,4408	35,7432	124,9544	48,5834	146,5621	105,9682	29,3583	0,0000	0,0000	0,0000	0,0000	0,0000	0,0000	0,0000	0,0000	0,0000	0,0000	767,5599	8212,3151	12,6415	123,6167	1882,1603	4,5981	2,0500	2,0800	1,5700	3,8900	3,8900	300,0000	150,0000	1300,0000	175,0000	175,0000	2,8000	0,4000	0,2300	0,3000	0,1800	0,6000	0,6000	6,1000	3,8576	42,4313	0,6685	0,7139	44,9255	165,9263	7493,7385	0,0000	0,0000	0,0000
84,0000	99,4942	57,5870	80,2444	24,9466	14,2376	19,9229	10,9557	12,9178	123,8202	130,8059	134,6949	136,8297	35,6969	124,2284	50,2556	146,5624	105,9782	30,4185	0,0000	0,0000	0,0000	0,0000	0,0000	0,0000	0,0000	0,0000	0,0000	0,0000	748,8881	8031,8792	12,4118	119,0450	2050,8407	4,7874	2,0500	2,0800	1,5700	3,8900	3,8900	300,0000	150,0000	1300,0000	175,0000	175,0000	2,8000	0,4000	0,2300	0,3000	0,1800	0,6000	0,6000	9,4982	5,7095	41,9072	0,6571	0,7127	44,9255	165,9263	7436,6420	0,0000	0,0000	0,0000
84,0000	101,8093	59,4456	81,6865	29,0697	18,2186	23,4682	13,3289	16,6856	125,2533	104,7067	129,7947	130,1947	34,5672	125,4663	48,3732	141,1764	108,3964	34,2540	0,0000	0,0000	0,0000	0,0000	0,0000	0,0000	0,0000	0,0000	0,0000	0,0000	610,1998	7985,5321	12,1984	28,3430	2209,7404	4,8660	2,0500	2,0800	1,5700	3,8900	3,8900	300,0000	150,0000	1300,0000	175,0000	175,0000	2,8000	0,4000	0,2300	0,3000	0,1800	0,6000	0,6000	17,6742	12,8255	42,3638	0,6574	0,7245	44,9255	165,9263	7635,5265	0,0000	0,0000	0,0000
84,0000	100,2980	58,4793	79,7316	24,9767	14,1458	18,8383	10,4197	12,9164	126,0936	129,3005	106,0367	104,4851	35,3094	125,4663	44,7870	142,9827	107,3317	30,2013	0,0000	0,0000	0,0000	0,0000	0,0000	0,0000	0,0000	0,0000	0,0000	0,0000	613,6053	8447,0338	12,7346	101,4156	1603,4252	4,2510	2,0500	2,0800	1,5700	3,8900	3,8900	300,0000	150,0000	1300,0000	175,0000	175,0000	2,8000	0,4000	0,2300	0,3000	0,1800	0,6000	0,6000	6,1000	6,0238	41,8187	0,6868	0,7186	44,9255	165,9263	7573,1804	0,0000	0,0000	0,0000
84,0000	99,3061	57,1730	79,5807	24,5368	14,0657	18,6833	10,0730	11,8141	124,0989	138,0691	131,0448	129,7333	35,6539	124,3974	49,3469	146,9036	105,7629	29,8724	0,0000	0,0000	0,0000	0,0000	0,0000	0,0000	0,0000	0,0000	0,0000	0,0000	764,3624	8147,3587	12,5629	124,1730	2015,3603	4,7524	2,0500	2,0800	1,5700	3,8900	3,8900	300,0000	150,0000	1300,0000	175,0000	175,0000	2,8000	0,4000	0,2300	0,3000	0,1800	0,6000	0,6000	6,1000	3,8576	42,1331	0,6641	0,7134	44,9255	165,9263	7454,4542	0,0000	0,0000	0,0000
84,0000	99,4945	57,4784	80,6146	25,0139	14,2984	20,7861	11,6189	13,7747	124,0648	124,6815	134,9558	137,7379	35,6911	124,3974	50,4102	146,9036	105,9817	30,4989	0,0000	0,0000	0,0000	0,0000	0,0000	0,0000	0,0000	0,0000	0,0000	0,0000	708,2992	7866,0948	12,1738	66,5109	1946,5535	4,6065	2,0500	2,0800	1,5700	3,8900	3,8900	300,0000	150,0000	1300,0000	175,0000	175,0000	2,8000	0,4000	0,2300	0,3000	0,1800	0,6000	0,6000	12,1132	7,3109	42,0161	0,6568	0,7131	44,9255	165,9263	7451,3325	0,0000	0,0000	0,0000
84,0000	101,7703	59,4134	81,4255	29,0021	17,1564	23,1131	13,1636	16,5779	125,3641	104,6240	122,9831	123,4910	34,4346	124,8741	47,3600	135,2929	108,3769	33,9784	0,0000	0,0000	0,0000	0,0000	0,0000	0,0000	0,0000	0,0000	0,0000	0,0000	591,6169	8032,8220	12,2315	27,0185	2057,6154	4,6890	2,0500	2,0800	1,5700	3,8900	3,8900	300,0000	150,0000	1300,0000	175,0000	175,0000	2,8000	0,4000	0,2300	0,3000	0,1800	0,6000	0,6000	15,0592	12,6921	42,3569	0,6499	0,7242	44,9255	165,9263	7596,9209	0,0000	0,0000	0,0000
84,0000	98,5408	57,4356	79,1969	22,6524	14,1069	18,0788	10,0516	12,1266	125,0868	134,4386	106,4623	104,7670	35,4370	124,8741	45,3061	145,4014	105,2780	27,5907	0,0000	0,0000	0,0000	0,0000	0,0000	0,0000	0,0000	0,0000	0,0000	0,0000	584,3991	8224,9976	12,4449	83,4255	1425,0221	4,0245	2,0500	2,0800	1,5700	3,8900	3,8900	300,0000	150,0000	1300,0000	175,0000	175,0000	2,8000	0,4000	0,2300	0,3000	0,1800	0,6000	0,6000	6,1000	4,5559	41,1052	0,6884	0,7162	44,9255	165,9263	7512,7139	0,0000	0,0000	0,0000
84,0000	99,0013	57,1930	79,3557	24,7220	14,0310	18,7735	10,1114	11,8019	123,3065	137,1023	133,8162	132,1612	35,5307	124,3447	49,7502	147,3508	105,4364	30,1490	0,0000	0,0000	0,0000	0,0000	0,0000	0,0000	0,0000	0,0000	0,0000	0,0000	759,4499	8066,7351	12,4642	124,4570	2088,0321	4,8365	2,0500	2,0800	1,5700	3,8900	3,8900	300,0000	150,0000	1300,0000	175,0000	175,0000	2,8000	0,4000	0,2300	0,3000	0,1800	0,6000	0,6000	6,1000	3,8576	41,8083	0,6624	0,7143	44,9255	165,9263	7460,3777	0,0000	0,0000	0,0000
84,0000	100,1360	57,3227	81,0284	26,8228	14,3205	21,7497	12,3163	14,6998	124,6675	117,8010	136,0795	138,9409	35,2075	124,3447	50,0539	147,3508	105,8424	30,5681	0,0000	0,0000	0,0000	0,0000	0,0000	0,0000	0,0000	0,0000	0,0000	0,0000	624,6628	7827,9454	12,0334	32,4771	2005,6362	4,6354	2,0500	2,0800	1,5700	3,8900	3,8900	300,0000	150,0000	1300,0000	175,0000	175,0000	2,8000	0,4000	0,2300	0,3000	0,1800	0,6000	0,6000	15,0313	9,1027	42,8133	0,6603	0,7169	44,9255	165,9263	7487,5276	0,0000	0,0000	0,0000
84,0000	101,7149	58,1902	81,0581	28,5443	14,4854	22,2163	12,5848	15,9077	125,7033	108,2288	116,6798	116,0220	34,4239	124,5419	46,3018	129,7279	108,3959	33,4481	0,0000	0,0000	0,0000	0,0000	0,0000	0,0000	0,0000	0,0000	0,0000	0,0000	559,8724	8171,2997	12,3546	31,2890	1935,8418	4,5535	2,0500	2,0800	1,5700	3,8900	3,8900	300,0000	150,0000	1300,0000	175,0000	175,0000	2,8000	0,4000	0,2300	0,3000	0,1800	0,6000	0,6000	12,1410	11,5684	43,5247	0,6431	0,7236	44,9255	165,9263	7569,9132	0,0000	0,0000	0,0000
84,0000	98,7184	56,2677	79,1243	23,0544	14,1262	17,9234	9,9876	11,7816	124,5277	137,3026	111,2376	110,6474	35,5046	124,5419	46,1693	146,4161	105,1145	27,6865	0,0000	0,0000	0,0000	0,0000	0,0000	0,0000	0,0000	0,0000	0,0000	0,0000	755,3095	8129,7998	12,5322	122,9036	1479,6635	4,1331	2,0500	2,0800	1,5700	3,8900	3,8900	300,0000	150,0000	1300,0000	175,0000	175,0000	2,8000	0,4000	0,2300	0,3000	0,1800	0,6000	0,6000	6,1000	3,8877	42,4507	0,6847	0,7149	44,9255	165,9263	7479,1359	0,0000	0,0000	0,0000
84,0000	98,9347	57,2784	79,3083	24,8184	14,0489	18,8304	10,1269	11,8153	122,9816	136,6032	134,9175	133,2192	35,4999	124,4536	49,9619	147,4948	105,3670	30,2847	0,0000	0,0000	0,0000	0,0000	0,0000	0,0000	0,0000	0,0000	0,0000	0,0000	758,2431	8038,1688	12,4299	124,8607	2119,9877	4,8738	2,0500	2,0800	1,5700	3,8900	3,8900	300,0000	150,0000	1300,0000	175,0000	175,0000	2,8000	0,4000	0,2300	0,3000	0,1800	0,6000	0,6000	6,1000	3,8576	41,6562	0,6613	0,7148	44,9255	165,9263	7472,1153	0,0000	0,0000	0,0000
