HR	AOPmax	AOPmin	AOPmean	PAPmax	PAPmin	PAPmean	PRAmean	WedgeP	QLV	Qsist	QRV	Qpulm	LVes	LVed	RVes	RVed	Plvmax	Prvmax	QVADmax	QVADmin	QVADmean	QECMO	P1mean	P2mean	P3mean	Qventing	Qinflow1	Qinflow2	PELeftV	SWLeftV	MVO2LeftV	PERightV	SWRightV	MVO2RightV	RupAbr	RkidAbr	RsplAbr	RllAbr	RrlAbr	V0upbr	V0kidbr	V0spbr	V0llbr	V0rlbr	Emaxl	Emaxr	RupVbr	RkidVbr	RspVbr	RllVbr	RrlVbr	Paw	Ppleural	PP	RV EF 	LV EF 	Ccw linear	Cl linear	CO	ECMOflowma	ECMOlfowmi	ECMOvol
82,0000	90,6069	50,8032	72,5335	23,0173	12,8756	18,3767	9,7143	11,6165	114,1119	113,6796	122,7398	123,9659	32,4025	116,4047	46,1874	136,0330	96,5480	28,0562	0,0000	0,0000	0,0000	0,0000	0,0000	0,0000	0,0000	0,0000	0,0000	0,0000	606,9319	6834,1935	10,6081	71,1321	1755,6101	4,2871	2,0500	2,0800	1,5700	3,8900	3,8900	300,0000	150,0000	1300,0000	175,0000	175,0000	2,8000	0,4000	0,2300	0,3000	0,1800	0,6000	0,6000	10,7975	5,9521	39,8038	0,6605	0,7216	104,5501	85,7093	6888,1768	0,0000	0,0000	0,0000
82,0000	92,8123	52,5765	73,9411	25,6883	15,8151	20,7352	11,3476	14,2922	115,5907	96,9256	114,1828	113,2042	31,7923	117,9910	44,1832	127,7650	98,8632	30,3111	0,0000	0,0000	0,0000	0,0000	0,0000	0,0000	0,0000	0,0000	0,0000	0,0000	521,1051	6920,0920	10,6081	7,4401	1758,2190	4,2183	2,0500	2,0800	1,5700	3,8900	3,8900	300,0000	150,0000	1300,0000	175,0000	175,0000	2,8000	0,4000	0,2300	0,3000	0,1800	0,6000	0,6000	19,2988	10,7320	40,2358	0,6542	0,7306	104,5501	85,7093	7068,2945	0,0000	0,0000	0,0000
82,0000	93,9681	52,9606	74,7979	25,9749	17,5972	21,6849	12,0642	15,6396	117,8363	91,4394	96,0453	93,7296	31,7348	119,8557	42,1960	112,5012	100,1332	29,9368	0,0000	0,0000	0,0000	0,0000	0,0000	0,0000	0,0000	0,0000	0,0000	0,0000	491,1889	7055,0510	10,7264	11,6342	1376,5281	3,7933	2,0500	2,0800	1,5700	3,8900	3,8900	300,0000	150,0000	1300,0000	175,0000	175,0000	2,8000	0,4000	0,2300	0,3000	0,1800	0,6000	0,6000	25,6853	12,7979	41,0075	0,6249	0,7352	78,2745	120,8061	7225,9118	0,0000	0,0000	0,0000
82,0000	95,1835	53,4413	75,0714	26,0915	13,6859	19,8214	11,2377	14,1541	119,8809	99,0251	87,6117	97,1676	32,1028	119,8557	40,9174	114,1972	101,4689	29,8328	0,0000	0,0000	0,0000	0,0000	0,0000	0,0000	0,0000	0,0000	0,0000	0,0000	511,4419	7602,9598	11,3661	11,2702	1251,4687	3,6521	2,0500	2,0800	1,5700	3,8900	3,8900	300,0000	150,0000	1300,0000	175,0000	175,0000	2,8000	0,4000	0,2300	0,3000	0,1800	0,6000	0,6000	11,2260	11,1791	41,7422	0,6417	0,7322	104,5501	85,7093	7195,7341	0,0000	0,0000	0,0000
82,0000	88,4815	52,0307	70,5609	21,0684	11,9705	15,9419	8,9267	9,9488	106,6801	123,4743	101,7572	99,8043	31,4880	109,5779	40,0423	134,3325	94,3564	25,5523	0,0000	0,0000	0,0000	0,0000	0,0000	0,0000	0,0000	0,0000	0,0000	0,0000	559,3873	6470,2704	10,1448	76,9030	1318,4906	3,8014	2,0500	2,0800	1,5700	3,8900	3,8900	300,0000	150,0000	1300,0000	175,0000	175,0000	2,8000	0,4000	0,2300	0,3000	0,1800	0,6000	0,6000	6,3000	4,7763	36,4508	0,7019	0,7126	104,5501	85,7093	6403,3692	0,0000	0,0000	0,0000
82,0000	86,8964	50,3908	69,4104	22,2528	11,8822	16,5267	8,7914	9,6673	105,4075	125,7661	122,9543	120,7086	31,0963	110,3408	44,4946	137,0992	92,4852	27,2220	0,0000	0,0000	0,0000	0,0000	0,0000	0,0000	0,0000	0,0000	0,0000	0,0000	591,5654	6215,9541	9,8947	94,4051	1789,4330	4,3513	2,0500	2,0800	1,5700	3,8900	3,8900	300,0000	150,0000	1300,0000	175,0000	175,0000	2,8000	0,4000	0,2300	0,3000	0,1800	0,6000	0,6000	6,3000	3,8850	36,5056	0,6755	0,7182	104,5501	85,7093	6498,0532	0,0000	0,0000	0,0000
82,0000	87,4735	49,8603	69,7432	22,7302	12,2799	16,9150	8,8032	9,9842	108,0127	123,4158	125,1614	123,4659	31,2756	113,0740	45,5855	137,2036	93,1291	27,8127	0,0000	0,0000	0,0000	0,0000	0,0000	0,0000	0,0000	0,0000	0,0000	0,0000	585,0479	6389,1729	10,0824	92,1037	1881,8518	4,4528	2,0500	2,0800	1,5700	3,8900	3,8900	300,0000	150,0000	1300,0000	175,0000	175,0000	2,8000	0,4000	0,2300	0,3000	0,1800	0,6000	0,6000	6,3000	3,8833	37,6132	0,6678	0,7234	104,5501	85,7093	6707,4693	0,0000	0,0000	0,0000
82,0000	88,8197	50,0446	70,6884	22,8963	12,5886	17,1197	8,8009	10,2553	111,0891	121,7384	124,1746	122,9572	31,7567	115,2671	45,9550	136,8508	94,6008	27,9672	0,0000	0,0000	0,0000	0,0000	0,0000	0,0000	0,0000	0,0000	0,0000	0,0000	602,5588	6667,1312	10,4151	95,2354	1881,5754	4,4560	2,0500	2,0800	1,5700	3,8900	3,8900	300,0000	150,0000	1300,0000	175,0000	175,0000	2,8000	0,4000	0,2300	0,3000	0,1800	0,6000	0,6000	6,3000	3,8833	38,7751	0,6642	0,7245	104,5501	85,7093	6847,8474	0,0000	0,0000	0,0000
82,0000	90,1657	50,5890	71,7373	22,9909	12,8088	17,3843	8,9153	10,5884	113,4191	120,0820	123,0721	122,8780	32,2443	116,7729	46,1543	136,2431	96,0676	28,0382	0,0000	0,0000	0,0000	0,0000	0,0000	0,0000	0,0000	0,0000	0,0000	0,0000	620,5600	6900,1045	10,6976	97,5348	1858,3559	4,4325	2,0500	2,0800	1,5700	3,8900	3,8900	300,0000	150,0000	1300,0000	175,0000	175,0000	2,8000	0,4000	0,2300	0,3000	0,1800	0,6000	0,6000	7,1154	4,1172	39,5767	0,6612	0,7239	104,5501	85,7093	6931,3458	0,0000	0,0000	0,0000
82,0000	92,5835	51,9991	73,7904	25,2972	14,3694	20,1109	10,8491	13,3910	115,6784	102,6526	122,4592	122,8975	32,0963	117,5180	45,5371	135,1772	98,5557	30,1338	0,0000	0,0000	0,0000	0,0000	0,0000	0,0000	0,0000	0,0000	0,0000	0,0000	567,2401	6958,5460	10,7034	13,5061	1903,5358	4,3887	2,0500	2,0800	1,5700	3,8900	3,8900	300,0000	150,0000	1300,0000	175,0000	175,0000	2,8000	0,4000	0,2300	0,3000	0,1800	0,6000	0,6000	16,3570	9,1475	40,5844	0,6631	0,7269	104,5501	85,7093	7004,5787	0,0000	0,0000	0,0000
82,0000	93,6714	52,9613	74,5759	25,7704	16,9398	21,2382	11,7676	15,1175	117,0779	93,4679	102,3622	100,7822	31,8170	119,0355	42,7004	117,6295	99,8110	29,9854	0,0000	0,0000	0,0000	0,0000	0,0000	0,0000	0,0000	0,0000	0,0000	0,0000	499,1401	7028,2165	10,7051	14,1991	1504,4996	3,9402	2,0500	2,0800	1,5700	3,8900	3,8900	300,0000	150,0000	1300,0000	175,0000	175,0000	2,8000	0,4000	0,2300	0,3000	0,1800	0,6000	0,6000	22,8871	12,0087	40,7101	0,6370	0,7327	104,5501	85,7093	7151,9189	0,0000	0,0000	0,0000
82,0000	94,8004	53,3471	75,2586	26,3855	16,4050	21,5861	12,0543	15,6681	119,0955	92,0955	89,3655	94,7037	31,8575	119,0355	42,1881	107,6036	101,0296	30,0400	0,0000	0,0000	0,0000	0,0000	0,0000	0,0000	0,0000	0,0000	0,0000	0,0000	476,9679	7274,6497	10,9576	6,1242	1262,7625	3,6590	2,0500	2,0800	1,5700	3,8900	3,8900	300,0000	150,0000	1300,0000	175,0000	175,0000	2,8000	0,4000	0,2300	0,3000	0,1800	0,6000	0,6000	20,6481	12,9498	41,4533	0,6079	0,7324	95,6627	96,8267	7148,5910	0,0000	0,0000	0,0000
82,0000	92,4878	52,9352	73,1469	22,4405	11,9568	16,9044	9,6811	11,2898	115,2935	114,1223	92,3887	94,4704	32,1664	116,5613	38,0967	127,1375	98,7260	26,7264	0,0000	0,0000	0,0000	0,0000	0,0000	0,0000	0,0000	0,0000	0,0000	0,0000	522,2930	7294,5987	11,0311	33,1084	1220,9431	3,6423	2,0500	2,0800	1,5700	3,8900	3,8900	300,0000	150,0000	1300,0000	175,0000	175,0000	2,8000	0,4000	0,2300	0,3000	0,1800	0,6000	0,6000	6,3000	7,1743	39,5526	0,7004	0,7240	104,5501	85,7093	6920,3789	0,0000	0,0000	0,0000
82,0000	87,4029	51,4140	69,8679	21,5580	11,8430	16,1238	8,7674	9,5561	104,6684	126,7585	115,4827	113,4266	31,3135	108,9959	42,8828	136,6862	93,0316	26,2640	0,0000	0,0000	0,0000	0,0000	0,0000	0,0000	0,0000	0,0000	0,0000	0,0000	599,4051	6233,7306	9,9236	92,5419	1585,9933	4,1202	2,0500	2,0800	1,5700	3,8900	3,8900	300,0000	150,0000	1300,0000	175,0000	175,0000	2,8000	0,4000	0,2300	0,3000	0,1800	0,6000	0,6000	6,3000	3,9249	35,9888	0,6863	0,7127	104,5501	85,7093	6369,9540	0,0000	0,0000	0,0000
82,0000	87,0474	50,1228	69,4770	22,5712	12,0771	16,7595	8,7997	9,8196	106,3720	124,5962	125,1198	123,0850	31,1316	111,7152	45,2186	137,0149	92,6587	27,6342	0,0000	0,0000	0,0000	0,0000	0,0000	0,0000	0,0000	0,0000	0,0000	0,0000	593,0336	6270,9407	9,9583	96,5523	1863,4685	4,4371	2,0500	2,0800	1,5700	3,8900	3,8900	300,0000	150,0000	1300,0000	175,0000	175,0000	2,8000	0,4000	0,2300	0,3000	0,1800	0,6000	0,6000	6,3000	3,8833	36,9246	0,6700	0,7213	104,5501	85,7093	6607,8599	0,0000	0,0000	0,0000
82,0000	88,1073	49,8864	70,1821	22,8250	12,4431	17,0259	8,8030	10,1250	109,5826	122,5079	124,7453	123,3077	31,5007	114,2191	45,7985	137,1120	93,8229	27,9055	0,0000	0,0000	0,0000	0,0000	0,0000	0,0000	0,0000	0,0000	0,0000	0,0000	593,2148	6525,2777	10,2448	93,7429	1884,4175	4,4575	2,0500	2,0800	1,5700	3,8900	3,8900	300,0000	150,0000	1300,0000	175,0000	175,0000	2,8000	0,4000	0,2300	0,3000	0,1800	0,6000	0,6000	6,3000	3,8833	38,2208	0,6660	0,7242	104,5501	85,7093	6782,9051	0,0000	0,0000	0,0000
82,0000	89,5016	50,2986	71,1826	22,9481	12,7033	17,1928	8,7977	10,3621	112,3165	121,1892	123,6229	122,5797	32,0034	116,1214	46,0650	136,5570	95,3443	28,0078	0,0000	0,0000	0,0000	0,0000	0,0000	0,0000	0,0000	0,0000	0,0000	0,0000	611,6317	6793,3805	10,5674	96,4416	1877,1905	4,4524	2,0500	2,0800	1,5700	3,8900	3,8900	300,0000	150,0000	1300,0000	175,0000	175,0000	2,8000	0,4000	0,2300	0,3000	0,1800	0,6000	0,6000	6,3000	3,8833	39,2031	0,6627	0,7244	104,5501	85,7093	6897,6758	0,0000	0,0000	0,0000
82,0000	90,7376	50,8720	72,7909	23,0235	12,8942	18,6712	9,9301	11,9154	114,4778	111,7693	122,7477	124,0541	32,3236	116,4947	46,1095	135,9608	96,6901	28,0595	0,0000	0,0000	0,0000	0,0000	0,0000	0,0000	0,0000	0,0000	0,0000	0,0000	587,4464	6839,3316	10,5919	49,8957	1750,3062	4,2572	2,0500	2,0800	1,5700	3,8900	3,8900	300,0000	150,0000	1300,0000	175,0000	175,0000	2,8000	0,4000	0,2300	0,3000	0,1800	0,6000	0,6000	11,8013	6,4913	39,8656	0,6609	0,7225	104,5501	85,7093	6902,0322	0,0000	0,0000	0,0000
82,0000	92,9415	52,6868	74,0373	25,6958	16,0424	20,8219	11,4345	14,4507	115,7317	96,0752	111,8230	110,7547	31,7791	118,0988	43,8439	125,6984	99,0084	30,2414	0,0000	0,0000	0,0000	0,0000	0,0000	0,0000	0,0000	0,0000	0,0000	0,0000	519,2903	6929,8787	10,6171	7,8766	1706,4496	4,1605	2,0500	2,0800	1,5700	3,8900	3,8900	300,0000	150,0000	1300,0000	175,0000	175,0000	2,8000	0,4000	0,2300	0,3000	0,1800	0,6000	0,6000	19,9168	10,9957	40,2547	0,6512	0,7309	104,5501	85,7093	7078,2116	0,0000	0,0000	0,0000
82,0000	94,0696	53,0129	74,8700	26,0310	17,7309	21,7618	12,1117	15,7240	117,9825	91,1847	94,8147	92,8513	31,7356	119,8289	42,1442	111,5485	100,2425	29,9392	0,0000	0,0000	0,0000	0,0000	0,0000	0,0000	0,0000	0,0000	0,0000	0,0000	490,1907	7068,9207	10,7409	10,6172	1352,5590	3,7651	2,0500	2,0800	1,5700	3,8900	3,8900	300,0000	150,0000	1300,0000	175,0000	175,0000	2,8000	0,4000	0,2300	0,3000	0,1800	0,6000	0,6000	25,9911	12,9270	41,0568	0,6222	0,7352	81,4626	116,2015	7223,6499	0,0000	0,0000	0,0000
82,0000	94,9200	53,4617	74,9079	25,3747	13,2031	19,2999	10,9706	13,6617	119,7219	101,4069	88,3148	97,5547	32,1925	119,8289	40,0556	116,3282	101,3879	29,5397	0,0000	0,0000	0,0000	0,0000	0,0000	0,0000	0,0000	0,0000	0,0000	0,0000	443,4942	7632,1949	11,3225	15,0324	1256,7780	3,6623	2,0500	2,0800	1,5700	3,8900	3,8900	300,0000	150,0000	1300,0000	175,0000	175,0000	2,8000	0,4000	0,2300	0,3000	0,1800	0,6000	0,6000	9,2984	10,5526	41,4583	0,6557	0,7313	104,5501	85,7093	7186,1888	0,0000	0,0000	0,0000
82,0000	88,0483	51,9312	70,3086	20,9707	11,9965	15,8827	8,8501	9,7911	105,7484	124,7346	103,9756	101,9364	31,4341	108,8419	40,5568	135,0864	93,8466	25,4617	0,0000	0,0000	0,0000	0,0000	0,0000	0,0000	0,0000	0,0000	0,0000	0,0000	569,3012	6375,2935	10,0490	81,3703	1346,3851	3,8379	2,0500	2,0800	1,5700	3,8900	3,8900	300,0000	150,0000	1300,0000	175,0000	175,0000	2,8000	0,4000	0,2300	0,3000	0,1800	0,6000	0,6000	6,3000	4,4716	36,1172	0,6998	0,7112	104,5501	85,7093	6347,4428	0,0000	0,0000	0,0000
82,0000	86,8598	50,2984	69,3737	22,3344	11,9102	16,5791	8,7946	9,6905	105,5067	125,5543	123,7140	121,4626	31,0781	110,5662	44,6800	137,1257	92,4473	27,3324	0,0000	0,0000	0,0000	0,0000	0,0000	0,0000	0,0000	0,0000	0,0000	0,0000	590,9518	6216,1694	9,8943	94,7888	1811,7388	4,3769	2,0500	2,0800	1,5700	3,8900	3,8900	300,0000	150,0000	1300,0000	175,0000	175,0000	2,8000	0,4000	0,2300	0,3000	0,1800	0,6000	0,6000	6,3000	3,8841	36,5614	0,6742	0,7189	104,5501	85,7093	6518,0258	0,0000	0,0000	0,0000
82,0000	87,5586	49,8353	69,7993	22,7511	12,3102	16,9370	8,8039	10,0095	108,2802	123,2298	125,1298	123,4829	31,3051	113,2795	45,6332	137,2283	93,2227	27,8349	0,0000	0,0000	0,0000	0,0000	0,0000	0,0000	0,0000	0,0000	0,0000	0,0000	586,1196	6410,1398	10,1072	92,4109	1883,4946	4,4550	2,0500	2,0800	1,5700	3,8900	3,8900	300,0000	150,0000	1300,0000	175,0000	175,0000	2,8000	0,4000	0,2300	0,3000	0,1800	0,6000	0,6000	6,3000	3,8833	37,7233	0,6675	0,7236	104,5501	85,7093	6721,9014	0,0000	0,0000	0,0000
82,0000	88,9334	50,0775	70,7698	22,9070	12,6103	17,1338	8,8008	10,2750	111,3140	121,6207	124,0872	122,9017	31,7977	115,4242	45,9781	136,8099	94,7250	27,9762	0,0000	0,0000	0,0000	0,0000	0,0000	0,0000	0,0000	0,0000	0,0000	0,0000	604,0599	6689,1177	10,4415	95,4630	1881,0835	4,4557	2,0500	2,0800	1,5700	3,8900	3,8900	300,0000	150,0000	1300,0000	175,0000	175,0000	2,8000	0,4000	0,2300	0,3000	0,1800	0,6000	0,6000	6,3000	3,8833	38,8559	0,6639	0,7245	104,5501	85,7093	6857,3773	0,0000	0,0000	0,0000
82,0000	90,2673	50,6356	71,8942	22,9976	12,8248	17,5445	9,0494	10,7558	113,5835	119,1182	122,9907	123,2991	32,2811	116,6516	46,1681	136,1973	96,1782	28,0430	0,0000	0,0000	0,0000	0,0000	0,0000	0,0000	0,0000	0,0000	0,0000	0,0000	621,9322	6903,6164	10,7031	97,7027	1844,9716	4,4176	2,0500	2,0800	1,5700	3,8900	3,8900	300,0000	150,0000	1300,0000	175,0000	175,0000	2,8000	0,4000	0,2300	0,3000	0,1800	0,6000	0,6000	7,7681	4,4027	39,6317	0,6610	0,7233	104,5501	85,7093	6918,3781	0,0000	0,0000	0,0000
82,0000	92,6540	52,2102	73,8366	25,4679	14,8031	20,3033	10,9751	13,6266	115,6231	101,1245	121,2890	121,2183	32,0155	117,6753	45,3128	134,0963	98,6532	30,2924	0,0000	0,0000	0,0000	0,0000	0,0000	0,0000	0,0000	0,0000	0,0000	0,0000	563,4826	6949,0563	10,6885	11,4436	1895,7185	4,3776	2,0500	2,0800	1,5700	3,8900	3,8900	300,0000	150,0000	1300,0000	175,0000	175,0000	2,8000	0,4000	0,2300	0,3000	0,1800	0,6000	0,6000	17,0405	9,5684	40,4438	0,6621	0,7279	104,5501	85,7093	7024,1073	0,0000	0,0000	0,0000
82,0000	93,7557	52,9538	74,6376	25,8072	17,0988	21,3360	11,8360	15,2443	117,3102	92,9765	100,7908	98,9931	31,8043	119,2418	42,5491	116,3280	99,9032	29,9627	0,0000	0,0000	0,0000	0,0000	0,0000	0,0000	0,0000	0,0000	0,0000	0,0000	497,5664	7039,0616	10,7156	13,8297	1472,2432	3,9035	2,0500	2,0800	1,5700	3,8900	3,8900	300,0000	150,0000	1300,0000	175,0000	175,0000	2,8000	0,4000	0,2300	0,3000	0,1800	0,6000	0,6000	23,5882	12,1985	40,8020	0,6342	0,7333	101,7373	89,1407	7169,8789	0,0000	0,0000	0,0000
82,0000	94,9153	53,3912	75,2688	26,3914	15,7107	21,3241	11,9394	15,4600	119,3305	93,0395	88,5555	95,5993	31,8919	119,2418	42,1124	106,9350	101,1821	30,0844	0,0000	0,0000	0,0000	0,0000	0,0000	0,0000	0,0000	0,0000	0,0000	0,0000	479,6691	7347,0895	11,0422	4,3985	1252,9136	3,6460	2,0500	2,0800	1,5700	3,8900	3,8900	300,0000	150,0000	1300,0000	175,0000	175,0000	2,8000	0,4000	0,2300	0,3000	0,1800	0,6000	0,6000	18,6108	12,7238	41,5241	0,6062	0,7325	98,6792	92,9635	7162,6932	0,0000	0,0000	0,0000
82,0000	91,4928	52,7837	72,4663	22,0350	11,9225	16,5760	9,4595	10,9104	113,1478	116,6054	93,9934	94,4383	31,9892	114,8133	38,3205	129,2268	97,6535	26,3553	0,0000	0,0000	0,0000	0,0000	0,0000	0,0000	0,0000	0,0000	0,0000	0,0000	538,8620	7094,1202	10,8241	48,1048	1234,1558	3,6740	2,0500	2,0800	1,5700	3,8900	3,8900	300,0000	150,0000	1300,0000	175,0000	175,0000	2,8000	0,4000	0,2300	0,3000	0,1800	0,6000	0,6000	6,3000	6,5245	38,7090	0,7035	0,7214	104,5501	85,7093	6791,5822	0,0000	0,0000	0,0000
82,0000	87,2940	51,1500	69,7665	21,7504	11,8225	16,2301	8,7720	9,5764	104,8823	126,6237	117,6733	115,5777	31,2672	109,3248	43,3392	136,8135	92,9115	26,5296	0,0000	0,0000	0,0000	0,0000	0,0000	0,0000	0,0000	0,0000	0,0000	0,0000	597,6309	6232,1670	9,9198	92,8292	1643,1773	4,1849	2,0500	2,0800	1,5700	3,8900	3,8900	300,0000	150,0000	1300,0000	175,0000	175,0000	2,8000	0,4000	0,2300	0,3000	0,1800	0,6000	0,6000	6,3000	3,9045	36,1439	0,6832	0,7140	104,5501	85,7093	6400,7200	0,0000	0,0000	0,0000
82,0000	87,1573	50,0680	69,5467	22,6133	12,1295	16,7998	8,7997	9,8610	106,7705	124,3268	125,1553	123,2086	31,1688	112,0625	45,3155	136,9420	92,7799	27,6822	0,0000	0,0000	0,0000	0,0000	0,0000	0,0000	0,0000	0,0000	0,0000	0,0000	594,4121	6299,9854	9,9925	97,0604	1868,8260	4,4437	2,0500	2,0800	1,5700	3,8900	3,8900	300,0000	150,0000	1300,0000	175,0000	175,0000	2,8000	0,4000	0,2300	0,3000	0,1800	0,6000	0,6000	6,3000	3,8833	37,0894	0,6691	0,7219	104,5501	85,7093	6633,2861	0,0000	0,0000	0,0000
82,0000	88,2899	49,9277	70,3121	22,8423	12,4800	17,0493	8,8020	10,1579	109,9672	122,3290	124,5924	123,2122	31,5665	114,4859	45,8364	137,0381	94,0223	27,9201	0,0000	0,0000	0,0000	0,0000	0,0000	0,0000	0,0000	0,0000	0,0000	0,0000	595,6078	6561,4392	10,2882	94,1125	1883,5124	4,4569	2,0500	2,0800	1,5700	3,8900	3,8900	300,0000	150,0000	1300,0000	175,0000	175,0000	2,8000	0,4000	0,2300	0,3000	0,1800	0,6000	0,6000	6,3000	3,8833	38,3623	0,6655	0,7243	104,5501	85,7093	6799,3958	0,0000	0,0000	0,0000
82,0000	89,6713	50,3733	71,3067	22,9583	12,7298	17,2086	8,7962	10,3865	112,5969	121,0885	123,4775	122,4745	32,0650	116,3162	46,0860	136,4716	95,5290	28,0146	0,0000	0,0000	0,0000	0,0000	0,0000	0,0000	0,0000	0,0000	0,0000	0,0000	613,9091	6823,7001	10,6041	96,7112	1875,6351	4,4510	2,0500	2,0800	1,5700	3,8900	3,8900	300,0000	150,0000	1300,0000	175,0000	175,0000	2,8000	0,4000	0,2300	0,3000	0,1800	0,6000	0,6000	6,3000	3,8833	39,2980	0,6623	0,7243	104,5501	85,7093	6908,5977	0,0000	0,0000	0,0000
82,0000	91,3304	50,9432	73,0488	23,8736	12,9134	18,9884	10,1501	12,2361	114,8172	109,7584	122,8232	124,1563	32,2700	116,6745	45,9801	135,8867	96,9080	28,2536	0,0000	0,0000	0,0000	0,0000	0,0000	0,0000	0,0000	0,0000	0,0000	0,0000	728,5820	6853,7403	10,7670	95,2967	1766,7132	4,3268	2,0500	2,0800	1,5700	3,8900	3,8900	300,0000	150,0000	1300,0000	175,0000	175,0000	2,8000	0,4000	0,2300	0,3000	0,1800	0,6000	0,6000	12,8669	7,0669	40,3872	0,6616	0,7234	104,5501	85,7093	6921,1681	0,0000	0,0000	0,0000
82,0000	93,1002	52,7770	74,1547	25,7014	16,2576	20,9077	11,5149	14,6047	115,9740	95,3499	109,5059	108,3601	31,7815	118,2520	43,5302	123,6885	99,1844	30,1692	0,0000	0,0000	0,0000	0,0000	0,0000	0,0000	0,0000	0,0000	0,0000	0,0000	518,0227	6948,3875	10,6365	8,0668	1655,7498	4,1036	2,0500	2,0800	1,5700	3,8900	3,8900	300,0000	150,0000	1300,0000	175,0000	175,0000	2,8000	0,4000	0,2300	0,3000	0,1800	0,6000	0,6000	20,5406	11,2413	40,3232	0,6481	0,7312	104,5501	85,7093	7090,5809	0,0000	0,0000	0,0000
82,0000	94,2028	53,0818	74,9627	26,0938	17,8659	21,8235	12,1509	15,7957	118,1735	91,0205	93,5826	92,0869	31,7490	119,6732	42,1182	110,6206	100,3860	29,9478	0,0000	0,0000	0,0000	0,0000	0,0000	0,0000	0,0000	0,0000	0,0000	0,0000	473,6729	7092,0970	10,7484	15,7492	1329,2693	3,7447	2,0500	2,0800	1,5700	3,8900	3,8900	300,0000	150,0000	1300,0000	175,0000	175,0000	2,8000	0,4000	0,2300	0,3000	0,1800	0,6000	0,6000	26,2292	13,0379	41,1210	0,6193	0,7347	84,6167	111,7346	7209,7808	0,0000	0,0000	0,0000
82,0000	94,6057	53,4985	74,6930	24,6042	12,7676	18,7371	10,6787	13,1271	119,4018	104,0640	89,0732	97,8430	32,2711	119,6732	39,2578	118,5807	101,0241	28,8894	0,0000	0,0000	0,0000	0,0000	0,0000	0,0000	0,0000	0,0000	0,0000	0,0000	486,1439	7632,0494	11,3703	2,9456	1249,7074	3,6407	2,0500	2,0800	1,5700	3,8900	3,8900	300,0000	150,0000	1300,0000	175,0000	175,0000	2,8000	0,4000	0,2300	0,3000	0,1800	0,6000	0,6000	7,3709	9,8454	41,1072	0,6689	0,7303	104,5501	85,7093	7166,9740	0,0000	0,0000	0,0000
82,0000	87,7859	51,8748	70,1543	20,9835	12,0247	15,8716	8,8015	9,6771	105,1313	125,6751	106,3554	104,3082	31,4043	108,3748	41,0696	135,6444	93,5187	25,4845	0,0000	0,0000	0,0000	0,0000	0,0000	0,0000	0,0000	0,0000	0,0000	0,0000	579,5273	6311,6421	9,9889	84,8214	1384,0237	3,8841	2,0500	2,0800	1,5700	3,8900	3,8900	300,0000	150,0000	1300,0000	175,0000	175,0000	2,8000	0,4000	0,2300	0,3000	0,1800	0,6000	0,6000	6,3000	4,2472	35,9111	0,6972	0,7102	104,5501	85,7093	6311,5813	0,0000	0,0000	0,0000
82,0000	86,8542	50,2461	69,3622	22,3995	11,9380	16,6228	8,7968	9,7130	105,6048	125,3593	124,2612	122,0240	31,0721	110,7793	44,8276	137,1348	92,4429	27,4194	0,0000	0,0000	0,0000	0,0000	0,0000	0,0000	0,0000	0,0000	0,0000	0,0000	590,7740	6219,2199	9,8975	95,1387	1828,7523	4,3964	2,0500	2,0800	1,5700	3,8900	3,8900	300,0000	150,0000	1300,0000	175,0000	175,0000	2,8000	0,4000	0,2300	0,3000	0,1800	0,6000	0,6000	6,3000	3,8837	36,6081	0,6731	0,7195	104,5501	85,7093	6535,9904	0,0000	0,0000	0,0000
82,0000	87,6478	49,8249	69,8597	22,7687	12,3374	16,9563	8,8044	10,0325	108,5285	123,0671	125,0857	123,4819	31,3365	113,4667	45,6731	137,2359	93,3206	27,8531	0,0000	0,0000	0,0000	0,0000	0,0000	0,0000	0,0000	0,0000	0,0000	0,0000	587,2546	6430,5961	10,1315	92,6857	1884,5564	4,4565	2,0500	2,0800	1,5700	3,8900	3,8900	300,0000	150,0000	1300,0000	175,0000	175,0000	2,8000	0,4000	0,2300	0,3000	0,1800	0,6000	0,6000	6,3000	3,8833	37,8229	0,6672	0,7238	104,5501	85,7093	6734,6794	0,0000	0,0000	0,0000
82,0000	89,0405	50,1127	70,8469	22,9163	12,6298	17,1463	8,8006	10,2928	111,5169	121,5192	124,0048	122,8479	31,8363	115,5659	45,9980	136,7695	94,8417	27,9839	0,0000	0,0000	0,0000	0,0000	0,0000	0,0000	0,0000	0,0000	0,0000	0,0000	605,4773	6709,4042	10,4659	95,6668	1880,5411	4,4553	2,0500	2,0800	1,5700	3,8900	3,8900	300,0000	150,0000	1300,0000	175,0000	175,0000	2,8000	0,4000	0,2300	0,3000	0,1800	0,6000	0,6000	6,3000	3,8833	38,9278	0,6637	0,7245	104,5501	85,7093	6865,8247	0,0000	0,0000	0,0000
82,0000	90,3602	50,6797	72,0607	23,0034	12,8391	17,7402	9,2103	10,9591	113,7309	117,8807	122,9162	123,6131	32,3149	116,5099	46,1803	136,1549	96,2794	28,0472	0,0000	0,0000	0,0000	0,0000	0,0000	0,0000	0,0000	0,0000	0,0000	0,0000	623,1900	6896,9364	10,6970	97,8533	1827,3535	4,3979	2,0500	2,0800	1,5700	3,8900	3,8900	300,0000	150,0000	1300,0000	175,0000	175,0000	2,8000	0,4000	0,2300	0,3000	0,1800	0,6000	0,6000	8,5147	4,7632	39,6805	0,6608	0,7226	104,5501	85,7093	6903,9900	0,0000	0,0000	0,0000
82,0000	92,6847	52,3536	73,8548	25,5776	15,1381	20,4551	11,0895	13,8351	115,5392	99,7704	119,6641	119,2065	31,9351	117,7870	45,0346	132,6287	98,7019	30,3645	0,0000	0,0000	0,0000	0,0000	0,0000	0,0000	0,0000	0,0000	0,0000	0,0000	544,5670	6934,5226	10,6508	2,4850	1870,3392	4,3389	2,0500	2,0800	1,5700	3,8900	3,8900	300,0000	150,0000	1300,0000	175,0000	175,0000	2,8000	0,4000	0,2300	0,3000	0,1800	0,6000	0,6000	17,6898	9,9375	40,3311	0,6604	0,7289	104,5501	85,7093	7039,8498	0,0000	0,0000	0,0000
82,0000	93,8154	52,9403	74,6834	25,8486	17,2481	21,4349	11,9039	15,3638	117,4966	92,4959	99,3607	97,2991	31,7795	119,4304	42,4227	115,1547	99,9684	29,9481	0,0000	0,0000	0,0000	0,0000	0,0000	0,0000	0,0000	0,0000	0,0000	0,0000	495,3889	7045,1225	10,7200	13,3790	1442,8627	3,8699	2,0500	2,0800	1,5700	3,8900	3,8900	300,0000	150,0000	1300,0000	175,0000	175,0000	2,8000	0,4000	0,2300	0,3000	0,1800	0,6000	0,6000	24,3157	12,3800	40,8752	0,6316	0,7339	86,7778	108,7263	7187,3775	0,0000	0,0000	0,0000
82,0000	94,9927	53,4276	75,2497	26,3446	15,0903	20,9849	11,7884	15,1809	119,5435	94,2924	87,9233	96,2165	31,9246	119,4304	41,9774	108,6159	101,2695	30,0483	0,0000	0,0000	0,0000	0,0000	0,0000	0,0000	0,0000	0,0000	0,0000	0,0000	465,5735	7425,9266	11,1151	10,1372	1248,8417	3,6478	2,0500	2,0800	1,5700	3,8900	3,8900	300,0000	150,0000	1300,0000	175,0000	175,0000	2,8000	0,4000	0,2300	0,3000	0,1800	0,6000	0,6000	16,4873	12,4082	41,5651	0,6135	0,7327	101,6687	89,2255	7175,4780	0,0000	0,0000	0,0000
82,0000	90,5080	52,5851	71,8161	21,6888	11,9207	16,3210	9,2687	10,5811	111,0268	118,8652	95,9236	95,2427	31,8149	113,0865	38,7028	131,0435	96,5901	26,0602	0,0000	0,0000	0,0000	0,0000	0,0000	0,0000	0,0000	0,0000	0,0000	0,0000	538,2028	6892,7471	10,5966	56,5203	1253,7530	3,7056	2,0500	2,0800	1,5700	3,8900	3,8900	300,0000	150,0000	1300,0000	175,0000	175,0000	2,8000	0,4000	0,2300	0,3000	0,1800	0,6000	0,6000	6,3000	5,9395	37,9229	0,7047	0,7187	104,5501	85,7093	6664,2755	0,0000	0,0000	0,0000
82,0000	87,1721	50,8930	69,6558	21,9241	11,8263	16,3295	8,7776	9,6019	105,0794	126,4109	119,5662	117,4188	31,2149	109,6455	43,7420	136,9165	92,7797	26,7698	0,0000	0,0000	0,0000	0,0000	0,0000	0,0000	0,0000	0,0000	0,0000	0,0000	595,7416	6228,9127	9,9140	93,2488	1694,4087	4,2431	2,0500	2,0800	1,5700	3,8900	3,8900	300,0000	150,0000	1300,0000	175,0000	175,0000	2,8000	0,4000	0,2300	0,3000	0,1800	0,6000	0,6000	6,3000	3,8939	36,2790	0,6805	0,7153	104,5501	85,7093	6431,3115	0,0000	0,0000	0,0000
82,0000	87,2588	50,0059	69,6101	22,6518	12,1790	16,8374	8,8003	9,9005	107,1619	124,0529	125,1692	123,3056	31,2030	112,3907	45,4044	137,0283	92,8919	27,7255	0,0000	0,0000	0,0000	0,0000	0,0000	0,0000	0,0000	0,0000	0,0000	0,0000	595,6925	6328,0971	10,0256	97,5513	1873,3342	4,4493	2,0500	2,0800	1,5700	3,8900	3,8900	300,0000	150,0000	1300,0000	175,0000	175,0000	2,8000	0,4000	0,2300	0,3000	0,1800	0,6000	0,6000	6,3000	3,8833	37,2529	0,6686	0,7224	104,5501	85,7093	6657,3866	0,0000	0,0000	0,0000
82,0000	88,4617	49,9654	70,4342	22,8592	12,5150	17,0717	8,8012	10,1892	110,3312	122,1496	124,4517	123,1250	31,6282	114,7384	45,8734	136,9720	94,2099	27,9346	0,0000	0,0000	0,0000	0,0000	0,0000	0,0000	0,0000	0,0000	0,0000	0,0000	597,8602	6595,6450	10,3293	94,4687	1882,7506	4,4565	2,0500	2,0800	1,5700	3,8900	3,8900	300,0000	150,0000	1300,0000	175,0000	175,0000	2,8000	0,4000	0,2300	0,3000	0,1800	0,6000	0,6000	6,3000	3,8833	38,4963	0,6651	0,7243	104,5501	85,7093	6815,0367	0,0000	0,0000	0,0000
82,0000	89,8314	50,4434	71,4238	22,9683	12,7551	17,2239	8,7950	10,4098	112,8625	120,9874	123,3427	122,3776	32,1231	116,5015	46,1069	136,3938	95,7034	28,0216	0,0000	0,0000	0,0000	0,0000	0,0000	0,0000	0,0000	0,0000	0,0000	0,0000	616,0609	6852,4136	10,6389	96,9715	1874,2463	4,4497	2,0500	2,0800	1,5700	3,8900	3,8900	300,0000	150,0000	1300,0000	175,0000	175,0000	2,8000	0,4000	0,2300	0,3000	0,1800	0,6000	0,6000	6,3000	3,8833	39,3880	0,6620	0,7243	104,5501	85,7093	6919,0245	0,0000	0,0000	0,0000
82,0000	91,8710	51,0103	73,3011	24,4362	12,9318	19,3237	10,3729	12,5757	115,1299	107,6725	122,9066	124,2256	32,2264	116,9050	45,8504	135,8181	97,6581	29,0818	0,0000	0,0000	0,0000	0,0000	0,0000	0,0000	0,0000	0,0000	0,0000	0,0000	628,0969	6883,7068	10,6876	46,2961	1808,5375	4,3187	2,0500	2,0800	1,5700	3,8900	3,8900	300,0000	150,0000	1300,0000	175,0000	175,0000	2,8000	0,4000	0,2300	0,3000	0,1800	0,6000	0,6000	13,9925	7,6755	40,8607	0,6624	0,7243	104,5501	85,7093	6943,6484	0,0000	0,0000	0,0000
82,0000	93,2718	52,8504	74,2813	25,7111	16,4634	20,9957	11,5900	14,7544	116,2741	94,7330	107,3078	106,0751	31,7924	118,4441	43,2509	121,8002	99,3733	30,1031	0,0000	0,0000	0,0000	0,0000	0,0000	0,0000	0,0000	0,0000	0,0000	0,0000	501,5698	6971,4536	10,6440	14,9052	1608,0825	4,0577	2,0500	2,0800	1,5700	3,8900	3,8900	300,0000	150,0000	1300,0000	175,0000	175,0000	2,8000	0,4000	0,2300	0,3000	0,1800	0,6000	0,6000	21,1747	11,4714	40,4214	0,6449	0,7316	104,5501	85,7093	7105,4403	0,0000	0,0000	0,0000
82,0000	94,3592	53,1593	75,0681	26,1638	18,0074	21,8640	12,1778	15,8498	118,4047	90,9587	92,3544	91,6693	31,7718	119,4146	42,1184	109,7218	100,5545	29,9622	0,0000	0,0000	0,0000	0,0000	0,0000	0,0000	0,0000	0,0000	0,0000	0,0000	473,3858	7123,6976	10,7837	14,1916	1306,9246	3,7178	2,0500	2,0800	1,5700	3,8900	3,8900	300,0000	150,0000	1300,0000	175,0000	175,0000	2,8000	0,4000	0,2300	0,3000	0,1800	0,6000	0,6000	25,5404	13,1235	41,1998	0,6161	0,7339	87,7384	107,4033	7186,7065	0,0000	0,0000	0,0000
82,0000	94,2809	53,3443	74,4404	23,8797	12,4080	18,1473	10,3725	12,5592	118,9518	106,9357	89,7724	97,7814	32,3419	119,4146	38,6098	120,9670	100,6647	28,1745	0,0000	0,0000	0,0000	0,0000	0,0000	0,0000	0,0000	0,0000	0,0000	0,0000	494,0988	7609,6307	11,3541	3,1581	1232,3907	3,6215	2,0500	2,0800	1,5700	3,8900	3,8900	300,0000	150,0000	1300,0000	175,0000	175,0000	2,8000	0,4000	0,2300	0,3000	0,1800	0,6000	0,6000	6,3000	9,0737	40,9366	0,6808	0,7292	104,5501	85,7093	7139,9603	0,0000	0,0000	0,0000
82,0000	87,6468	51,8448	70,0694	21,0872	12,0551	15,9029	8,7762	9,6012	104,7335	126,3084	108,9090	106,8729	31,3887	108,4559	41,5813	136,0649	93,3330	25,6206	0,0000	0,0000	0,0000	0,0000	0,0000	0,0000	0,0000	0,0000	0,0000	0,0000	590,6213	6271,0001	9,9556	88,4514	1432,7958	3,9431	2,0500	2,0800	1,5700	3,8900	3,8900	300,0000	150,0000	1300,0000	175,0000	175,0000	2,8000	0,4000	0,2300	0,3000	0,1800	0,6000	0,6000	6,3000	4,0947	35,8019	0,6944	0,7106	104,5501	85,7093	6319,5101	0,0000	0,0000	0,0000
82,0000	86,8715	50,2183	69,3691	22,4534	11,9678	16,6609	8,7986	9,7358	105,7114	125,1728	124,6585	122,4518	31,0751	110,9884	44,9496	137,1324	92,4632	27,4901	0,0000	0,0000	0,0000	0,0000	0,0000	0,0000	0,0000	0,0000	0,0000	0,0000	590,9163	6224,8426	9,9040	95,4727	1841,8797	4,4116	2,0500	2,0800	1,5700	3,8900	3,8900	300,0000	150,0000	1300,0000	175,0000	175,0000	2,8000	0,4000	0,2300	0,3000	0,1800	0,6000	0,6000	6,3000	3,8835	36,6532	0,6722	0,7200	104,5501	85,7093	6552,8929	0,0000	0,0000	0,0000
82,0000	87,7423	49,8258	69,9248	22,7844	12,3628	16,9740	8,8048	10,0544	108,7685	122,9187	125,0327	123,4686	31,3699	113,6445	45,7084	137,2323	93,4241	27,8689	0,0000	0,0000	0,0000	0,0000	0,0000	0,0000	0,0000	0,0000	0,0000	0,0000	588,4679	6451,1425	10,1560	92,9440	1885,2394	4,4576	2,0500	2,0800	1,5700	3,8900	3,8900	300,0000	150,0000	1300,0000	175,0000	175,0000	2,8000	0,4000	0,2300	0,3000	0,1800	0,6000	0,6000	6,3000	3,8833	37,9165	0,6669	0,7240	104,5501	85,7093	6746,5168	0,0000	0,0000	0,0000
82,0000	89,1452	50,1506	70,9227	22,9249	12,6481	17,1581	8,8004	10,3095	111,7082	121,4280	123,9252	122,7951	31,8741	115,6997	46,0163	136,7296	94,9560	27,9910	0,0000	0,0000	0,0000	0,0000	0,0000	0,0000	0,0000	0,0000	0,0000	0,0000	606,8688	6728,9052	10,4895	95,8588	1879,9770	4,4549	2,0500	2,0800	1,5700	3,8900	3,8900	300,0000	150,0000	1300,0000	175,0000	175,0000	2,8000	0,4000	0,2300	0,3000	0,1800	0,6000	0,6000	6,3000	3,8833	38,9946	0,6635	0,7245	104,5501	85,7093	6873,6980	0,0000	0,0000	0,0000
82,0000	90,4493	50,7231	72,2344	23,0090	12,8526	17,9655	9,3922	11,1924	113,8695	116,4104	122,8459	123,8179	32,3472	116,4097	46,1917	136,1149	96,3764	28,0511	0,0000	0,0000	0,0000	0,0000	0,0000	0,0000	0,0000	0,0000	0,0000	0,0000	624,3976	6874,5784	10,6732	97,9960	1800,9021	4,3683	2,0500	2,0800	1,5700	3,8900	3,8900	300,0000	150,0000	1300,0000	175,0000	175,0000	2,8000	0,4000	0,2300	0,3000	0,1800	0,6000	0,6000	9,3420	5,1842	39,7261	0,6606	0,7221	104,5501	85,7093	6893,1244	0,0000	0,0000	0,0000
82,0000	92,7147	52,4558	73,8733	25,6448	15,4206	20,5786	11,1953	14,0232	115,4971	98,5665	117,7220	116,9937	31,8659	117,8701	44,7225	130,8956	98,7454	30,3775	0,0000	0,0000	0,0000	0,0000	0,0000	0,0000	0,0000	0,0000	0,0000	0,0000	540,9083	6922,9814	10,6337	1,1151	1833,4128	4,2958	2,0500	2,0800	1,5700	3,8900	3,8900	300,0000	150,0000	1300,0000	175,0000	175,0000	2,8000	0,4000	0,2300	0,3000	0,1800	0,6000	0,6000	18,3194	10,2680	40,2589	0,6583	0,7297	104,5501	85,7093	7052,3497	0,0000	0,0000	0,0000
82,0000	93,8676	52,9348	74,7236	25,8946	17,3868	21,5358	11,9709	15,4780	117,6389	92,0404	98,0320	95,6645	31,7585	119,6176	42,3194	114,0788	100,0250	29,9402	0,0000	0,0000	0,0000	0,0000	0,0000	0,0000	0,0000	0,0000	0,0000	0,0000	493,6205	7047,9865	10,7212	12,8213	1415,8857	3,8389	2,0500	2,0800	1,5700	3,8900	3,8900	300,0000	150,0000	1300,0000	175,0000	175,0000	2,8000	0,4000	0,2300	0,3000	0,1800	0,6000	0,6000	25,0682	12,5540	40,9328	0,6290	0,7345	74,2480	126,7445	7204,4494	0,0000	0,0000	0,0000
82,0000	95,0718	53,4437	75,2101	26,2760	14,5193	20,5733	11,6008	14,8335	119,7521	95,8736	87,4221	96,6327	31,9591	119,6176	41,8014	110,7506	101,3524	29,9777	0,0000	0,0000	0,0000	0,0000	0,0000	0,0000	0,0000	0,0000	0,0000	0,0000	473,5511	7504,8673	11,2130	1,5528	1246,2028	3,6352	2,0500	2,0800	1,5700	3,8900	3,8900	300,0000	150,0000	1300,0000	175,0000	175,0000	2,8000	0,4000	0,2300	0,3000	0,1800	0,6000	0,6000	14,2780	12,0008	41,6281	0,6226	0,7328	104,5501	85,7093	7187,9983	0,0000	0,0000	0,0000
82,0000	89,5910	52,3230	71,2327	21,4021	11,9356	16,1332	9,1108	10,2984	109,0464	120,8685	98,1752	96,7628	31,6571	111,4791	39,2022	132,5663	95,5927	25,8309	0,0000	0,0000	0,0000	0,0000	0,0000	0,0000	0,0000	0,0000	0,0000	0,0000	550,9716	6702,6720	10,3970	67,8726	1278,8862	3,7467	2,0500	2,0800	1,5700	3,8900	3,8900	300,0000	150,0000	1300,0000	175,0000	175,0000	2,8000	0,4000	0,2300	0,3000	0,1800	0,6000	0,6000	6,3000	5,4268	37,2680	0,7043	0,7160	104,5501	85,7093	6545,4036	0,0000	0,0000	0,0000
82,0000	87,0449	50,6567	69,5428	22,0732	11,8459	16,4176	8,7837	9,6287	105,2354	126,1560	121,1428	118,9469	31,1607	109,9426	44,0847	137,0041	92,6433	26,9755	0,0000	0,0000	0,0000	0,0000	0,0000	0,0000	0,0000	0,0000	0,0000	0,0000	593,8200	6223,3464	9,9056	93,7149	1737,8298	4,2925	2,0500	2,0800	1,5700	3,8900	3,8900	300,0000	150,0000	1300,0000	175,0000	175,0000	2,8000	0,4000	0,2300	0,3000	0,1800	0,6000	0,6000	6,3000	3,8886	36,3882	0,6782	0,7166	104,5501	85,7093	6460,1125	0,0000	0,0000	0,0000
82,0000	87,3481	49,9413	69,6649	22,6864	12,2241	16,8715	8,8014	9,9368	107,5266	123,7836	125,1749	123,3853	31,2331	112,6881	45,4845	137,1125	92,9906	27,7642	0,0000	0,0000	0,0000	0,0000	0,0000	0,0000	0,0000	0,0000	0,0000	0,0000	596,8139	6353,9496	10,0560	98,0080	1877,1929	4,4542	2,0500	2,0800	1,5700	3,8900	3,8900	300,0000	150,0000	1300,0000	175,0000	175,0000	2,8000	0,4000	0,2300	0,3000	0,1800	0,6000	0,6000	6,3000	3,8833	37,4068	0,6683	0,7228	104,5501	85,7093	6679,3152	0,0000	0,0000	0,0000
82,0000	88,6165	49,9982	70,5440	22,8753	12,5470	17,0925	8,8010	10,2179	110,6616	121,9747	124,3305	123,0517	31,6838	114,9686	45,9087	136,9187	94,3790	27,9486	0,0000	0,0000	0,0000	0,0000	0,0000	0,0000	0,0000	0,0000	0,0000	0,0000	599,8904	6626,6483	10,3665	94,8004	1882,2256	4,4563	2,0500	2,0800	1,5700	3,8900	3,8900	300,0000	150,0000	1300,0000	175,0000	175,0000	2,8000	0,4000	0,2300	0,3000	0,1800	0,6000	0,6000	6,3000	3,8833	38,6182	0,6647	0,7244	104,5501	85,7093	6829,3502	0,0000	0,0000	0,0000
82,0000	89,9767	50,5064	71,5301	22,9780	12,7784	17,2392	8,7951	10,4321	113,1049	120,8853	123,2245	122,2996	32,1758	116,6715	46,1273	136,3276	95,8617	28,0287	0,0000	0,0000	0,0000	0,0000	0,0000	0,0000	0,0000	0,0000	0,0000	0,0000	618,0156	6878,5795	10,6705	97,2150	1873,0925	4,4487	2,0500	2,0800	1,5700	3,8900	3,8900	300,0000	150,0000	1300,0000	175,0000	175,0000	2,8000	0,4000	0,2300	0,3000	0,1800	0,6000	0,6000	6,3384	3,8851	39,4703	0,6616	0,7242	104,5501	85,7093	6928,6477	0,0000	0,0000	0,0000
82,0000	92,2365	51,3867	73,5423	24,8414	13,1790	19,6699	10,5966	12,9279	115,4225	105,5473	122,9876	124,1778	32,1822	117,1382	45,7313	135,7582	98,1222	29,6091	0,0000	0,0000	0,0000	0,0000	0,0000	0,0000	0,0000	0,0000	0,0000	0,0000	599,8620	6929,5587	10,7075	31,3530	1862,2917	4,3624	2,0500	2,0800	1,5700	3,8900	3,8900	300,0000	150,0000	1300,0000	175,0000	175,0000	2,8000	0,4000	0,2300	0,3000	0,1800	0,6000	0,6000	15,1386	8,3124	40,8498	0,6631	0,7253	104,5501	85,7093	6966,3901	0,0000	0,0000	0,0000
82,0000	93,4345	52,9073	74,4015	25,7261	16,6543	21,0853	11,6604	14,8977	116,5781	94,2178	105,2569	103,9142	31,8030	118,6507	43,0050	120,0530	99,5518	30,0458	0,0000	0,0000	0,0000	0,0000	0,0000	0,0000	0,0000	0,0000	0,0000	0,0000	500,6264	6993,9924	10,6683	14,7200	1564,4500	4,0083	2,0500	2,0800	1,5700	3,8900	3,8900	300,0000	150,0000	1300,0000	175,0000	175,0000	2,8000	0,4000	0,2300	0,3000	0,1800	0,6000	0,6000	21,8230	11,6883	40,5271	0,6418	0,7320	104,5501	85,7093	7121,5067	0,0000	0,0000	0,0000
82,0000	94,5212	53,2344	75,1551	26,2408	17,6860	21,8292	12,1619	15,8411	118,6520	91,1696	91,1354	92,7714	31,7974	118,8100	42,1450	108,8561	100,7289	29,9835	0,0000	0,0000	0,0000	0,0000	0,0000	0,0000	0,0000	0,0000	0,0000	0,0000	474,1005	7168,9720	10,8354	11,2038	1288,4878	3,6937	2,0500	2,0800	1,5700	3,8900	3,8900	300,0000	150,0000	1300,0000	175,0000	175,0000	2,8000	0,4000	0,2300	0,3000	0,1800	0,6000	0,6000	23,7076	13,1272	41,2868	0,6128	0,7324	90,8291	103,2055	7135,0294	0,0000	0,0000	0,0000
82,0000	93,8110	53,1685	74,0872	23,2401	12,1485	17,5952	10,0870	12,0125	118,1049	109,8150	90,5257	96,2563	32,3572	118,8100	38,1873	123,4239	100,1540	27,5175	0,0000	0,0000	0,0000	0,0000	0,0000	0,0000	0,0000	0,0000	0,0000	0,0000	517,6371	7547,0066	11,3101	17,5324	1218,3764	3,6219	2,0500	2,0800	1,5700	3,8900	3,8900	300,0000	150,0000	1300,0000	175,0000	175,0000	2,8000	0,4000	0,2300	0,3000	0,1800	0,6000	0,6000	6,3000	8,3098	40,6424	0,6906	0,7277	104,5501	85,7093	7089,1296	0,0000	0,0000	0,0000
82,0000	87,5459	51,7578	69,9970	21,2479	11,9952	15,9677	8,7667	9,5572	104,5046	126,6686	111,5514	109,5131	31,3662	108,5669	42,0886	136,3809	93,2012	25,8386	0,0000	0,0000	0,0000	0,0000	0,0000	0,0000	0,0000	0,0000	0,0000	0,0000	588,6518	6244,1975	9,9232	87,3209	1489,9617	4,0062	2,0500	2,0800	1,5700	3,8900	3,8900	300,0000	150,0000	1300,0000	175,0000	175,0000	2,8000	0,4000	0,2300	0,3000	0,1800	0,6000	0,6000	6,3000	3,9995	35,7880	0,6914	0,7111	104,5501	85,7093	6330,4601	0,0000	0,0000	0,0000
82,0000	86,8995	50,1867	69,3831	22,4998	12,0008	16,6960	8,7996	9,7602	105,8533	124,9785	124,9372	122,7770	31,0823	111,2069	45,0553	137,1131	92,4952	27,5494	0,0000	0,0000	0,0000	0,0000	0,0000	0,0000	0,0000	0,0000	0,0000	0,0000	591,2018	6233,3219	9,9139	95,8128	1852,1160	4,4235	2,0500	2,0800	1,5700	3,8900	3,8900	300,0000	150,0000	1300,0000	175,0000	175,0000	2,8000	0,4000	0,2300	0,3000	0,1800	0,6000	0,6000	6,3000	3,8834	36,7128	0,6714	0,7205	104,5501	85,7093	6570,2142	0,0000	0,0000	0,0000
82,0000	87,8439	49,8321	69,9953	22,7987	12,3883	16,9911	8,8046	10,0764	109,0175	122,7721	124,9610	123,4372	31,4061	113,8240	45,7405	137,2119	93,5353	27,8827	0,0000	0,0000	0,0000	0,0000	0,0000	0,0000	0,0000	0,0000	0,0000	0,0000	589,7764	6472,8127	10,1819	93,1998	1885,4710	4,4581	2,0500	2,0800	1,5700	3,8900	3,8900	300,0000	150,0000	1300,0000	175,0000	175,0000	2,8000	0,4000	0,2300	0,3000	0,1800	0,6000	0,6000	6,3000	3,8833	38,0118	0,6666	0,7241	104,5501	85,7093	6758,2705	0,0000	0,0000	0,0000
82,0000	89,2525	50,1911	71,0004	22,9327	12,6664	17,1694	8,7997	10,3262	111,9003	121,3399	123,8365	122,7337	31,9129	115,8331	46,0329	136,6813	95,0729	27,9970	0,0000	0,0000	0,0000	0,0000	0,0000	0,0000	0,0000	0,0000	0,0000	0,0000	608,2956	6748,7438	10,5134	96,0464	1879,1997	4,4543	2,0500	2,0800	1,5700	3,8900	3,8900	300,0000	150,0000	1300,0000	175,0000	175,0000	2,8000	0,4000	0,2300	0,3000	0,1800	0,6000	0,6000	6,3000	3,8833	39,0615	0,6632	0,7245	104,5501	85,7093	6881,4488	0,0000	0,0000	0,0000
82,0000	90,5386	50,7675	72,4141	23,0139	12,8658	18,2169	9,5916	11,4521	114,0073	114,7364	122,7692	123,9232	32,3797	116,3727	46,2017	136,0688	96,4736	28,0542	0,0000	0,0000	0,0000	0,0000	0,0000	0,0000	0,0000	0,0000	0,0000	0,0000	612,7653	6843,4673	10,6251	80,7160	1767,7513	4,3115	2,0500	2,0800	1,5700	3,8900	3,8900	300,0000	150,0000	1300,0000	175,0000	175,0000	2,8000	0,4000	0,2300	0,3000	0,1800	0,6000	0,6000	10,2416	5,6561	39,7711	0,6605	0,7218	104,5501	85,7093	6887,4235	0,0000	0,0000	0,0000
82,0000	92,7604	52,5322	73,9041	25,6788	15,6756	20,6814	11,2935	14,1956	115,5209	97,4927	115,5447	114,6370	31,8114	117,9385	44,3850	128,9638	98,8031	30,3449	0,0000	0,0000	0,0000	0,0000	0,0000	0,0000	0,0000	0,0000	0,0000	0,0000	522,5474	6917,4740	10,6068	7,0588	1787,6858	4,2510	2,0500	2,0800	1,5700	3,8900	3,8900	300,0000	150,0000	1300,0000	175,0000	175,0000	2,8000	0,4000	0,2300	0,3000	0,1800	0,6000	0,6000	18,9390	10,5683	40,2282	0,6558	0,7303	104,5501	85,7093	7062,4282	0,0000	0,0000	0,0000
82,0000	93,9218	52,9425	74,7644	25,9437	17,5213	21,6331	12,0324	15,5836	117,7579	91,6366	96,7691	94,3345	31,7397	119,7956	42,2347	113,0697	100,0834	29,9363	0,0000	0,0000	0,0000	0,0000	0,0000	0,0000	0,0000	0,0000	0,0000	0,0000	491,9536	7050,3404	10,7220	12,1243	1390,5543	3,8096	2,0500	2,0800	1,5700	3,8900	3,8900	300,0000	150,0000	1300,0000	175,0000	175,0000	2,8000	0,4000	0,2300	0,3000	0,1800	0,6000	0,6000	25,4766	12,7138	40,9792	0,6265	0,7351	76,3984	123,5565	7220,5813	0,0000	0,0000	0,0000
82,0000	95,1513	53,4366	75,1365	26,1955	13,9822	20,1066	11,3804	14,4198	119,8793	97,7752	87,3280	96,9264	32,0439	119,7956	41,3737	112,9734	101,4356	29,8864	0,0000	0,0000	0,0000	0,0000	0,0000	0,0000	0,0000	0,0000	0,0000	0,0000	502,1640	7572,9662	11,3219	10,1209	1246,9703	3,6457	2,0500	2,0800	1,5700	3,8900	3,8900	300,0000	150,0000	1300,0000	175,0000	175,0000	2,8000	0,4000	0,2300	0,3000	0,1800	0,6000	0,6000	12,3504	11,5061	41,7147	0,6338	0,7325	104,5501	85,7093	7195,6369	0,0000	0,0000	0,0000
82,0000	88,8248	52,1153	70,7636	21,1720	11,9564	15,9989	8,9855	10,0625	107,4082	122,5960	100,4925	98,6595	31,5351	110,1579	39,7385	133,7759	94,7458	25,6440	0,0000	0,0000	0,0000	0,0000	0,0000	0,0000	0,0000	0,0000	0,0000	0,0000	547,2823	6542,9202	10,2130	71,0992	1304,6457	3,7793	2,0500	2,0800	1,5700	3,8900	3,8900	300,0000	150,0000	1300,0000	175,0000	175,0000	2,8000	0,4000	0,2300	0,3000	0,1800	0,6000	0,6000	6,3000	4,9922	36,7095	0,7029	0,7137	104,5501	85,7093	6447,0688	0,0000	0,0000	0,0000
82,0000	86,9344	50,4682	69,4456	22,1947	11,8678	16,4906	8,7890	9,6532	105,3436	125,9005	122,3868	120,1538	31,1135	110,1990	44,3623	137,0733	92,5253	27,1426	0,0000	0,0000	0,0000	0,0000	0,0000	0,0000	0,0000	0,0000	0,0000	0,0000	592,1593	6217,0915	9,8967	94,1597	1772,9931	4,3326	2,0500	2,0800	1,5700	3,8900	3,8900	300,0000	150,0000	1300,0000	175,0000	175,0000	2,8000	0,4000	0,2300	0,3000	0,1800	0,6000	0,6000	6,3000	3,8859	36,4662	0,6764	0,7177	104,5501	85,7093	6485,0139	0,0000	0,0000	0,0000
82,0000	87,4243	49,8827	69,7115	22,7155	12,2623	16,9004	8,8026	9,9678	107,8420	123,5389	125,1739	123,4464	31,2587	112,9406	45,5517	137,1790	93,0750	27,7965	0,0000	0,0000	0,0000	0,0000	0,0000	0,0000	0,0000	0,0000	0,0000	0,0000	584,4348	6376,3113	10,0672	91,9036	1880,2952	4,4508	2,0500	2,0800	1,5700	3,8900	3,8900	300,0000	150,0000	1300,0000	175,0000	175,0000	2,8000	0,4000	0,2300	0,3000	0,1800	0,6000	0,6000	6,3000	3,8833	37,5416	0,6679	0,7232	104,5501	85,7093	6697,9159	0,0000	0,0000	0,0000
