HR	AOPmax	AOPmin	AOPmean	PAPmax	PAPmin	PAPmean	PRAmean	WedgeP	QLV	Qsist	QRV	Qpulm	LVes	LVed	RVes	RVed	Plvmax	Prvmax	QVADmax	QVADmin	QVADmean	QECMO	P1mean	P2mean	P3mean	Qventing	Qinflow1	Qinflow2	PELeftV	SWLeftV	MVO2LeftV	PERightV	SWRightV	MVO2RightV	RupAbr	RkidAbr	RsplAbr	RllAbr	RrlAbr	V0upbr	V0kidbr	V0spbr	V0llbr	V0rlbr	Emaxl	Emaxr	RupVbr	RkidVbr	RspVbr	RllVbr	RrlVbr	Paw	Ppleural	PP	RV EF 	LV EF 	Ccw linear	Cl linear	CO	ECMOflowma	ECMOlfowmi	ECMOvol
82,0000	92,8127	52,8105	73,2669	25,1476	13,2920	18,9166	10,2017	12,8236	115,4787	105,7671	105,6607	106,0598	31,8319	116,3623	42,5586	122,0014	98,9307	29,6034	0,0000	0,0000	0,0000	0,0000	0,0000	0,0000	0,0000	0,0000	0,0000	0,0000	535,9892	7155,5831	10,8900	24,5755	1636,7696	4,1008	2,0500	2,0800	1,5700	3,8900	3,8900	300,0000	150,0000	1300,0000	175,0000	175,0000	2,8000	0,4000	0,2300	0,3000	0,1800	0,6000	0,6000	8,9051	8,4221	40,0021	0,6512	0,7264	57,3268	153,5196	6931,4923	0,0000	0,0000	0,0000
82,0000	90,6536	51,2109	72,0957	21,8007	12,7906	16,6394	8,7863	10,4263	113,6569	122,3264	108,0651	107,6268	32,4340	115,6309	43,1613	134,1995	96,6145	26,3598	0,0000	0,0000	0,0000	0,0000	0,0000	0,0000	0,0000	0,0000	0,0000	0,0000	613,3959	6995,5024	10,7970	89,9571	1481,8230	4,0000	2,0500	2,0800	1,5700	3,8900	3,8900	300,0000	150,0000	1300,0000	175,0000	175,0000	2,8000	0,4000	0,2300	0,3000	0,1800	0,6000	0,6000	6,4000	4,1437	39,4427	0,6784	0,7195	57,3268	153,5196	6822,1437	0,0000	0,0000	0,0000
82,0000	90,6803	51,4420	72,1479	22,7780	12,6968	17,1693	8,8565	10,4501	112,9357	122,0873	121,2996	120,5425	32,4334	115,9967	45,5270	135,1018	96,6135	27,7484	0,0000	0,0000	0,0000	0,0000	0,0000	0,0000	0,0000	0,0000	0,0000	0,0000	626,9602	6933,9707	10,7429	94,3788	1808,0955	4,3723	2,0500	2,0800	1,5700	3,8900	3,8900	300,0000	150,0000	1300,0000	175,0000	175,0000	2,8000	0,4000	0,2300	0,3000	0,1800	0,6000	0,6000	6,8752	4,0704	39,2383	0,6630	0,7204	57,3268	153,5196	6852,1881	0,0000	0,0000	0,0000
82,0000	92,4505	52,1597	73,7219	25,2394	13,9677	20,0292	10,8616	13,2921	114,6857	104,0137	122,7112	123,3960	32,0467	116,7407	45,3555	135,1801	98,3733	30,0309	0,0000	0,0000	0,0000	0,0000	0,0000	0,0000	0,0000	0,0000	0,0000	0,0000	576,7034	6885,3933	10,6317	14,4426	1892,8888	4,3778	2,0500	2,0800	1,5700	3,8900	3,8900	300,0000	150,0000	1300,0000	175,0000	175,0000	2,8000	0,4000	0,2300	0,3000	0,1800	0,6000	0,6000	15,9297	9,1402	40,2908	0,6645	0,7255	57,3268	153,5196	6944,9015	0,0000	0,0000	0,0000
82,0000	92,6370	52,7451	73,1269	24,3738	12,9916	18,3214	9,8324	12,3236	115,7563	109,1769	103,1720	103,4493	32,0071	116,7407	42,0202	125,0116	98,9297	29,0646	0,0000	0,0000	0,0000	0,0000	0,0000	0,0000	0,0000	0,0000	0,0000	0,0000	497,5455	7229,7107	10,9302	25,4010	1573,4908	4,0305	2,0500	2,0800	1,5700	3,8900	3,8900	300,0000	150,0000	1300,0000	175,0000	175,0000	2,8000	0,4000	0,2300	0,3000	0,1800	0,6000	0,6000	7,5810	7,5426	39,8920	0,6639	0,7258	57,3268	153,5196	6948,1533	0,0000	0,0000	0,0000
82,0000	90,7569	51,2760	72,1815	22,0015	12,8289	16,7199	8,7723	10,3794	113,5601	122,9745	111,3498	110,8807	32,4867	115,6127	43,7460	134,4488	96,7021	26,6403	0,0000	0,0000	0,0000	0,0000	0,0000	0,0000	0,0000	0,0000	0,0000	0,0000	628,8375	6993,5391	10,8121	94,2669	1556,4827	4,0889	2,0500	2,0800	1,5700	3,8900	3,8900	300,0000	150,0000	1300,0000	175,0000	175,0000	2,8000	0,4000	0,2300	0,3000	0,1800	0,6000	0,6000	6,4000	4,0417	39,4809	0,6746	0,7190	57,3268	153,5196	6816,3323	0,0000	0,0000	0,0000
82,0000	90,7861	51,5026	72,3452	22,8218	12,7342	17,4235	9,0524	10,7001	113,0889	120,7827	121,4966	121,6279	32,4697	115,9209	45,6258	134,5613	96,7295	27,8025	0,0000	0,0000	0,0000	0,0000	0,0000	0,0000	0,0000	0,0000	0,0000	0,0000	628,3590	6928,5846	10,7385	94,7199	1796,5199	4,3597	2,0500	2,0800	1,5700	3,8900	3,8900	300,0000	150,0000	1300,0000	175,0000	175,0000	2,8000	0,4000	0,2300	0,3000	0,1800	0,6000	0,6000	7,9490	4,4805	39,2834	0,6609	0,7199	57,3268	153,5196	6842,9985	0,0000	0,0000	0,0000
82,0000	92,6249	52,5500	73,7949	25,5802	14,8274	20,2875	10,9990	13,6118	114,7497	101,9168	121,1318	121,2326	31,9241	116,9206	45,0724	133,7409	98,6054	30,3742	0,0000	0,0000	0,0000	0,0000	0,0000	0,0000	0,0000	0,0000	0,0000	0,0000	556,6169	6899,6585	10,6251	4,4204	1900,6711	4,3753	2,0500	2,0800	1,5700	3,8900	3,8900	300,0000	150,0000	1300,0000	175,0000	175,0000	2,8000	0,4000	0,2300	0,3000	0,1800	0,6000	0,6000	16,0369	9,7107	40,0749	0,6630	0,7270	57,3268	153,5196	6969,7130	0,0000	0,0000	0,0000
82,0000	92,2475	52,5264	72,9038	23,4895	12,8480	17,7266	9,4738	11,7917	115,7882	112,6881	101,4845	101,6662	32,1637	116,9206	41,6862	127,8353	98,5111	28,1335	0,0000	0,0000	0,0000	0,0000	0,0000	0,0000	0,0000	0,0000	0,0000	0,0000	528,1124	7243,6498	10,9803	47,6427	1497,2828	3,9698	2,0500	2,0800	1,5700	3,8900	3,8900	300,0000	150,0000	1300,0000	175,0000	175,0000	2,8000	0,4000	0,2300	0,3000	0,1800	0,6000	0,6000	6,4000	6,6033	39,7211	0,6739	0,7249	57,3268	153,5196	6950,0682	0,0000	0,0000	0,0000
82,0000	90,8224	51,3644	72,2334	22,2207	12,7321	16,8210	8,7741	10,3627	113,4523	123,1669	114,4424	113,8233	32,5097	115,5567	44,2743	134,6531	96,7648	26,9543	0,0000	0,0000	0,0000	0,0000	0,0000	0,0000	0,0000	0,0000	0,0000	0,0000	629,4472	6989,8145	10,8086	93,7304	1632,3898	4,1738	2,0500	2,0800	1,5700	3,8900	3,8900	300,0000	150,0000	1300,0000	175,0000	175,0000	2,8000	0,4000	0,2300	0,3000	0,1800	0,6000	0,6000	6,4000	4,0003	39,4580	0,6712	0,7187	57,3268	153,5196	6809,8601	0,0000	0,0000	0,0000
82,0000	90,8691	51,5300	72,5689	22,8612	12,7708	17,7749	9,3246	11,0511	113,2519	118,6380	121,6467	122,3848	32,4976	115,7612	45,7153	134,7607	96,8209	27,8504	0,0000	0,0000	0,0000	0,0000	0,0000	0,0000	0,0000	0,0000	0,0000	0,0000	629,4343	6902,8530	10,7107	95,0775	1774,5917	4,3354	2,0500	2,0800	1,5700	3,8900	3,8900	300,0000	150,0000	1300,0000	175,0000	175,0000	2,8000	0,4000	0,2300	0,3000	0,1800	0,6000	0,6000	9,2800	5,0927	39,3391	0,6608	0,7193	57,3268	153,5196	6827,6117	0,0000	0,0000	0,0000
82,0000	92,6769	52,7409	73,7360	25,7586	15,3905	20,3249	11,0260	13,7571	114,7056	100,7420	118,2740	118,3525	31,7967	116,8070	44,6520	131,2290	98,6867	30,4821	0,0000	0,0000	0,0000	0,0000	0,0000	0,0000	0,0000	0,0000	0,0000	0,0000	538,3284	6913,4370	10,6200	0,7655	1867,5941	4,3339	2,0500	2,0800	1,5700	3,8900	3,8900	300,0000	150,0000	1300,0000	175,0000	175,0000	2,8000	0,4000	0,2300	0,3000	0,1800	0,6000	0,6000	14,7058	9,9729	39,9360	0,6597	0,7278	57,3268	153,5196	6970,8428	0,0000	0,0000	0,0000
82,0000	91,7481	52,0745	72,6219	22,6889	12,7776	17,2128	9,1910	11,3026	115,4788	115,8358	100,7333	100,5990	32,2765	116,8070	41,5909	130,2254	97,9692	27,2867	0,0000	0,0000	0,0000	0,0000	0,0000	0,0000	0,0000	0,0000	0,0000	0,0000	554,1277	7206,2941	10,9675	66,5406	1431,4586	3,9169	2,0500	2,0800	1,5700	3,8900	3,8900	300,0000	150,0000	1300,0000	175,0000	175,0000	2,8000	0,4000	0,2300	0,3000	0,1800	0,6000	0,6000	6,4000	5,7443	39,6736	0,6806	0,7237	57,3268	153,5196	6931,4970	0,0000	0,0000	0,0000
82,0000	90,7812	51,4079	72,2037	22,4113	12,6749	16,9119	8,7847	10,3541	113,2346	123,0346	117,0691	116,2369	32,4886	115,4826	44,7073	134,8847	96,7184	27,2314	0,0000	0,0000	0,0000	0,0000	0,0000	0,0000	0,0000	0,0000	0,0000	0,0000	628,7094	6971,3072	10,7870	93,5992	1698,4202	4,2480	2,0500	2,0800	1,5700	3,8900	3,8900	300,0000	150,0000	1300,0000	175,0000	175,0000	2,8000	0,4000	0,2300	0,3000	0,1800	0,6000	0,6000	6,4000	3,9849	39,3733	0,6686	0,7187	57,3268	153,5196	6805,5078	0,0000	0,0000	0,0000
82,0000	90,8886	51,5045	72,7639	22,8982	12,7993	18,1956	9,6507	11,4700	113,3612	115,8219	121,8421	122,8720	32,5021	115,7008	45,7996	134,9880	96,8435	27,8968	0,0000	0,0000	0,0000	0,0000	0,0000	0,0000	0,0000	0,0000	0,0000	0,0000	616,8822	6834,1953	10,6193	78,3301	1730,9530	4,2674	2,0500	2,0800	1,5700	3,8900	3,8900	300,0000	150,0000	1300,0000	175,0000	175,0000	2,8000	0,4000	0,2300	0,3000	0,1800	0,6000	0,6000	10,8154	5,8474	39,3841	0,6607	0,7191	57,3268	153,5196	6822,2888	0,0000	0,0000	0,0000
82,0000	92,7148	52,8158	73,5971	25,8450	14,9719	20,1431	10,9307	13,7055	114,7293	100,6630	114,7919	115,0332	31,7189	116,4138	44,1448	128,1725	98,7428	30,4615	0,0000	0,0000	0,0000	0,0000	0,0000	0,0000	0,0000	0,0000	0,0000	0,0000	524,4559	6944,9631	10,6399	1,9065	1810,5235	4,2709	2,0500	2,0800	1,5700	3,8900	3,8900	300,0000	150,0000	1300,0000	175,0000	175,0000	2,8000	0,4000	0,2300	0,3000	0,1800	0,6000	0,6000	13,1704	9,9074	39,8990	0,6556	0,7275	57,3268	153,5196	6944,9851	0,0000	0,0000	0,0000
82,0000	91,1946	51,6697	72,3306	22,0815	12,7513	16,8621	8,9948	10,9214	114,8657	118,3825	101,3848	100,9850	32,3321	116,4138	41,8058	132,0156	97,3460	26,6474	0,0000	0,0000	0,0000	0,0000	0,0000	0,0000	0,0000	0,0000	0,0000	0,0000	557,2201	7130,0943	10,8852	72,6490	1398,1901	3,8864	2,0500	2,0800	1,5700	3,8900	3,8900	300,0000	150,0000	1300,0000	175,0000	175,0000	2,8000	0,4000	0,2300	0,3000	0,1800	0,6000	0,6000	6,4000	5,0606	39,5248	0,6833	0,7223	57,3268	153,5196	6894,7000	0,0000	0,0000	0,0000
82,0000	90,6947	51,3961	72,1371	22,5611	12,6548	16,9880	8,7959	10,3560	113,0409	122,7747	119,0247	118,0206	32,4502	115,5821	45,0424	135,0772	96,6254	27,4479	0,0000	0,0000	0,0000	0,0000	0,0000	0,0000	0,0000	0,0000	0,0000	0,0000	627,3853	6950,2568	10,7618	93,7050	1748,8255	4,3048	2,0500	2,0800	1,5700	3,8900	3,8900	300,0000	150,0000	1300,0000	175,0000	175,0000	2,8000	0,4000	0,2300	0,3000	0,1800	0,6000	0,6000	6,4000	3,9794	39,2986	0,6665	0,7192	57,3268	153,5196	6816,8190	0,0000	0,0000	0,0000
82,0000	90,9009	51,4578	73,0012	22,9310	12,8261	18,6797	10,0104	11,9472	113,6628	112,5593	122,1359	123,2380	32,3810	115,8111	45,7735	135,1770	96,8582	27,9374	0,0000	0,0000	0,0000	0,0000	0,0000	0,0000	0,0000	0,0000	0,0000	0,0000	588,1883	6798,5035	10,5468	47,1346	1718,3660	4,2181	2,0500	2,0800	1,5700	3,8900	3,8900	300,0000	150,0000	1300,0000	175,0000	175,0000	2,8000	0,4000	0,2300	0,3000	0,1800	0,6000	0,6000	12,5317	6,7131	39,4430	0,6614	0,7204	57,3268	153,5196	6841,2755	0,0000	0,0000	0,0000
82,0000	92,6781	52,8830	73,4596	25,5800	14,2162	19,7754	10,7220	13,4774	114,8984	101,7466	111,0713	111,4312	31,7055	115,9988	43,5366	124,8409	98,7906	30,2229	0,0000	0,0000	0,0000	0,0000	0,0000	0,0000	0,0000	0,0000	0,0000	0,0000	497,0095	7009,1288	10,6813	8,8480	1741,8392	4,2014	2,0500	2,0800	1,5700	3,8900	3,8900	300,0000	150,0000	1300,0000	175,0000	175,0000	2,8000	0,4000	0,2300	0,3000	0,1800	0,6000	0,6000	11,4542	9,5382	39,7950	0,6513	0,7267	57,3268	153,5196	6912,0551	0,0000	0,0000	0,0000
82,0000	90,7954	51,3693	72,1356	21,7521	12,7511	16,6698	8,8710	10,6500	114,2508	120,3381	103,2581	102,7770	32,3672	115,9988	42,2363	133,2185	96,8577	26,2845	0,0000	0,0000	0,0000	0,0000	0,0000	0,0000	0,0000	0,0000	0,0000	0,0000	586,2624	7055,9517	10,8345	83,4383	1401,3446	3,9021	2,0500	2,0800	1,5700	3,8900	3,8900	300,0000	150,0000	1300,0000	175,0000	175,0000	2,8000	0,4000	0,2300	0,3000	0,1800	0,6000	0,6000	6,4000	4,5661	39,4261	0,6830	0,7210	57,3268	153,5196	6857,7929	0,0000	0,0000	0,0000
82,0000	90,6325	51,3885	72,0884	22,6688	12,6579	17,0469	8,8038	10,3652	112,9080	122,5353	120,3164	119,2170	32,4219	115,7065	45,2828	135,1958	96,5595	27,6011	0,0000	0,0000	0,0000	0,0000	0,0000	0,0000	0,0000	0,0000	0,0000	0,0000	626,4245	6935,0991	10,7436	93,9122	1783,3407	4,3439	2,0500	2,0800	1,5700	3,8900	3,8900	300,0000	150,0000	1300,0000	175,0000	175,0000	2,8000	0,4000	0,2300	0,3000	0,1800	0,6000	0,6000	6,4000	3,9774	39,2440	0,6651	0,7198	57,3268	153,5196	6829,3367	0,0000	0,0000	0,0000
82,0000	91,6496	51,4229	73,2796	24,1650	12,8508	19,2173	10,3790	12,4754	114,0524	109,0930	122,5331	123,5561	32,2201	116,1132	45,5989	135,2931	97,3054	28,6007	0,0000	0,0000	0,0000	0,0000	0,0000	0,0000	0,0000	0,0000	0,0000	0,0000	674,1010	6798,3194	10,6433	62,4175	1759,6785	4,2818	2,0500	2,0800	1,5700	3,8900	3,8900	300,0000	150,0000	1300,0000	175,0000	175,0000	2,8000	0,4000	0,2300	0,3000	0,1800	0,6000	0,6000	14,2934	7,6687	40,2266	0,6630	0,7225	57,3268	153,5196	6879,2387	0,0000	0,0000	0,0000
82,0000	92,7352	52,8661	73,3414	25,3013	13,5769	19,2611	10,4119	13,0971	115,2618	104,0022	107,5205	107,9550	31,7416	116,1132	42,9280	121,6330	98,8489	29,8241	0,0000	0,0000	0,0000	0,0000	0,0000	0,0000	0,0000	0,0000	0,0000	0,0000	523,1330	7100,6964	10,8138	12,9262	1674,5062	4,1302	2,0500	2,0800	1,5700	3,8900	3,8900	300,0000	150,0000	1300,0000	175,0000	175,0000	2,8000	0,4000	0,2300	0,3000	0,1800	0,6000	0,6000	9,6925	8,8942	39,8691	0,6471	0,7266	57,3268	153,5196	6918,4738	0,0000	0,0000	0,0000
82,0000	90,6443	51,2296	72,0761	21,7220	12,7715	16,6194	8,8055	10,4833	113,7995	121,7391	106,1208	105,6649	32,4055	115,7067	42,8019	133,9401	96,6311	26,2534	0,0000	0,0000	0,0000	0,0000	0,0000	0,0000	0,0000	0,0000	0,0000	0,0000	598,9718	7007,7245	10,7945	85,8381	1443,2475	3,9519	2,0500	2,0800	1,5700	3,8900	3,8900	300,0000	150,0000	1300,0000	175,0000	175,0000	2,8000	0,4000	0,2300	0,3000	0,1800	0,6000	0,6000	6,4000	4,2551	39,4147	0,6804	0,7199	57,3268	153,5196	6830,6983	0,0000	0,0000	0,0000
82,0000	90,6406	51,4128	72,0925	22,7443	12,6782	17,0938	8,8062	10,3833	112,8891	122,3874	121,0555	119,9412	32,4207	115,8838	45,4515	135,2169	96,5698	27,7045	0,0000	0,0000	0,0000	0,0000	0,0000	0,0000	0,0000	0,0000	0,0000	0,0000	626,4550	6932,8967	10,7412	94,1895	1805,0081	4,3686	2,0500	2,0800	1,5700	3,8900	3,8900	300,0000	150,0000	1300,0000	175,0000	175,0000	2,8000	0,4000	0,2300	0,3000	0,1800	0,6000	0,6000	6,4112	3,9770	39,2278	0,6639	0,7202	57,3268	153,5196	6843,9722	0,0000	0,0000	0,0000
82,0000	92,2172	51,7277	73,5720	24,9170	13,0105	19,7598	10,7213	13,0187	114,4562	105,7141	122,7957	123,7288	32,1019	116,5047	45,4262	135,3126	98,0772	29,6443	0,0000	0,0000	0,0000	0,0000	0,0000	0,0000	0,0000	0,0000	0,0000	0,0000	592,8434	6855,4523	10,6161	23,2223	1853,1115	4,3429	2,0500	2,0800	1,5700	3,8900	3,8900	300,0000	150,0000	1300,0000	175,0000	175,0000	2,8000	0,4000	0,2300	0,3000	0,1800	0,6000	0,6000	15,6063	8,6501	40,4895	0,6643	0,7245	57,3268	153,5196	6921,0279	0,0000	0,0000	0,0000
82,0000	92,8150	52,7777	73,2050	24,9184	13,1429	18,6744	10,0530	12,6232	115,5842	107,1083	104,5630	104,9101	31,8970	116,5047	42,3151	123,2362	98,9773	29,4665	0,0000	0,0000	0,0000	0,0000	0,0000	0,0000	0,0000	0,0000	0,0000	0,0000	546,6227	7187,1800	10,9376	35,4069	1611,8593	4,0850	2,0500	2,0800	1,5700	3,8900	3,8900	300,0000	150,0000	1300,0000	175,0000	175,0000	2,8000	0,4000	0,2300	0,3000	0,1800	0,6000	0,6000	8,3683	8,0761	40,0373	0,6566	0,7262	57,3268	153,5196	6937,8269	0,0000	0,0000	0,0000
82,0000	90,6756	51,2207	72,1169	21,8744	12,8039	16,6655	8,7784	10,3994	113,5820	122,6441	109,4158	108,9748	32,4512	115,5932	43,4001	134,3233	96,6257	26,4620	0,0000	0,0000	0,0000	0,0000	0,0000	0,0000	0,0000	0,0000	0,0000	0,0000	613,3939	6990,5667	10,7914	89,1328	1511,1100	4,0320	2,0500	2,0800	1,5700	3,8900	3,8900	300,0000	150,0000	1300,0000	175,0000	175,0000	2,8000	0,4000	0,2300	0,3000	0,1800	0,6000	0,6000	6,4000	4,0918	39,4549	0,6769	0,7193	57,3268	153,5196	6817,6457	0,0000	0,0000	0,0000
82,0000	90,7089	51,4608	72,2093	22,7963	12,7098	17,2567	8,9242	10,5342	112,9734	121,6682	121,4084	121,0232	32,4428	115,9898	45,5684	134,7206	96,6450	27,7718	0,0000	0,0000	0,0000	0,0000	0,0000	0,0000	0,0000	0,0000	0,0000	0,0000	627,3300	6929,8463	10,7387	94,4962	1804,0862	4,3679	2,0500	2,0800	1,5700	3,8900	3,8900	300,0000	150,0000	1300,0000	175,0000	175,0000	2,8000	0,4000	0,2300	0,3000	0,1800	0,6000	0,6000	7,2737	4,2062	39,2481	0,6618	0,7203	57,3268	153,5196	6850,8537	0,0000	0,0000	0,0000
82,0000	92,5407	52,3456	73,7673	25,4041	14,3760	20,1578	10,9262	13,4369	114,7429	103,0734	122,2944	122,7063	31,9980	116,8377	45,2648	134,7843	98,4917	30,2099	0,0000	0,0000	0,0000	0,0000	0,0000	0,0000	0,0000	0,0000	0,0000	0,0000	559,9786	6893,9861	10,6225	5,9805	1904,1200	4,3809	2,0500	2,0800	1,5700	3,8900	3,8900	300,0000	150,0000	1300,0000	175,0000	175,0000	2,8000	0,4000	0,2300	0,3000	0,1800	0,6000	0,6000	16,0679	9,4023	40,1951	0,6642	0,7261	57,3268	153,5196	6956,8580	0,0000	0,0000	0,0000
82,0000	92,4860	52,7102	73,0442	24,0082	12,9195	18,0786	9,6841	12,1102	115,7996	110,6093	102,3997	102,6265	32,0724	116,8377	41,8572	126,1912	98,7666	28,6819	0,0000	0,0000	0,0000	0,0000	0,0000	0,0000	0,0000	0,0000	0,0000	0,0000	519,8624	7243,0341	10,9703	38,2423	1543,6894	4,0114	2,0500	2,0800	1,5700	3,8900	3,8900	300,0000	150,0000	1300,0000	175,0000	175,0000	2,8000	0,4000	0,2300	0,3000	0,1800	0,6000	0,6000	7,0442	7,1663	39,7758	0,6683	0,7255	57,3268	153,5196	6950,7544	0,0000	0,0000	0,0000
82,0000	90,7904	51,3116	72,2080	22,0908	12,7913	16,7601	8,7713	10,3701	113,5222	123,1055	112,6421	112,1250	32,4997	115,5979	43,9678	134,5276	96,7338	26,7675	0,0000	0,0000	0,0000	0,0000	0,0000	0,0000	0,0000	0,0000	0,0000	0,0000	629,1558	6992,8159	10,8117	93,9697	1587,6309	4,1236	2,0500	2,0800	1,5700	3,8900	3,8900	300,0000	150,0000	1300,0000	175,0000	175,0000	2,8000	0,4000	0,2300	0,3000	0,1800	0,6000	0,6000	6,4000	4,0201	39,4788	0,6732	0,7189	57,3268	153,5196	6814,0569	0,0000	0,0000	0,0000
82,0000	90,8230	51,5179	72,4349	22,8375	12,7491	17,5559	9,1551	10,8323	113,1548	120,0071	121,5528	121,9716	32,4823	115,8454	45,6614	134,6381	96,7701	27,8214	0,0000	0,0000	0,0000	0,0000	0,0000	0,0000	0,0000	0,0000	0,0000	0,0000	628,8410	6922,0891	10,7317	94,8590	1789,5341	4,3520	2,0500	2,0800	1,5700	3,8900	3,8900	300,0000	150,0000	1300,0000	175,0000	175,0000	2,8000	0,4000	0,2300	0,3000	0,1800	0,6000	0,6000	8,4616	4,7087	39,3051	0,6609	0,7196	57,3268	153,5196	6835,7753	0,0000	0,0000	0,0000
82,0000	92,6487	52,6438	73,7806	25,6665	15,0775	20,3307	11,0260	13,6950	114,7210	101,3096	120,0792	120,1117	31,8696	116,9142	44,9121	132,8101	98,6427	30,4380	0,0000	0,0000	0,0000	0,0000	0,0000	0,0000	0,0000	0,0000	0,0000	0,0000	539,2402	6901,9748	10,6082	3,5279	1890,3294	4,3626	2,0500	2,0800	1,5700	3,8900	3,8900	300,0000	150,0000	1300,0000	175,0000	175,0000	2,8000	0,4000	0,2300	0,3000	0,1800	0,6000	0,6000	15,5242	9,8586	40,0049	0,6618	0,7274	57,3268	153,5196	6973,6550	0,0000	0,0000	0,0000
82,0000	92,0565	52,3359	72,7919	23,1476	12,8122	17,4995	9,3469	11,5808	115,7085	114,0348	101,0249	101,0975	32,2155	116,9142	41,6086	128,8707	98,3053	27,7704	0,0000	0,0000	0,0000	0,0000	0,0000	0,0000	0,0000	0,0000	0,0000	0,0000	532,8803	7234,3008	10,9752	53,5463	1467,3538	3,9427	2,0500	2,0800	1,5700	3,8900	3,8900	300,0000	150,0000	1300,0000	175,0000	175,0000	2,8000	0,4000	0,2300	0,3000	0,1800	0,6000	0,6000	6,4000	6,2353	39,7205	0,6771	0,7245	57,3268	153,5196	6945,2890	0,0000	0,0000	0,0000
82,0000	90,8126	51,3887	72,2269	22,3020	12,7044	16,8591	8,7778	10,3576	113,3629	123,1402	115,5836	114,8776	32,5039	115,4855	44,4605	134,7470	96,7530	27,0724	0,0000	0,0000	0,0000	0,0000	0,0000	0,0000	0,0000	0,0000	0,0000	0,0000	629,2344	6982,8312	10,8005	93,6293	1660,6937	4,2055	2,0500	2,0800	1,5700	3,8900	3,8900	300,0000	150,0000	1300,0000	175,0000	175,0000	2,8000	0,4000	0,2300	0,3000	0,1800	0,6000	0,6000	6,4000	3,9922	39,4239	0,6700	0,7185	57,3268	153,5196	6804,4929	0,0000	0,0000	0,0000
82,0000	90,8783	51,5229	72,6475	22,8762	12,7824	17,9373	9,4511	11,2127	113,2931	117,5664	121,7259	122,6141	32,5000	115,7144	45,7495	134,8528	96,8315	27,8692	0,0000	0,0000	0,0000	0,0000	0,0000	0,0000	0,0000	0,0000	0,0000	0,0000	629,5292	6877,6789	10,6825	95,2030	1759,1662	4,3182	2,0500	2,0800	1,5700	3,8900	3,8900	300,0000	150,0000	1300,0000	175,0000	175,0000	2,8000	0,4000	0,2300	0,3000	0,1800	0,6000	0,6000	9,8796	5,3836	39,3554	0,6607	0,7191	57,3268	153,5196	6823,5803	0,0000	0,0000	0,0000
82,0000	92,6861	52,7791	73,6846	25,8022	15,4408	20,2752	11,0013	13,7583	114,7027	100,5770	116,9114	117,0556	31,7520	116,6597	44,4627	130,0418	98,7035	30,4858	0,0000	0,0000	0,0000	0,0000	0,0000	0,0000	0,0000	0,0000	0,0000	0,0000	537,8645	6923,3591	10,6307	1,3092	1846,8031	4,3111	2,0500	2,0800	1,5700	3,8900	3,8900	300,0000	150,0000	1300,0000	175,0000	175,0000	2,8000	0,4000	0,2300	0,3000	0,1800	0,6000	0,6000	14,1062	9,9843	39,9069	0,6581	0,7278	57,3268	153,5196	6962,4288	0,0000	0,0000	0,0000
82,0000	91,5157	51,9028	72,4968	22,4142	12,7626	17,0505	9,1019	11,1343	115,2412	116,9428	100,8381	100,5740	32,3031	116,6597	41,6443	131,0250	97,7120	26,9986	0,0000	0,0000	0,0000	0,0000	0,0000	0,0000	0,0000	0,0000	0,0000	0,0000	556,1694	7177,0957	10,9370	69,9302	1413,7597	3,9008	2,0500	2,0800	1,5700	3,8900	3,8900	300,0000	150,0000	1300,0000	175,0000	175,0000	2,8000	0,4000	0,2300	0,3000	0,1800	0,6000	0,6000	6,4000	5,4449	39,6129	0,6822	0,7231	57,3268	153,5196	6917,2353	0,0000	0,0000	0,0000
82,0000	90,7451	51,4052	72,1762	22,4768	12,6642	16,9445	8,7894	10,3535	113,1476	122,9360	117,9465	117,0362	32,4726	115,5180	44,8541	134,9688	96,6795	27,3264	0,0000	0,0000	0,0000	0,0000	0,0000	0,0000	0,0000	0,0000	0,0000	0,0000	628,1554	6962,1936	10,7761	93,6193	1720,6994	4,2731	2,0500	2,0800	1,5700	3,8900	3,8900	300,0000	150,0000	1300,0000	175,0000	175,0000	2,8000	0,4000	0,2300	0,3000	0,1800	0,6000	0,6000	6,4000	3,9820	39,3399	0,6677	0,7189	57,3268	153,5196	6809,7264	0,0000	0,0000	0,0000
82,0000	90,8910	51,4850	72,8411	22,9120	12,8101	18,3842	9,7942	11,6572	113,4099	114,5363	121,9382	123,0180	32,5020	115,7336	45,8118	135,0706	96,8467	27,9139	0,0000	0,0000	0,0000	0,0000	0,0000	0,0000	0,0000	0,0000	0,0000	0,0000	608,7981	6811,6193	10,5848	67,0775	1719,8426	4,2422	2,0500	2,0800	1,5700	3,8900	3,8900	300,0000	150,0000	1300,0000	175,0000	175,0000	2,8000	0,4000	0,2300	0,3000	0,1800	0,6000	0,6000	11,4902	6,1862	39,4059	0,6608	0,7192	57,3268	153,5196	6824,9979	0,0000	0,0000	0,0000
82,0000	92,7020	52,8297	73,5355	25,7485	14,6579	20,0143	10,8594	13,6334	114,7923	100,9525	113,2796	113,5776	31,7056	116,2386	43,9035	126,8242	98,7828	30,4271	0,0000	0,0000	0,0000	0,0000	0,0000	0,0000	0,0000	0,0000	0,0000	0,0000	526,4537	6966,8469	10,6668	2,0297	1782,6838	4,2397	2,0500	2,0800	1,5700	3,8900	3,8900	300,0000	150,0000	1300,0000	175,0000	175,0000	2,8000	0,4000	0,2300	0,3000	0,1800	0,6000	0,6000	12,4956	9,7931	39,8723	0,6538	0,7272	57,3268	153,5196	6931,7054	0,0000	0,0000	0,0000
82,0000	91,0045	51,5305	72,2355	21,9103	12,7486	16,7657	8,9365	10,7983	114,6061	119,2413	102,0064	101,5537	32,3470	116,2386	41,9597	132,5691	97,1210	26,4623	0,0000	0,0000	0,0000	0,0000	0,0000	0,0000	0,0000	0,0000	0,0000	0,0000	572,4133	7098,0032	10,8662	78,7630	1394,8448	3,8895	2,0500	2,0800	1,5700	3,8900	3,8900	300,0000	150,0000	1300,0000	175,0000	175,0000	2,8000	0,4000	0,2300	0,3000	0,1800	0,6000	0,6000	6,4000	4,8371	39,4740	0,6835	0,7217	57,3268	153,5196	6879,1177	0,0000	0,0000	0,0000
82,0000	90,6632	51,3897	72,1126	22,6096	12,6528	17,0138	8,7997	10,3588	112,9775	122,6671	119,6226	118,5700	32,4362	115,6284	45,1507	135,1356	96,5919	27,5174	0,0000	0,0000	0,0000	0,0000	0,0000	0,0000	0,0000	0,0000	0,0000	0,0000	626,9053	6942,9750	10,7530	93,7800	1764,7039	4,3228	2,0500	2,0800	1,5700	3,8900	3,8900	300,0000	150,0000	1300,0000	175,0000	175,0000	2,8000	0,4000	0,2300	0,3000	0,1800	0,6000	0,6000	6,4000	3,9783	39,2735	0,6659	0,7195	57,3268	153,5196	6821,7615	0,0000	0,0000	0,0000
82,0000	91,0612	51,4406	73,1120	23,4540	12,8363	18,8925	10,1597	12,1555	113,8259	111,1673	122,3027	123,3853	32,3078	115,9104	45,7087	135,2343	96,8683	27,9510	0,0000	0,0000	0,0000	0,0000	0,0000	0,0000	0,0000	0,0000	0,0000	0,0000	573,5125	6794,5569	10,5258	27,3553	1728,0407	4,2067	2,0500	2,0800	1,5700	3,8900	3,8900	300,0000	150,0000	1300,0000	175,0000	175,0000	2,8000	0,4000	0,2300	0,3000	0,1800	0,6000	0,6000	13,2762	7,0911	39,6205	0,6620	0,7213	57,3268	153,5196	6855,4132	0,0000	0,0000	0,0000
82,0000	92,6873	52,9109	73,4097	25,4649	13,9372	19,5821	10,6070	13,3397	115,0215	102,5288	109,5970	109,9862	31,7147	115,9104	43,2839	123,5089	98,7991	30,0586	0,0000	0,0000	0,0000	0,0000	0,0000	0,0000	0,0000	0,0000	0,0000	0,0000	500,5337	7044,7675	10,7254	3,5970	1714,5581	4,1648	2,0500	2,0800	1,5700	3,8900	3,8900	300,0000	150,0000	1300,0000	175,0000	175,0000	2,8000	0,4000	0,2300	0,3000	0,1800	0,6000	0,6000	10,7096	9,3075	39,7764	0,6495	0,7264	57,3268	153,5196	6904,0529	0,0000	0,0000	0,0000
82,0000	90,7047	51,2911	72,0953	21,7075	12,7570	16,6337	8,8382	10,5704	114,0435	120,9719	104,3153	103,8392	32,3815	115,8613	42,4533	133,5596	96,7322	26,2325	0,0000	0,0000	0,0000	0,0000	0,0000	0,0000	0,0000	0,0000	0,0000	0,0000	600,1870	7032,6246	10,8239	87,8144	1413,8649	3,9211	2,0500	2,0800	1,5700	3,8900	3,8900	300,0000	150,0000	1300,0000	175,0000	175,0000	2,8000	0,4000	0,2300	0,3000	0,1800	0,6000	0,6000	6,4000	4,4192	39,4136	0,6821	0,7205	57,3268	153,5196	6845,3492	0,0000	0,0000	0,0000
82,0000	90,6259	51,3940	72,0827	22,7025	12,6639	17,0669	8,8053	10,3713	112,8842	122,4643	120,6723	119,5580	32,4176	115,7703	45,3579	135,2153	96,5530	27,6479	0,0000	0,0000	0,0000	0,0000	0,0000	0,0000	0,0000	0,0000	0,0000	0,0000	626,2985	6932,3983	10,7404	94,0147	1793,4296	4,3554	2,0500	2,0800	1,5700	3,8900	3,8900	300,0000	150,0000	1300,0000	175,0000	175,0000	2,8000	0,4000	0,2300	0,3000	0,1800	0,6000	0,6000	6,4000	3,9770	39,2319	0,6646	0,7200	57,3268	153,5196	6834,9157	0,0000	0,0000	0,0000
82,0000	91,9228	51,4174	73,3974	24,5170	12,8609	19,4402	10,5221	12,6969	114,2094	107,6951	122,6565	123,6639	32,1690	116,2808	45,5273	135,3119	97,6867	29,1156	0,0000	0,0000	0,0000	0,0000	0,0000	0,0000	0,0000	0,0000	0,0000	0,0000	635,4421	6814,3043	10,6178	44,3682	1794,8427	4,3011	2,0500	2,0800	1,5700	3,8900	3,8900	300,0000	150,0000	1300,0000	175,0000	175,0000	2,8000	0,4000	0,2300	0,3000	0,1800	0,6000	0,6000	14,8302	8,0667	40,5054	0,6635	0,7234	57,3268	153,5196	6897,1667	0,0000	0,0000	0,0000
82,0000	92,7859	52,8266	73,2904	25,1946	13,3735	19,0274	10,2697	12,9130	115,4099	105,1792	106,2211	106,6379	31,8007	116,2808	42,6760	121,4270	98,9023	29,6711	0,0000	0,0000	0,0000	0,0000	0,0000	0,0000	0,0000	0,0000	0,0000	0,0000	531,5142	7138,3664	10,8656	20,4592	1648,5405	4,1095	2,0500	2,0800	1,5700	3,8900	3,8900	300,0000	150,0000	1300,0000	175,0000	175,0000	2,8000	0,4000	0,2300	0,3000	0,1800	0,6000	0,6000	9,1556	8,5774	39,9593	0,6485	0,7265	57,3268	153,5196	6927,3666	0,0000	0,0000	0,0000
82,0000	90,6435	51,2108	72,0851	21,7705	12,7840	16,6299	8,7912	10,4414	113,6919	122,1571	107,4400	106,9974	32,4241	115,6466	43,0468	134,1286	96,6110	26,3187	0,0000	0,0000	0,0000	0,0000	0,0000	0,0000	0,0000	0,0000	0,0000	0,0000	613,4207	6998,0436	10,7998	90,4068	1468,8095	3,9859	2,0500	2,0800	1,5700	3,8900	3,8900	300,0000	150,0000	1300,0000	175,0000	175,0000	2,8000	0,4000	0,2300	0,3000	0,1800	0,6000	0,6000	6,4000	4,1741	39,4327	0,6791	0,7196	57,3268	153,5196	6824,2408	0,0000	0,0000	0,0000
82,0000	90,6644	51,4313	72,1226	22,7680	12,6904	17,1368	8,8323	10,4197	112,9156	122,2283	121,2354	120,3201	32,4281	115,9676	45,5046	135,1792	96,5961	27,7356	0,0000	0,0000	0,0000	0,0000	0,0000	0,0000	0,0000	0,0000	0,0000	0,0000	626,7540	6934,7348	10,7436	94,3161	1809,0161	4,3733	2,0500	2,0800	1,5700	3,8900	3,8900	300,0000	150,0000	1300,0000	175,0000	175,0000	2,8000	0,4000	0,2300	0,3000	0,1800	0,6000	0,6000	6,7099	4,0250	39,2331	0,6634	0,7204	57,3268	153,5196	6850,2347	0,0000	0,0000	0,0000
82,0000	92,3850	52,0476	73,6823	25,1468	13,7263	19,9545	10,8251	13,2143	114,6217	104,5055	122,7912	123,5958	32,0645	116,6742	45,3831	135,2663	98,2905	29,9238	0,0000	0,0000	0,0000	0,0000	0,0000	0,0000	0,0000	0,0000	0,0000	0,0000	577,3437	6877,2654	10,6232	15,0306	1883,0022	4,3673	2,0500	2,0800	1,5700	3,8900	3,8900	300,0000	150,0000	1300,0000	175,0000	175,0000	2,8000	0,4000	0,2300	0,3000	0,1800	0,6000	0,6000	15,8445	9,0000	40,3375	0,6645	0,7252	57,3268	153,5196	6937,9925	0,0000	0,0000	0,0000
82,0000	92,6957	52,7555	73,1550	24,5463	13,0329	18,4341	9,9025	12,4206	115,7124	108,5098	103,5823	103,8821	31,9727	116,6742	42,1071	124,4513	99,0083	29,2435	0,0000	0,0000	0,0000	0,0000	0,0000	0,0000	0,0000	0,0000	0,0000	0,0000	477,9627	7218,2896	10,8953	15,8588	1586,3019	4,0342	2,0500	2,0800	1,5700	3,8900	3,8900	300,0000	150,0000	1300,0000	175,0000	175,0000	2,8000	0,4000	0,2300	0,3000	0,1800	0,6000	0,6000	7,8315	7,7151	39,9402	0,6617	0,7260	57,3268	153,5196	6945,5206	0,0000	0,0000	0,0000
82,0000	90,7323	51,2569	72,1621	21,9599	12,8210	16,7016	8,7736	10,3845	113,5677	122,8863	110,7386	110,2836	32,4766	115,6082	43,6380	134,4118	96,6785	26,5815	0,0000	0,0000	0,0000	0,0000	0,0000	0,0000	0,0000	0,0000	0,0000	0,0000	628,5814	6992,6409	10,8108	94,4455	1541,8645	4,0727	2,0500	2,0800	1,5700	3,8900	3,8900	300,0000	150,0000	1300,0000	175,0000	175,0000	2,8000	0,4000	0,2300	0,3000	0,1800	0,6000	0,6000	6,4000	4,0549	39,4755	0,6753	0,7191	57,3268	153,5196	6816,7905	0,0000	0,0000	0,0000
82,0000	90,7627	51,4907	72,3009	22,8140	12,7265	17,3665	9,0085	10,6432	113,0523	121,0974	121,4716	121,4490	32,4616	115,9500	45,6082	134,5254	96,7039	27,7931	0,0000	0,0000	0,0000	0,0000	0,0000	0,0000	0,0000	0,0000	0,0000	0,0000	628,0473	6929,5812	10,7392	94,6493	1799,1971	4,3626	2,0500	2,0800	1,5700	3,8900	3,8900	300,0000	150,0000	1300,0000	175,0000	175,0000	2,8000	0,4000	0,2300	0,3000	0,1800	0,6000	0,6000	7,7236	4,3848	39,2720	0,6610	0,7200	57,3268	153,5196	6846,0487	0,0000	0,0000	0,0000
82,0000	92,6051	52,4939	73,7917	25,5313	14,6971	20,2533	10,9784	13,5612	114,7561	102,2581	121,5585	121,7410	31,9485	116,9051	45,1400	134,1209	98,5777	30,3323	0,0000	0,0000	0,0000	0,0000	0,0000	0,0000	0,0000	0,0000	0,0000	0,0000	557,7517	6898,5744	10,6252	4,8883	1903,7859	4,3793	2,0500	2,0800	1,5700	3,8900	3,8900	300,0000	150,0000	1300,0000	175,0000	175,0000	2,8000	0,4000	0,2300	0,3000	0,1800	0,6000	0,6000	16,1548	9,6216	40,1112	0,6634	0,7267	57,3268	153,5196	6966,4462	0,0000	0,0000	0,0000
82,0000	92,3266	52,6093	72,9512	23,6511	12,8668	17,8370	9,5393	11,8930	115,8052	112,0340	101,7525	101,9316	32,1358	116,9051	41,7297	127,3259	98,5958	28,3044	0,0000	0,0000	0,0000	0,0000	0,0000	0,0000	0,0000	0,0000	0,0000	0,0000	525,5971	7245,1666	10,9792	44,7086	1511,6876	3,9827	2,0500	2,0800	1,5700	3,8900	3,8900	300,0000	150,0000	1300,0000	175,0000	175,0000	2,8000	0,4000	0,2300	0,3000	0,1800	0,6000	0,6000	6,5074	6,7830	39,7173	0,6723	0,7251	57,3268	153,5196	6951,0892	0,0000	0,0000	0,0000
82,0000	90,8140	51,3485	72,2268	22,1798	12,7477	16,8014	8,7728	10,3641	113,4739	123,1646	113,8853	113,3013	32,5074	115,5703	44,1792	134,6118	96,7565	26,8954	0,0000	0,0000	0,0000	0,0000	0,0000	0,0000	0,0000	0,0000	0,0000	0,0000	629,3733	6990,8654	10,8097	93,7820	1618,4055	4,1581	2,0500	2,0800	1,5700	3,8900	3,8900	300,0000	150,0000	1300,0000	175,0000	175,0000	2,8000	0,4000	0,2300	0,3000	0,1800	0,6000	0,6000	6,4000	4,0054	39,4655	0,6718	0,7187	57,3268	153,5196	6811,1590	0,0000	0,0000	0,0000
82,0000	90,8544	51,5272	72,5254	22,8534	12,7637	17,7021	9,2684	10,9783	113,2188	119,1029	121,6157	122,2646	32,4928	115,7813	45,6976	134,7203	96,8047	27,8409	0,0000	0,0000	0,0000	0,0000	0,0000	0,0000	0,0000	0,0000	0,0000	0,0000	629,2462	6910,2804	10,7189	95,0038	1780,1390	4,3415	2,0500	2,0800	1,5700	3,8900	3,8900	300,0000	150,0000	1300,0000	175,0000	175,0000	2,8000	0,4000	0,2300	0,3000	0,1800	0,6000	0,6000	9,0115	4,9647	39,3272	0,6608	0,7194	57,3268	153,5196	6829,6584	0,0000	0,0000	0,0000
82,0000	92,6667	52,7139	73,7516	25,7329	15,2968	20,3352	11,0308	13,7448	114,7035	100,8815	118,8775	118,9306	31,8183	116,8530	44,7370	131,7555	98,6717	30,4733	0,0000	0,0000	0,0000	0,0000	0,0000	0,0000	0,0000	0,0000	0,0000	0,0000	538,6068	6908,8040	10,6151	1,6524	1875,9612	4,3443	2,0500	2,0800	1,5700	3,8900	3,8900	300,0000	150,0000	1300,0000	175,0000	175,0000	2,8000	0,4000	0,2300	0,3000	0,1800	0,6000	0,6000	14,9743	9,9493	39,9528	0,6605	0,7277	57,3268	153,5196	6972,8396	0,0000	0,0000	0,0000
82,0000	91,8486	52,1546	72,6761	22,8279	12,7864	17,2974	9,2372	11,3867	115,5655	115,2855	100,7686	100,7002	32,2590	116,8530	41,5829	129,8177	98,0794	27,4328	0,0000	0,0000	0,0000	0,0000	0,0000	0,0000	0,0000	0,0000	0,0000	0,0000	536,7318	7216,9025	10,9599	58,6298	1441,5944	3,9194	2,0500	2,0800	1,5700	3,8900	3,8900	300,0000	150,0000	1300,0000	175,0000	175,0000	2,8000	0,4000	0,2300	0,3000	0,1800	0,6000	0,6000	6,4000	5,8940	39,6940	0,6797	0,7239	57,3268	153,5196	6936,7063	0,0000	0,0000	0,0000
82,0000	90,7918	51,4037	72,2117	22,3779	12,6823	16,8955	8,7824	10,3545	113,2719	123,0746	116,6242	115,8304	32,4937	115,4634	44,6322	134,8420	96,7300	27,1829	0,0000	0,0000	0,0000	0,0000	0,0000	0,0000	0,0000	0,0000	0,0000	0,0000	628,8835	6974,8365	10,7911	93,5851	1687,0182	4,2351	2,0500	2,0800	1,5700	3,8900	3,8900	300,0000	150,0000	1300,0000	175,0000	175,0000	2,8000	0,4000	0,2300	0,3000	0,1800	0,6000	0,6000	6,4000	3,9867	39,3881	0,6690	0,7186	57,3268	153,5196	6803,5146	0,0000	0,0000	0,0000
82,0000	90,8844	51,5107	72,7258	22,8912	12,7938	18,1109	9,5855	11,3855	113,3365	116,3972	121,8066	122,8003	32,5011	115,6963	45,7836	134,9461	96,8386	27,8880	0,0000	0,0000	0,0000	0,0000	0,0000	0,0000	0,0000	0,0000	0,0000	0,0000	621,6032	6846,2847	10,6382	84,3926	1738,7740	4,2830	2,0500	2,0800	1,5700	3,8900	3,8900	300,0000	150,0000	1300,0000	175,0000	175,0000	2,8000	0,4000	0,2300	0,3000	0,1800	0,6000	0,6000	10,5106	5,6953	39,3737	0,6607	0,7191	57,3268	153,5196	6822,0036	0,0000	0,0000	0,0000
82,0000	92,7023	52,8056	73,6246	25,8336	15,1202	20,1925	10,9575	13,7291	114,7116	100,5931	115,4815	115,6931	31,7274	116,4938	44,2501	128,7826	98,7269	30,4722	0,0000	0,0000	0,0000	0,0000	0,0000	0,0000	0,0000	0,0000	0,0000	0,0000	523,7715	6936,6771	10,6298	3,3432	1822,5547	4,2861	2,0500	2,0800	1,5700	3,8900	3,8900	300,0000	150,0000	1300,0000	175,0000	175,0000	2,8000	0,4000	0,2300	0,3000	0,1800	0,6000	0,6000	13,4752	9,9437	39,8967	0,6564	0,7276	57,3268	153,5196	6950,8506	0,0000	0,0000	0,0000
82,0000	91,2917	51,7399	72,3798	22,1773	12,7537	16,9157	9,0259	10,9848	114,9865	117,9481	101,1613	100,7970	32,3237	116,4938	41,7449	131,7231	97,4583	26,7492	0,0000	0,0000	0,0000	0,0000	0,0000	0,0000	0,0000	0,0000	0,0000	0,0000	557,1094	7145,1773	10,9021	72,0673	1401,7819	3,8897	2,0500	2,0800	1,5700	3,8900	3,8900	300,0000	150,0000	1300,0000	175,0000	175,0000	2,8000	0,4000	0,2300	0,3000	0,1800	0,6000	0,6000	6,4000	5,1757	39,5518	0,6831	0,7225	57,3268	153,5196	6901,9520	0,0000	0,0000	0,0000
82,0000	90,7096	51,3988	72,1487	22,5358	12,6567	16,9747	8,7939	10,3548	113,0720	122,8267	118,7077	117,7305	32,4569	115,5601	44,9860	135,0449	96,6414	27,4116	0,0000	0,0000	0,0000	0,0000	0,0000	0,0000	0,0000	0,0000	0,0000	0,0000	627,6143	6953,7918	10,7660	93,6716	1740,4889	4,2954	2,0500	2,0800	1,5700	3,8900	3,8900	300,0000	150,0000	1300,0000	175,0000	175,0000	2,8000	0,4000	0,2300	0,3000	0,1800	0,6000	0,6000	6,4000	3,9800	39,3108	0,6669	0,7191	57,3268	153,5196	6814,4619	0,0000	0,0000	0,0000
82,0000	90,8966	51,4660	72,9483	22,9251	12,8210	18,5833	9,9411	11,8528	113,5782	113,1981	122,0637	123,1657	32,4208	115,7772	45,7947	135,1453	96,8533	27,9301	0,0000	0,0000	0,0000	0,0000	0,0000	0,0000	0,0000	0,0000	0,0000	0,0000	595,0174	6801,2909	10,5576	54,4568	1716,8011	4,2246	2,0500	2,0800	1,5700	3,8900	3,8900	300,0000	150,0000	1300,0000	175,0000	175,0000	2,8000	0,4000	0,2300	0,3000	0,1800	0,6000	0,6000	12,1937	6,5418	39,4307	0,6611	0,7200	57,3268	153,5196	6835,2211	0,0000	0,0000	0,0000
82,0000	92,6796	52,8664	73,4825	25,6338	14,3533	19,8573	10,7699	13,5330	114,8550	101,4475	111,7700	112,1128	31,7033	116,0698	43,6543	125,4699	98,7935	30,2996	0,0000	0,0000	0,0000	0,0000	0,0000	0,0000	0,0000	0,0000	0,0000	0,0000	497,0232	6993,9029	10,6641	9,1415	1754,7865	4,2163	2,0500	2,0800	1,5700	3,8900	3,8900	300,0000	150,0000	1300,0000	175,0000	175,0000	2,8000	0,4000	0,2300	0,3000	0,1800	0,6000	0,6000	11,7921	9,6303	39,8133	0,6521	0,7269	57,3268	153,5196	6918,0508	0,0000	0,0000	0,0000
82,0000	90,8515	51,4148	72,1616	21,7901	12,7493	16,6945	8,8894	10,6929	114,3569	120,0107	102,8193	102,3416	32,3605	116,0698	42,1422	133,0320	96,9307	26,3280	0,0000	0,0000	0,0000	0,0000	0,0000	0,0000	0,0000	0,0000	0,0000	0,0000	586,7766	7068,2741	10,8489	83,9031	1397,7227	3,8985	2,0500	2,0800	1,5700	3,8900	3,8900	300,0000	150,0000	1300,0000	175,0000	175,0000	2,8000	0,4000	0,2300	0,3000	0,1800	0,6000	0,6000	6,4000	4,6450	39,4367	0,6832	0,7212	57,3268	153,5196	6864,1605	0,0000	0,0000	0,0000
82,0000	90,6391	51,3873	72,0937	22,6516	12,6539	17,0368	8,8027	10,3628	112,9252	122,5737	120,1181	119,0302	32,4252	115,6789	45,2443	135,1807	96,5664	27,5769	0,0000	0,0000	0,0000	0,0000	0,0000	0,0000	0,0000	0,0000	0,0000	0,0000	626,5332	6937,0375	10,7459	93,8650	1778,1119	4,3380	2,0500	2,0800	1,5700	3,8900	3,8900	300,0000	150,0000	1300,0000	175,0000	175,0000	2,8000	0,4000	0,2300	0,3000	0,1800	0,6000	0,6000	6,4000	3,9776	39,2518	0,6653	0,7197	57,3268	153,5196	6826,8015	0,0000	0,0000	0,0000
82,0000	91,4913	51,4271	73,2249	23,9694	12,8461	19,1129	10,3097	12,3722	113,9795	109,7541	122,4652	123,5067	32,2459	116,0415	45,6339	135,2784	97,0712	28,2949	0,0000	0,0000	0,0000	0,0000	0,0000	0,0000	0,0000	0,0000	0,0000	0,0000	710,8376	6795,3205	10,6813	79,5788	1747,1338	4,2870	2,0500	2,0800	1,5700	3,8900	3,8900	300,0000	150,0000	1300,0000	175,0000	175,0000	2,8000	0,4000	0,2300	0,3000	0,1800	0,6000	0,6000	14,0429	7,4830	40,0642	0,6627	0,7221	57,3268	153,5196	6871,2458	0,0000	0,0000	0,0000
82,0000	92,7159	52,8873	73,3622	25,3530	13,6844	19,3676	10,4765	13,1789	115,1787	103,4949	108,1697	108,5969	31,7308	116,0415	43,0385	122,2187	98,8285	29,8982	0,0000	0,0000	0,0000	0,0000	0,0000	0,0000	0,0000	0,0000	0,0000	0,0000	520,7564	7082,1756	10,7902	9,6996	1687,1784	4,1408	2,0500	2,0800	1,5700	3,8900	3,8900	300,0000	150,0000	1300,0000	175,0000	175,0000	2,8000	0,4000	0,2300	0,3000	0,1800	0,6000	0,6000	9,9430	9,0339	39,8285	0,6479	0,7266	57,3268	153,5196	6913,4842	0,0000	0,0000	0,0000
82,0000	90,6557	51,2427	72,0779	21,7089	12,7664	16,6196	8,8142	10,5077	113,8711	121,5150	105,5178	105,0558	32,3976	115,7513	42,6889	133,8327	96,6540	26,2358	0,0000	0,0000	0,0000	0,0000	0,0000	0,0000	0,0000	0,0000	0,0000	0,0000	599,2902	7014,5750	10,8025	86,4561	1432,7270	3,9408	2,0500	2,0800	1,5700	3,8900	3,8900	300,0000	150,0000	1300,0000	175,0000	175,0000	2,8000	0,4000	0,2300	0,3000	0,1800	0,6000	0,6000	6,4000	4,3010	39,4130	0,6810	0,7201	57,3268	153,5196	6834,9986	0,0000	0,0000	0,0000
82,0000	90,6339	51,4059	72,0878	22,7320	12,6732	17,0856	8,8060	10,3792	112,8844	122,4083	120,9490	119,8324	32,4190	115,8466	45,4239	135,2192	96,5622	27,6880	0,0000	0,0000	0,0000	0,0000	0,0000	0,0000	0,0000	0,0000	0,0000	0,0000	626,3761	6932,3640	10,7405	94,1331	1801,6969	4,3648	2,0500	2,0800	1,5700	3,8900	3,8900	300,0000	150,0000	1300,0000	175,0000	175,0000	2,8000	0,4000	0,2300	0,3000	0,1800	0,6000	0,6000	6,4000	3,9768	39,2281	0,6641	0,7202	57,3268	153,5196	6841,0696	0,0000	0,0000	0,0000
82,0000	92,1381	51,5360	73,5202	24,8046	12,8825	19,6625	10,6594	12,9191	114,3755	106,3265	122,7460	123,7605	32,1238	116,4568	45,4651	135,3152	97,9730	29,5013	0,0000	0,0000	0,0000	0,0000	0,0000	0,0000	0,0000	0,0000	0,0000	0,0000	607,5365	6844,0840	10,6199	30,6111	1836,3683	4,3324	2,0500	2,0800	1,5700	3,8900	3,8900	300,0000	150,0000	1300,0000	175,0000	175,0000	2,8000	0,4000	0,2300	0,3000	0,1800	0,6000	0,6000	15,3670	8,4647	40,6021	0,6640	0,7242	57,3268	153,5196	6915,3046	0,0000	0,0000	0,0000
82,0000	92,8454	52,7940	73,2408	25,0876	13,2093	18,7893	10,1229	12,7194	115,5564	106,4654	105,0550	105,4302	31,8695	116,4568	42,4291	122,6595	98,9654	29,5300	0,0000	0,0000	0,0000	0,0000	0,0000	0,0000	0,0000	0,0000	0,0000	0,0000	541,5449	7174,7804	10,9179	29,9711	1623,5143	4,0920	2,0500	2,0800	1,5700	3,8900	3,8900	300,0000	150,0000	1300,0000	175,0000	175,0000	2,8000	0,4000	0,2300	0,3000	0,1800	0,6000	0,6000	8,6188	8,2397	40,0514	0,6541	0,7263	57,3268	153,5196	6936,1600	0,0000	0,0000	0,0000
82,0000	90,6724	51,2177	72,1125	21,8393	12,7987	16,6533	8,7818	10,4121	113,6285	122,5008	108,7822	108,3462	32,4464	115,6224	43,2910	134,2686	96,6277	26,4126	0,0000	0,0000	0,0000	0,0000	0,0000	0,0000	0,0000	0,0000	0,0000	0,0000	613,4810	6994,0513	10,7954	89,5077	1497,1442	4,0167	2,0500	2,0800	1,5700	3,8900	3,8900	300,0000	150,0000	1300,0000	175,0000	175,0000	2,8000	0,4000	0,2300	0,3000	0,1800	0,6000	0,6000	6,4000	4,1139	39,4547	0,6776	0,7194	57,3268	153,5196	6820,4366	0,0000	0,0000	0,0000
82,0000	90,7024	51,4558	72,1841	22,7887	12,7047	17,2138	8,8903	10,4930	112,9654	121,8812	121,3589	120,7997	32,4409	116,0108	45,5511	134,9347	96,6378	27,7620	0,0000	0,0000	0,0000	0,0000	0,0000	0,0000	0,0000	0,0000	0,0000	0,0000	627,2516	6932,8838	10,7421	94,4539	1806,0170	4,3701	2,0500	2,0800	1,5700	3,8900	3,8900	300,0000	150,0000	1300,0000	175,0000	175,0000	2,8000	0,4000	0,2300	0,3000	0,1800	0,6000	0,6000	7,0807	4,1369	39,2465	0,6624	0,7204	57,3268	153,5196	6852,7290	0,0000	0,0000	0,0000
82,0000	92,5113	52,2694	73,7559	25,3332	14,2008	20,1032	10,8980	13,3733	114,7358	103,4941	122,5289	123,0674	32,0242	116,8053	45,3134	135,0046	98,4510	30,1350	0,0000	0,0000	0,0000	0,0000	0,0000	0,0000	0,0000	0,0000	0,0000	0,0000	575,7983	6892,1405	10,6383	13,7673	1900,5155	4,3856	2,0500	2,0800	1,5700	3,8900	3,8900	300,0000	150,0000	1300,0000	175,0000	175,0000	2,8000	0,4000	0,2300	0,3000	0,1800	0,6000	0,6000	16,0104	9,2859	40,2419	0,6644	0,7258	57,3268	153,5196	6952,0539	0,0000	0,0000	0,0000
82,0000	92,5645	52,7307	73,0894	24,1784	12,9511	18,1925	9,7530	12,2112	115,7932	109,9409	102,7409	102,9922	32,0447	116,8053	41,9300	125,6453	98,8508	28,8605	0,0000	0,0000	0,0000	0,0000	0,0000	0,0000	0,0000	0,0000	0,0000	0,0000	517,1709	7239,5315	10,9634	35,2575	1558,0053	4,0242	2,0500	2,0800	1,5700	3,8900	3,8900	300,0000	150,0000	1300,0000	175,0000	175,0000	2,8000	0,4000	0,2300	0,3000	0,1800	0,6000	0,6000	7,2947	7,3429	39,8339	0,6663	0,7257	57,3268	153,5196	6950,3708	0,0000	0,0000	0,0000
82,0000	90,7812	51,2978	72,2005	22,0494	12,8176	16,7417	8,7716	10,3746	113,5479	123,0539	112,0429	111,5515	32,4962	115,6133	43,8663	134,4904	96,7257	26,7081	0,0000	0,0000	0,0000	0,0000	0,0000	0,0000	0,0000	0,0000	0,0000	0,0000	629,0911	6994,1279	10,8131	94,1017	1573,0435	4,1074	2,0500	2,0800	1,5700	3,8900	3,8900	300,0000	150,0000	1300,0000	175,0000	175,0000	2,8000	0,4000	0,2300	0,3000	0,1800	0,6000	0,6000	6,4000	4,0291	39,4834	0,6738	0,7189	57,3268	153,5196	6815,5983	0,0000	0,0000	0,0000
