HR	AOPmax	AOPmin	AOPmean	PAPmax	PAPmin	PAPmean	PRAmean	WedgeP	QLV	Qsist	QRV	Qpulm	LVes	LVed	RVes	RVed	Plvmax	Prvmax	QVADmax	QVADmin	QVADmean	QECMO	P1mean	P2mean	P3mean	Qventing	Qinflow1	Qinflow2	PELeftV	SWLeftV	MVO2LeftV	PERightV	SWRightV	MVO2RightV	RupAbr	RkidAbr	RsplAbr	RllAbr	RrlAbr	V0upbr	V0kidbr	V0spbr	V0llbr	V0rlbr	Emaxl	Emaxr	RupVbr	RkidVbr	RspVbr	RllVbr	RrlVbr	Paw	Ppleural	PP	RV EF 	LV EF 	Ccw linear	Cl linear	CO	ECMOflowma	ECMOlfowmi	ECMOvol
84,0000	98,2189	57,0099	78,7764	24,8701	14,0180	18,8313	10,1076	11,7460	121,7008	137,2319	136,2188	134,5852	35,2343	124,0601	50,0955	147,5229	104,5903	30,3835	0,0000	0,0000	0,0000	0,0000	0,0000	0,0000	0,0000	0,0000	0,0000	0,0000	747,4486	7891,2642	12,2480	124,0871	2154,6307	4,9129	2,0500	2,0800	1,5700	3,8900	3,8900	300,0000	150,0000	1300,0000	175,0000	175,0000	2,8000	0,4000	0,2300	0,3000	0,1800	0,6000	0,6000	6,1000	3,8576	41,2090	0,6604	0,7160	62,9584	137,5660	7461,3648	0,0000	0,0000	0,0000
84,0000	99,8630	56,9600	80,7085	26,8530	14,3063	21,6927	12,2723	14,6309	124,4602	117,9523	136,3177	139,2138	35,0710	124,1322	50,0558	147,5229	105,4394	30,7683	0,0000	0,0000	0,0000	0,0000	0,0000	0,0000	0,0000	0,0000	0,0000	0,0000	619,6970	7790,3179	11,9842	35,0006	2019,4186	4,6542	2,0500	2,0800	1,5700	3,8900	3,8900	300,0000	150,0000	1300,0000	175,0000	175,0000	2,8000	0,4000	0,2300	0,3000	0,1800	0,6000	0,6000	14,6316	9,0194	42,9030	0,6607	0,7175	62,9584	137,5660	7481,1391	0,0000	0,0000	0,0000
84,0000	101,6336	59,1739	81,5853	28,7493	19,1044	23,6870	13,7168	17,3134	125,6304	100,4155	117,0523	117,3775	34,3065	125,3195	46,4325	130,1249	108,2417	33,5419	0,0000	0,0000	0,0000	0,0000	0,0000	0,0000	0,0000	0,0000	0,0000	0,0000	559,5432	7946,1905	12,0946	41,7360	1866,9894	4,4862	2,0500	2,0800	1,5700	3,8900	3,8900	300,0000	150,0000	1300,0000	175,0000	175,0000	2,8000	0,4000	0,2300	0,3000	0,1800	0,6000	0,6000	21,5618	13,9761	42,4597	0,6432	0,7262	62,9584	137,5660	7645,0976	0,0000	0,0000	0,0000
84,0000	101,3488	58,6343	80,2427	26,7651	13,8398	19,9013	11,3086	14,0845	126,8183	120,6700	102,9290	102,7681	34,6444	125,3195	43,2454	136,6630	108,2137	31,6010	0,0000	0,0000	0,0000	0,0000	0,0000	0,0000	0,0000	0,0000	0,0000	0,0000	716,3755	8522,5708	12,9403	145,1641	1637,6556	4,3410	2,0500	2,0800	1,5700	3,8900	3,8900	300,0000	150,0000	1300,0000	175,0000	175,0000	2,8000	0,4000	0,2300	0,3000	0,1800	0,6000	0,6000	6,7627	8,7185	42,7145	0,6836	0,7236	62,9584	137,5660	7616,7070	0,0000	0,0000	0,0000
84,0000	98,2827	56,8431	78,8606	23,7794	13,7529	18,1464	10,0337	11,4868	122,0232	140,2251	124,7299	123,7656	35,3231	122,5697	47,6780	147,1862	104,6351	28,8839	0,0000	0,0000	0,0000	0,0000	0,0000	0,0000	0,0000	0,0000	0,0000	0,0000	750,0357	7944,8610	12,3128	119,0672	1812,5038	4,5125	2,0500	2,0800	1,5700	3,8900	3,8900	300,0000	150,0000	1300,0000	175,0000	175,0000	2,8000	0,4000	0,2300	0,3000	0,1800	0,6000	0,6000	6,1000	3,8576	41,4396	0,6761	0,7118	62,9584	137,5660	7328,7153	0,0000	0,0000	0,0000
84,0000	98,1410	57,0931	78,7339	24,7920	13,9341	18,7607	10,1002	11,6825	121,3128	137,7855	136,0476	134,2778	35,2123	123,6362	49,9158	147,5803	104,5022	30,2937	0,0000	0,0000	0,0000	0,0000	0,0000	0,0000	0,0000	0,0000	0,0000	0,0000	746,5682	7864,5304	12,2162	123,0568	2142,7639	4,8980	2,0500	2,0800	1,5700	3,8900	3,8900	300,0000	150,0000	1300,0000	175,0000	175,0000	2,8000	0,4000	0,2300	0,3000	0,1800	0,6000	0,6000	6,1000	3,8576	41,0479	0,6618	0,7152	62,9584	137,5660	7427,6080	0,0000	0,0000	0,0000
84,0000	98,7872	56,9379	80,0351	25,0304	14,2451	20,7069	11,5810	13,6546	123,3680	124,6238	135,8317	138,5016	35,4281	123,6714	50,4606	147,5803	105,2164	30,5441	0,0000	0,0000	0,0000	0,0000	0,0000	0,0000	0,0000	0,0000	0,0000	0,0000	716,9657	7766,4785	12,0689	75,9681	1970,1765	4,6447	2,0500	2,0800	1,5700	3,8900	3,8900	300,0000	150,0000	1300,0000	175,0000	175,0000	2,8000	0,4000	0,2300	0,3000	0,1800	0,6000	0,6000	11,7448	7,1926	41,8494	0,6581	0,7135	62,9584	137,5660	7412,4415	0,0000	0,0000	0,0000
84,0000	101,3034	59,0313	81,3733	28,8744	18,6177	23,6751	13,6098	17,0766	124,9976	101,5892	123,9431	123,4980	34,2981	125,5435	47,4166	136,0359	107,8728	33,8906	0,0000	0,0000	0,0000	0,0000	0,0000	0,0000	0,0000	0,0000	0,0000	0,0000	580,6992	7878,4677	12,0409	35,3867	2040,7319	4,6792	2,0500	2,0800	1,5700	3,8900	3,8900	300,0000	150,0000	1300,0000	175,0000	175,0000	2,8000	0,4000	0,2300	0,3000	0,1800	0,6000	0,6000	21,3961	13,5553	42,2720	0,6514	0,7268	62,9584	137,5660	7664,6105	0,0000	0,0000	0,0000
84,0000	102,0443	58,2395	80,8537	28,1870	13,8321	21,2722	12,1886	15,4006	127,4357	112,1797	103,8829	104,5575	34,4270	125,5435	44,0480	128,4380	108,7339	32,6270	0,0000	0,0000	0,0000	0,0000	0,0000	0,0000	0,0000	0,0000	0,0000	0,0000	578,1611	8430,9800	12,6752	3,0897	1652,0260	4,1937	2,0500	2,0800	1,5700	3,8900	3,8900	300,0000	150,0000	1300,0000	175,0000	175,0000	2,8000	0,4000	0,2300	0,3000	0,1800	0,6000	0,6000	9,8153	10,9647	43,8048	0,6570	0,7258	62,9584	137,5660	7653,7871	0,0000	0,0000	0,0000
84,0000	98,0873	56,4631	78,7034	23,0945	13,7472	17,7956	10,0043	11,4831	122,2545	139,8465	115,4887	114,9485	35,2811	122,6931	46,2034	146,9443	104,4179	27,8712	0,0000	0,0000	0,0000	0,0000	0,0000	0,0000	0,0000	0,0000	0,0000	0,0000	747,0213	7945,2362	12,3098	118,8580	1565,5760	4,2275	2,0500	2,0800	1,5700	3,8900	3,8900	300,0000	150,0000	1300,0000	175,0000	175,0000	2,8000	0,4000	0,2300	0,3000	0,1800	0,6000	0,6000	6,1000	3,8590	41,6242	0,6856	0,7124	62,9584	137,5660	7342,6053	0,0000	0,0000	0,0000
84,0000	97,9347	57,0318	78,5886	24,7080	13,8287	18,6812	10,1071	11,6074	120,8865	137,9753	135,9926	134,0156	35,1426	123,0961	49,7226	147,8057	104,2754	30,1999	0,0000	0,0000	0,0000	0,0000	0,0000	0,0000	0,0000	0,0000	0,0000	0,0000	743,7030	7823,8963	12,1660	121,9681	2131,0639	4,8833	2,0500	2,0800	1,5700	3,8900	3,8900	300,0000	150,0000	1300,0000	175,0000	175,0000	2,8000	0,4000	0,2300	0,3000	0,1800	0,6000	0,6000	6,1000	3,8576	40,9029	0,6636	0,7145	62,9584	137,5660	7388,0923	0,0000	0,0000	0,0000
84,0000	98,4908	56,8556	79,4310	25,0013	14,1769	19,8512	10,9261	12,7750	122,7613	130,3958	136,2389	138,1423	35,3217	123,6663	50,3949	147,8057	104,8929	30,5248	0,0000	0,0000	0,0000	0,0000	0,0000	0,0000	0,0000	0,0000	0,0000	0,0000	750,9188	7879,3769	12,2383	126,2136	2091,3984	4,8424	2,0500	2,0800	1,5700	3,8900	3,8900	300,0000	150,0000	1300,0000	175,0000	175,0000	2,8000	0,4000	0,2300	0,3000	0,1800	0,6000	0,6000	9,1723	5,5731	41,6352	0,6590	0,7144	62,9584	137,5660	7420,9475	0,0000	0,0000	0,0000
84,0000	101,2189	58,9171	81,3293	28,9560	18,0165	23,5621	13,4331	16,7235	124,8285	103,8260	131,0543	130,6863	34,4140	125,4944	48,4876	142,1914	107,7578	34,1854	0,0000	0,0000	0,0000	0,0000	0,0000	0,0000	0,0000	0,0000	0,0000	0,0000	605,7146	7878,5962	12,0699	27,6114	2216,6186	4,8731	2,0500	2,0800	1,5700	3,8900	3,8900	300,0000	150,0000	1300,0000	175,0000	175,0000	2,8000	0,4000	0,2300	0,3000	0,1800	0,6000	0,6000	20,7311	12,9298	42,3018	0,6590	0,7258	62,9584	137,5660	7650,7547	0,0000	0,0000	0,0000
84,0000	102,0928	58,9432	81,4284	28,4591	15,5857	22,5806	13,0815	16,6206	127,4816	105,0532	105,7583	108,4693	34,3450	125,4944	44,7991	120,6518	108,7930	32,9623	0,0000	0,0000	0,0000	0,0000	0,0000	0,0000	0,0000	0,0000	0,0000	0,0000	549,5137	8277,8394	12,4656	30,9679	1642,3494	4,2147	2,0500	2,0800	1,5700	3,8900	3,8900	300,0000	150,0000	1300,0000	175,0000	175,0000	2,8000	0,4000	0,2300	0,3000	0,1800	0,6000	0,6000	13,0527	12,9604	43,1496	0,6287	0,7263	62,9584	137,5660	7656,5473	0,0000	0,0000	0,0000
84,0000	97,8231	56,7581	78,5898	22,3764	13,8188	17,5657	9,9517	11,5962	122,6863	138,1526	106,6233	104,9137	35,2186	122,9393	44,7143	146,3394	104,1481	26,8145	0,0000	0,0000	0,0000	0,0000	0,0000	0,0000	0,0000	0,0000	0,0000	0,0000	743,7264	7969,1824	12,3336	119,9288	1350,2146	3,9803	2,0500	2,0800	1,5700	3,8900	3,8900	300,0000	150,0000	1300,0000	175,0000	175,0000	2,8000	0,4000	0,2300	0,3000	0,1800	0,6000	0,6000	6,1000	4,1082	41,0649	0,6944	0,7135	62,9584	137,5660	7368,5406	0,0000	0,0000	0,0000
84,0000	97,8218	56,9465	78,5090	24,6076	13,7453	18,6009	10,1084	11,5496	120,7466	138,2617	135,4835	133,3682	35,1080	122,6652	49,4950	147,9291	104,1496	30,0755	0,0000	0,0000	0,0000	0,0000	0,0000	0,0000	0,0000	0,0000	0,0000	0,0000	742,2494	7809,1251	12,1473	121,0638	2108,8692	4,8566	2,0500	2,0800	1,5700	3,8900	3,8900	300,0000	150,0000	1300,0000	175,0000	175,0000	2,8000	0,4000	0,2300	0,3000	0,1800	0,6000	0,6000	6,1000	3,8576	40,8752	0,6654	0,7138	62,9584	137,5660	7354,8070	0,0000	0,0000	0,0000
84,0000	98,2733	56,8174	78,9175	24,9712	14,1163	19,1535	10,3574	12,0623	122,2665	134,8267	136,5062	136,5177	35,2447	124,3559	50,3262	147,9291	104,6550	30,5005	0,0000	0,0000	0,0000	0,0000	0,0000	0,0000	0,0000	0,0000	0,0000	0,0000	747,7970	7902,1088	12,2609	125,5074	2144,8878	4,9033	2,0500	2,0800	1,5700	3,8900	3,8900	300,0000	150,0000	1300,0000	175,0000	175,0000	2,8000	0,4000	0,2300	0,3000	0,1800	0,6000	0,6000	7,0250	4,2856	41,4559	0,6598	0,7166	62,9584	137,5660	7485,3393	0,0000	0,0000	0,0000
84,0000	101,3932	58,5864	81,4697	28,8076	17,0126	23,2728	13,2100	16,2350	125,4062	107,2341	136,4420	137,6525	34,6904	125,2512	49,3758	146,9318	107,8909	34,1559	0,0000	0,0000	0,0000	0,0000	0,0000	0,0000	0,0000	0,0000	0,0000	0,0000	635,2777	7957,0344	12,1945	18,1676	2322,2860	4,9841	2,0500	2,0800	1,5700	3,8900	3,8900	300,0000	150,0000	1300,0000	175,0000	175,0000	2,8000	0,4000	0,2300	0,3000	0,1800	0,6000	0,6000	19,2582	12,0402	42,8068	0,6640	0,7230	62,9584	137,5660	7607,1051	0,0000	0,0000	0,0000
84,0000	102,1860	59,1473	81,7630	28,7073	17,8797	23,3331	13,5561	17,2510	127,1076	101,5667	108,6212	111,5147	34,3692	125,2512	45,3764	123,0406	108,8481	33,2141	0,0000	0,0000	0,0000	0,0000	0,0000	0,0000	0,0000	0,0000	0,0000	0,0000	563,0954	8149,8942	12,3337	31,8059	1683,2599	4,2628	2,0500	2,0800	1,5700	3,8900	3,8900	300,0000	150,0000	1300,0000	175,0000	175,0000	2,8000	0,4000	0,2300	0,3000	0,1800	0,6000	0,6000	16,6730	13,9147	43,0387	0,6312	0,7256	62,9584	137,5660	7634,0852	0,0000	0,0000	0,0000
84,0000	98,8798	58,0142	79,1007	23,2442	13,7860	18,0170	10,2159	12,2188	124,2577	133,5337	102,5900	100,7477	35,2474	124,0916	43,6659	144,6045	105,9461	28,4911	0,0000	0,0000	0,0000	0,0000	0,0000	0,0000	0,0000	0,0000	0,0000	0,0000	589,0927	8238,1239	12,4654	101,1822	1401,4239	4,0178	2,0500	2,0800	1,5700	3,8900	3,8900	300,0000	150,0000	1300,0000	175,0000	175,0000	2,8000	0,4000	0,2300	0,3000	0,1800	0,6000	0,6000	6,1000	5,3310	40,8656	0,6980	0,7160	62,9584	137,5660	7462,9152	0,0000	0,0000	0,0000
84,0000	97,9880	56,9872	78,6408	24,4395	13,7101	18,4982	10,0829	11,5180	121,0546	139,1448	133,6174	131,6145	35,1804	122,4245	49,1209	147,7110	104,3250	29,8420	0,0000	0,0000	0,0000	0,0000	0,0000	0,0000	0,0000	0,0000	0,0000	0,0000	745,1026	7848,0548	12,1955	120,2626	2054,9152	4,7935	2,0500	2,0800	1,5700	3,8900	3,8900	300,0000	150,0000	1300,0000	175,0000	175,0000	2,8000	0,4000	0,2300	0,3000	0,1800	0,6000	0,6000	6,1000	3,8576	41,0008	0,6675	0,7126	62,9584	137,5660	7328,4997	0,0000	0,0000	0,0000
84,0000	98,2315	56,9126	78,7734	24,9181	14,0639	18,8735	10,1181	11,7830	121,9441	136,7091	136,3701	134,7946	35,2345	124,2929	50,2056	147,7110	104,6066	30,4396	0,0000	0,0000	0,0000	0,0000	0,0000	0,0000	0,0000	0,0000	0,0000	0,0000	747,4240	7904,7773	12,2636	124,7336	2162,2463	4,9224	2,0500	2,0800	1,5700	3,8900	3,8900	300,0000	150,0000	1300,0000	175,0000	175,0000	2,8000	0,4000	0,2300	0,3000	0,1800	0,6000	0,6000	6,1000	3,8576	41,3189	0,6601	0,7165	62,9584	137,5660	7480,9055	0,0000	0,0000	0,0000
84,0000	101,0079	56,9558	81,1244	28,0570	14,3424	22,4349	12,7508	15,3709	125,0109	113,0557	136,8132	139,7044	34,9101	124,6276	49,7282	147,5497	107,2827	33,1599	0,0000	0,0000	0,0000	0,0000	0,0000	0,0000	0,0000	0,0000	0,0000	0,0000	723,5800	7876,3834	12,2033	22,5166	2178,6642	4,8235	2,0500	2,0800	1,5700	3,8900	3,8900	300,0000	150,0000	1300,0000	175,0000	175,0000	2,8000	0,4000	0,2300	0,3000	0,1800	0,6000	0,6000	16,8311	10,3994	44,0520	0,6630	0,7199	62,9584	137,5660	7536,2698	0,0000	0,0000	0,0000
84,0000	101,8942	59,1902	81,7302	28,7078	19,4031	23,6482	13,7337	17,4073	126,2865	100,2385	113,0371	114,3366	34,3327	125,0858	45,9217	126,7432	108,5286	33,3647	0,0000	0,0000	0,0000	0,0000	0,0000	0,0000	0,0000	0,0000	0,0000	0,0000	559,3027	8021,5407	12,1813	39,0178	1773,9096	4,3757	2,0500	2,0800	1,5700	3,8900	3,8900	300,0000	150,0000	1300,0000	175,0000	175,0000	2,8000	0,4000	0,2300	0,3000	0,1800	0,6000	0,6000	20,0251	14,1356	42,7039	0,6377	0,7255	62,9584	137,5660	7623,2579	0,0000	0,0000	0,0000
84,0000	100,7056	58,6220	79,8258	25,5798	13,8040	18,9932	10,7664	13,2067	126,1362	126,5337	102,2861	101,6002	34,8984	125,0858	43,0479	140,9147	107,5989	30,4846	0,0000	0,0000	0,0000	0,0000	0,0000	0,0000	0,0000	0,0000	0,0000	0,0000	647,2466	8497,1976	12,8313	91,5426	1571,2095	4,2025	2,0500	2,0800	1,5700	3,8900	3,8900	300,0000	150,0000	1300,0000	175,0000	175,0000	2,8000	0,4000	0,2300	0,3000	0,1800	0,6000	0,6000	6,1000	7,1790	42,0835	0,6945	0,7210	62,9584	137,5660	7575,7393	0,0000	0,0000	0,0000
84,0000	98,2218	57,0066	78,8209	24,1263	13,7229	18,3268	10,0516	11,4947	121,5712	139,9852	129,5104	127,9968	35,2841	122,2074	48,4323	147,3962	104,5729	29,3913	0,0000	0,0000	0,0000	0,0000	0,0000	0,0000	0,0000	0,0000	0,0000	0,0000	748,9775	7907,3254	12,2683	119,4589	1941,6817	4,6620	2,0500	2,0800	1,5700	3,8900	3,8900	300,0000	150,0000	1300,0000	175,0000	175,0000	2,8000	0,4000	0,2300	0,3000	0,1800	0,6000	0,6000	6,1000	3,8576	41,2152	0,6714	0,7113	62,9584	137,5660	7301,5654	0,0000	0,0000	0,0000
84,0000	98,2059	57,0460	78,7720	24,8475	13,9952	18,8111	10,1040	11,7282	121,5886	137,4311	136,1571	134,4902	35,2315	123,9448	50,0436	147,5242	104,5751	30,3573	0,0000	0,0000	0,0000	0,0000	0,0000	0,0000	0,0000	0,0000	0,0000	0,0000	747,3452	7884,4183	12,2400	123,7870	2151,0979	4,9085	2,0500	2,0800	1,5700	3,8900	3,8900	300,0000	150,0000	1300,0000	175,0000	175,0000	2,8000	0,4000	0,2300	0,3000	0,1800	0,6000	0,6000	6,1000	3,8576	41,1599	0,6608	0,7157	62,9584	137,5660	7451,9120	0,0000	0,0000	0,0000
84,0000	98,9383	56,9583	80,5190	25,8975	14,2891	21,3894	12,0687	14,3318	124,1738	119,9795	136,0868	138,9542	35,1605	123,9451	50,2221	147,5242	105,3818	30,5660	0,0000	0,0000	0,0000	0,0000	0,0000	0,0000	0,0000	0,0000	0,0000	0,0000	644,8831	7776,0814	11,9969	8,3194	1983,5380	4,5820	2,0500	2,0800	1,5700	3,8900	3,8900	300,0000	150,0000	1300,0000	175,0000	175,0000	2,8000	0,4000	0,2300	0,3000	0,1800	0,6000	0,6000	13,7471	8,4608	41,9800	0,6596	0,7163	62,9584	137,5660	7457,9059	0,0000	0,0000	0,0000
84,0000	101,5225	59,1478	81,5153	28,7798	18,9686	23,6875	13,6918	17,2513	125,3820	100,6605	118,9682	119,0399	34,2970	125,3933	46,6940	131,7564	108,1188	33,6355	0,0000	0,0000	0,0000	0,0000	0,0000	0,0000	0,0000	0,0000	0,0000	0,0000	578,5394	7919,6505	12,0859	34,1312	1914,3818	4,5321	2,0500	2,0800	1,5700	3,8900	3,8900	300,0000	150,0000	1300,0000	175,0000	175,0000	2,8000	0,4000	0,2300	0,3000	0,1800	0,6000	0,6000	21,5426	13,8693	42,3748	0,6456	0,7265	62,9584	137,5660	7652,0908	0,0000	0,0000	0,0000
84,0000	101,5742	58,5284	80,4168	27,2149	13,8485	20,3014	11,5594	14,4695	127,0312	118,1325	103,1938	103,1693	34,5660	125,3933	43,4368	134,4760	108,4407	32,0234	0,0000	0,0000	0,0000	0,0000	0,0000	0,0000	0,0000	0,0000	0,0000	0,0000	582,8421	8505,3812	12,7664	20,2362	1649,3320	4,2103	2,0500	2,0800	1,5700	3,8900	3,8900	300,0000	150,0000	1300,0000	175,0000	175,0000	2,8000	0,4000	0,2300	0,3000	0,1800	0,6000	0,6000	7,6664	9,3839	43,0458	0,6770	0,7243	62,9584	137,5660	7629,4921	0,0000	0,0000	0,0000
84,0000	98,2641	56,7450	78,8433	23,5997	13,7611	18,0537	10,0273	11,4842	122,1598	140,2044	122,2762	121,5308	35,3243	122,6686	47,2891	147,1134	104,6133	28,6197	0,0000	0,0000	0,0000	0,0000	0,0000	0,0000	0,0000	0,0000	0,0000	0,0000	749,7754	7953,1282	12,3220	118,9405	1746,5248	4,4363	2,0500	2,0800	1,5700	3,8900	3,8900	300,0000	150,0000	1300,0000	175,0000	175,0000	2,8000	0,4000	0,2300	0,3000	0,1800	0,6000	0,6000	6,1000	3,8576	41,5191	0,6786	0,7120	62,9584	137,5660	7336,9197	0,0000	0,0000	0,0000
84,0000	98,0917	57,0923	78,7006	24,7677	13,9043	18,7377	10,1008	11,6607	121,1811	137,8786	136,0279	134,2023	35,1960	123,4836	49,8597	147,6324	104,4478	30,2665	0,0000	0,0000	0,0000	0,0000	0,0000	0,0000	0,0000	0,0000	0,0000	0,0000	745,9036	7853,2561	12,2024	122,7305	2139,4382	4,8938	2,0500	2,0800	1,5700	3,8900	3,8900	300,0000	150,0000	1300,0000	175,0000	175,0000	2,8000	0,4000	0,2300	0,3000	0,1800	0,6000	0,6000	6,1000	3,8576	40,9994	0,6623	0,7150	62,9584	137,5660	7416,1588	0,0000	0,0000	0,0000
84,0000	98,7065	56,9190	79,8618	25,0205	14,2271	20,4404	11,3785	13,3814	123,1949	126,4647	135,9355	138,4518	35,3993	123,6053	50,4384	147,6324	105,1282	30,5364	0,0000	0,0000	0,0000	0,0000	0,0000	0,0000	0,0000	0,0000	0,0000	0,0000	738,5509	7792,6487	12,1240	104,1988	2000,2120	4,7119	2,0500	2,0800	1,5700	3,8900	3,8900	300,0000	150,0000	1300,0000	175,0000	175,0000	2,8000	0,4000	0,2300	0,3000	0,1800	0,6000	0,6000	10,9477	6,6881	41,7875	0,6584	0,7136	62,9584	137,5660	7409,3096	0,0000	0,0000	0,0000
84,0000	101,2550	59,0113	81,3454	28,9113	18,4556	23,6565	13,5644	16,9861	124,8756	102,1556	126,1127	125,5454	34,3193	125,5589	47,7386	137,9091	107,8152	33,9951	0,0000	0,0000	0,0000	0,0000	0,0000	0,0000	0,0000	0,0000	0,0000	0,0000	582,3226	7870,1714	12,0332	35,8256	2095,4926	4,7429	2,0500	2,0800	1,5700	3,8900	3,8900	300,0000	150,0000	1300,0000	175,0000	175,0000	2,8000	0,4000	0,2300	0,3000	0,1800	0,6000	0,6000	21,2895	13,3944	42,2437	0,6538	0,7267	62,9584	137,5660	7664,1294	0,0000	0,0000	0,0000
84,0000	102,0607	58,1743	81,0440	28,2727	13,8963	21,6869	12,4690	15,7950	127,5216	109,7933	104,2763	105,5232	34,3810	125,5589	44,3207	125,7793	108,7536	32,7223	0,0000	0,0000	0,0000	0,0000	0,0000	0,0000	0,0000	0,0000	0,0000	0,0000	566,0508	8389,6496	12,6136	13,2357	1646,7144	4,1993	2,0500	2,0800	1,5700	3,8900	3,8900	300,0000	150,0000	1300,0000	175,0000	175,0000	2,8000	0,4000	0,2300	0,3000	0,1800	0,6000	0,6000	10,7190	11,6222	43,8864	0,6476	0,7262	62,9584	137,5660	7658,9468	0,0000	0,0000	0,0000
84,0000	97,9700	56,3429	78,6149	22,8635	13,7460	17,6810	9,9818	11,4846	122,2326	139,5688	112,4745	111,7260	35,2480	122,6443	45,7128	146,8450	104,2894	27,5254	0,0000	0,0000	0,0000	0,0000	0,0000	0,0000	0,0000	0,0000	0,0000	0,0000	745,1475	7933,8307	12,2944	118,8251	1486,4128	4,1362	2,0500	2,0800	1,5700	3,8900	3,8900	300,0000	150,0000	1300,0000	175,0000	175,0000	2,8000	0,4000	0,2300	0,3000	0,1800	0,6000	0,6000	6,1000	3,8668	41,6270	0,6887	0,7126	62,9584	137,5660	7341,2889	0,0000	0,0000	0,0000
84,0000	97,8652	56,9882	78,5377	24,6814	13,7979	18,6570	10,1102	11,5861	120,7908	138,0013	135,9433	133,9048	35,1188	122,9368	49,6617	147,8802	104,1991	30,1691	0,0000	0,0000	0,0000	0,0000	0,0000	0,0000	0,0000	0,0000	0,0000	0,0000	742,7218	7812,9140	12,1522	121,6665	2126,6087	4,8778	2,0500	2,0800	1,5700	3,8900	3,8900	300,0000	150,0000	1300,0000	175,0000	175,0000	2,8000	0,4000	0,2300	0,3000	0,1800	0,6000	0,6000	6,1000	3,8576	40,8770	0,6642	0,7143	62,9584	137,5660	7376,7132	0,0000	0,0000	0,0000
84,0000	98,4008	56,8275	79,2527	24,9938	14,1564	19,6249	10,7481	12,5419	122,5839	131,8518	136,3669	137,8635	35,2893	123,8039	50,3778	147,8802	104,7948	30,5206	0,0000	0,0000	0,0000	0,0000	0,0000	0,0000	0,0000	0,0000	0,0000	0,0000	749,6000	7891,2757	12,2505	125,9840	2112,9039	4,8670	2,0500	2,0800	1,5700	3,8900	3,8900	300,0000	150,0000	1300,0000	175,0000	175,0000	2,8000	0,4000	0,2300	0,3000	0,1800	0,6000	0,6000	8,4833	5,1478	41,5733	0,6593	0,7150	62,9584	137,5660	7435,2240	0,0000	0,0000	0,0000
84,0000	101,2458	58,8514	81,3525	28,9483	17,7875	23,5013	13,3713	16,5949	124,9318	104,6789	132,9556	132,8755	34,4777	125,4467	48,7863	143,8495	107,7754	34,2290	0,0000	0,0000	0,0000	0,0000	0,0000	0,0000	0,0000	0,0000	0,0000	0,0000	608,6912	7894,9253	12,0922	27,5911	2260,4281	4,9236	2,0500	2,0800	1,5700	3,8900	3,8900	300,0000	150,0000	1300,0000	175,0000	175,0000	2,8000	0,4000	0,2300	0,3000	0,1800	0,6000	0,6000	20,3200	12,7003	42,3944	0,6609	0,7252	62,9584	137,5660	7641,3990	0,0000	0,0000	0,0000
84,0000	102,1190	59,0178	81,5498	28,5366	16,4186	22,8621	13,2659	16,8682	127,4081	103,6754	106,5108	109,5064	34,3500	125,4467	44,9778	121,1330	108,8234	33,0615	0,0000	0,0000	0,0000	0,0000	0,0000	0,0000	0,0000	0,0000	0,0000	0,0000	545,8748	8234,7597	12,4117	36,0460	1648,5895	4,2277	2,0500	2,0800	1,5700	3,8900	3,8900	300,0000	150,0000	1300,0000	175,0000	175,0000	2,8000	0,4000	0,2300	0,3000	0,1800	0,6000	0,6000	14,1529	13,3451	43,1012	0,6287	0,7262	62,9584	137,5660	7652,1293	0,0000	0,0000	0,0000
84,0000	97,8363	57,2182	78,6897	22,2155	13,8037	17,6314	9,9943	11,7303	123,0853	137,0694	104,9616	103,0236	35,2256	123,2315	44,3742	145,9733	104,2937	26,7693	0,0000	0,0000	0,0000	0,0000	0,0000	0,0000	0,0000	0,0000	0,0000	0,0000	663,0378	8032,2342	12,3132	99,2922	1337,4853	3,9419	2,0500	2,0800	1,5700	3,8900	3,8900	300,0000	150,0000	1300,0000	175,0000	175,0000	2,8000	0,4000	0,2300	0,3000	0,1800	0,6000	0,6000	6,1000	4,3783	40,6181	0,6960	0,7142	62,9584	137,5660	7392,5008	0,0000	0,0000	0,0000
84,0000	97,8484	56,9529	78,5311	24,5677	13,7305	18,5746	10,1030	11,5382	120,7925	138,4787	135,1047	132,9923	35,1206	122,5816	49,4056	147,8921	104,1772	30,0216	0,0000	0,0000	0,0000	0,0000	0,0000	0,0000	0,0000	0,0000	0,0000	0,0000	742,7445	7815,6935	12,1554	120,8222	2097,1550	4,8428	2,0500	2,0800	1,5700	3,8900	3,8900	300,0000	150,0000	1300,0000	175,0000	175,0000	2,8000	0,4000	0,2300	0,3000	0,1800	0,6000	0,6000	6,1000	3,8576	40,8954	0,6659	0,7135	62,9584	137,5660	7346,7291	0,0000	0,0000	0,0000
84,0000	98,2480	56,8345	78,8207	24,9578	14,1009	18,9967	10,2178	11,9040	122,1608	135,7843	136,4971	135,6624	35,2367	124,4686	50,2958	147,8921	104,6267	30,4859	0,0000	0,0000	0,0000	0,0000	0,0000	0,0000	0,0000	0,0000	0,0000	0,0000	747,4816	7912,1694	12,2721	125,2890	2161,1267	4,9218	2,0500	2,0800	1,5700	3,8900	3,8900	300,0000	150,0000	1300,0000	175,0000	175,0000	2,8000	0,4000	0,2300	0,3000	0,1800	0,6000	0,6000	6,5195	4,0182	41,4135	0,6599	0,7169	62,9584	137,5660	7495,4791	0,0000	0,0000	0,0000
84,0000	101,3753	58,3471	81,4560	28,6566	16,3914	23,1077	13,1338	16,0467	125,4545	108,5856	137,0621	139,0710	34,7686	125,0868	49,5142	147,5136	107,8398	33,9881	0,0000	0,0000	0,0000	0,0000	0,0000	0,0000	0,0000	0,0000	0,0000	0,0000	655,6417	7964,3384	12,2264	8,8719	2313,6742	4,9634	2,0500	2,0800	1,5700	3,8900	3,8900	300,0000	150,0000	1300,0000	175,0000	175,0000	2,8000	0,4000	0,2300	0,3000	0,1800	0,6000	0,6000	18,7436	11,6830	43,0281	0,6643	0,7220	62,9584	137,5660	7586,7237	0,0000	0,0000	0,0000
84,0000	102,1230	59,1807	81,7879	28,7043	18,3683	23,4621	13,6333	17,3373	126,8890	101,0065	109,7403	112,3031	34,3612	125,0868	45,5323	123,9966	108,7792	33,2456	0,0000	0,0000	0,0000	0,0000	0,0000	0,0000	0,0000	0,0000	0,0000	0,0000	561,6092	8112,0032	12,2883	33,8815	1705,3170	4,2907	2,0500	2,0800	1,5700	3,8900	3,8900	300,0000	150,0000	1300,0000	175,0000	175,0000	2,8000	0,4000	0,2300	0,3000	0,1800	0,6000	0,6000	17,6931	14,0424	42,9423	0,6328	0,7253	62,9584	137,5660	7620,9504	0,0000	0,0000	0,0000
84,0000	99,5617	58,2337	79,3057	24,0642	13,7843	18,2576	10,3511	12,4762	124,8047	131,6861	102,2116	100,6139	35,1997	124,4351	43,3984	143,7689	106,5596	29,1740	0,0000	0,0000	0,0000	0,0000	0,0000	0,0000	0,0000	0,0000	0,0000	0,0000	611,0048	8324,1564	12,5899	102,0751	1449,8402	4,0747	2,0500	2,0800	1,5700	3,8900	3,8900	300,0000	150,0000	1300,0000	175,0000	175,0000	2,8000	0,4000	0,2300	0,3000	0,1800	0,6000	0,6000	6,1000	5,8279	41,3280	0,6981	0,7171	62,9584	137,5660	7495,7728	0,0000	0,0000	0,0000
84,0000	98,0524	56,9977	78,6910	24,3651	13,7082	18,4558	10,0731	11,5091	121,1859	139,4354	132,6977	130,7919	35,2086	122,3476	48,9567	147,6187	104,3932	29,7363	0,0000	0,0000	0,0000	0,0000	0,0000	0,0000	0,0000	0,0000	0,0000	0,0000	746,1857	7863,7445	12,2148	119,9826	2029,1058	4,7634	2,0500	2,0800	1,5700	3,8900	3,8900	300,0000	150,0000	1300,0000	175,0000	175,0000	2,8000	0,4000	0,2300	0,3000	0,1800	0,6000	0,6000	6,1000	3,8576	41,0546	0,6684	0,7122	62,9584	137,5660	7319,6754	0,0000	0,0000	0,0000
84,0000	98,2219	56,9496	78,7712	24,8979	14,0449	18,8557	10,1130	11,7673	121,8389	136,9382	136,3053	134,7080	35,2328	124,1951	50,1597	147,6187	104,5951	30,4161	0,0000	0,0000	0,0000	0,0000	0,0000	0,0000	0,0000	0,0000	0,0000	0,0000	747,3692	7898,5016	12,2563	124,4577	2159,0916	4,9185	2,0500	2,0800	1,5700	3,8900	3,8900	300,0000	150,0000	1300,0000	175,0000	175,0000	2,8000	0,4000	0,2300	0,3000	0,1800	0,6000	0,6000	6,1000	3,8576	41,2723	0,6602	0,7163	62,9584	137,5660	7472,8339	0,0000	0,0000	0,0000
84,0000	100,6964	56,9555	80,9493	27,6725	14,3272	22,1185	12,5503	15,0544	124,7872	115,1256	136,6211	139,5248	34,9722	124,4101	49,8485	147,5325	106,7816	32,4922	0,0000	0,0000	0,0000	0,0000	0,0000	0,0000	0,0000	0,0000	0,0000	0,0000	796,5110	7823,5243	12,2265	54,3356	2099,5441	4,7689	2,0500	2,0800	1,5700	3,8900	3,8900	300,0000	150,0000	1300,0000	175,0000	175,0000	2,8000	0,4000	0,2300	0,3000	0,1800	0,6000	0,6000	15,8898	9,8106	43,7408	0,6621	0,7189	62,9584	137,5660	7512,7823	0,0000	0,0000	0,0000
84,0000	101,7819	59,1871	81,6737	28,7191	19,2808	23,6776	13,7396	17,3832	126,0002	100,2158	114,6346	115,3833	34,3200	125,1991	46,1161	128,0798	108,4053	33,4304	0,0000	0,0000	0,0000	0,0000	0,0000	0,0000	0,0000	0,0000	0,0000	0,0000	558,8255	7986,5307	12,1403	40,8200	1809,0160	4,4183	2,0500	2,0800	1,5700	3,8900	3,8900	300,0000	150,0000	1300,0000	175,0000	175,0000	2,8000	0,4000	0,2300	0,3000	0,1800	0,6000	0,6000	20,9664	14,0953	42,5948	0,6399	0,7259	62,9584	137,5660	7633,8449	0,0000	0,0000	0,0000
84,0000	101,0039	58,7529	80,0011	26,1037	13,8196	19,3603	10,9789	13,5622	126,4633	124,1331	102,5441	102,2202	34,7778	125,1991	43,0767	139,2891	107,8785	30,9719	0,0000	0,0000	0,0000	0,0000	0,0000	0,0000	0,0000	0,0000	0,0000	0,0000	673,0602	8523,1525	12,8910	110,5744	1607,6425	4,2665	2,0500	2,0800	1,5700	3,8900	3,8900	300,0000	150,0000	1300,0000	175,0000	175,0000	2,8000	0,4000	0,2300	0,3000	0,1800	0,6000	0,6000	6,1000	7,8080	42,2510	0,6907	0,7222	62,9584	137,5660	7595,3870	0,0000	0,0000	0,0000
84,0000	98,2625	56,9518	78,8495	23,9939	13,7353	18,2576	10,0432	11,4910	121,7722	140,1322	127,6825	126,3929	35,3056	122,3727	48,1439	147,2997	104,6155	29,1981	0,0000	0,0000	0,0000	0,0000	0,0000	0,0000	0,0000	0,0000	0,0000	0,0000	749,6634	7925,2011	12,2897	119,2804	1892,2634	4,6048	2,0500	2,0800	1,5700	3,8900	3,8900	300,0000	150,0000	1300,0000	175,0000	175,0000	2,8000	0,4000	0,2300	0,3000	0,1800	0,6000	0,6000	6,1000	3,8576	41,3107	0,6732	0,7115	62,9584	137,5660	7313,6395	0,0000	0,0000	0,0000
84,0000	98,1867	57,0727	78,7622	24,8244	13,9712	18,7905	10,1014	11,7100	121,4799	137,6016	136,0980	134,3933	35,2264	123,8242	49,9905	147,5348	104,5533	30,3305	0,0000	0,0000	0,0000	0,0000	0,0000	0,0000	0,0000	0,0000	0,0000	0,0000	747,1424	7877,2192	12,2314	123,4871	2147,4702	4,9039	2,0500	2,0800	1,5700	3,8900	3,8900	300,0000	150,0000	1300,0000	175,0000	175,0000	2,8000	0,4000	0,2300	0,3000	0,1800	0,6000	0,6000	6,1000	3,8576	41,1140	0,6612	0,7155	62,9584	137,5660	7442,2086	0,0000	0,0000	0,0000
84,0000	98,8813	56,9533	80,3109	25,0443	14,2714	21,0946	11,8639	14,0418	123,8106	121,9669	135,8988	138,7089	35,2996	123,8242	50,3672	147,5348	105,3194	30,5557	0,0000	0,0000	0,0000	0,0000	0,0000	0,0000	0,0000	0,0000	0,0000	0,0000	670,7199	7764,6175	12,0134	39,4776	1964,7784	4,5963	2,0500	2,0800	1,5700	3,8900	3,8900	300,0000	150,0000	1300,0000	175,0000	175,0000	2,8000	0,4000	0,2300	0,3000	0,1800	0,6000	0,6000	12,8873	7,9166	41,9280	0,6586	0,7149	62,9584	137,5660	7436,0658	0,0000	0,0000	0,0000
84,0000	101,4184	59,0980	81,4476	28,8170	18,8253	23,6853	13,6615	17,1833	125,1957	100,9824	120,9930	120,8248	34,2916	125,4660	46,9828	133,4928	108,0029	33,7389	0,0000	0,0000	0,0000	0,0000	0,0000	0,0000	0,0000	0,0000	0,0000	0,0000	579,2369	7898,8294	12,0627	34,6858	1965,6108	4,5918	2,0500	2,0800	1,5700	3,8900	3,8900	300,0000	150,0000	1300,0000	175,0000	175,0000	2,8000	0,4000	0,2300	0,3000	0,1800	0,6000	0,6000	21,4987	13,7481	42,3204	0,6480	0,7267	62,9584	137,5660	7658,6494	0,0000	0,0000	0,0000
84,0000	101,7937	58,4103	80,5962	27,6457	13,8476	20,7061	11,8180	14,8585	127,2240	115,6017	103,4617	103,6467	34,5008	125,4660	43,6738	132,0600	108,6934	32,4122	0,0000	0,0000	0,0000	0,0000	0,0000	0,0000	0,0000	0,0000	0,0000	0,0000	570,8087	8477,5080	12,7204	8,5344	1653,6674	4,2019	2,0500	2,0800	1,5700	3,8900	3,8900	300,0000	150,0000	1300,0000	175,0000	175,0000	2,8000	0,4000	0,2300	0,3000	0,1800	0,6000	0,6000	8,5701	10,0492	43,3834	0,6693	0,7250	62,9584	137,5660	7641,0747	0,0000	0,0000	0,0000
84,0000	98,2148	56,6342	78,8029	23,3997	13,7623	17,9511	10,0202	11,4830	122,2445	140,1052	119,5628	118,9850	35,3149	122,7198	46,8576	147,0446	104,5582	28,3245	0,0000	0,0000	0,0000	0,0000	0,0000	0,0000	0,0000	0,0000	0,0000	0,0000	749,0203	7955,1226	12,3235	118,8856	1673,9157	4,3525	2,0500	2,0800	1,5700	3,8900	3,8900	300,0000	150,0000	1300,0000	175,0000	175,0000	2,8000	0,4000	0,2300	0,3000	0,1800	0,6000	0,6000	6,1000	3,8577	41,5805	0,6813	0,7122	62,9584	137,5660	7342,0067	0,0000	0,0000	0,0000
84,0000	98,0318	57,0777	78,6587	24,7429	13,8729	18,7141	10,1027	11,6383	121,0508	137,9371	136,0152	134,1281	35,1759	123,3232	49,8027	147,6980	104,3820	30,2390	0,0000	0,0000	0,0000	0,0000	0,0000	0,0000	0,0000	0,0000	0,0000	0,0000	745,0743	7841,1020	12,1874	122,4044	2136,0753	4,8895	2,0500	2,0800	1,5700	3,8900	3,8900	300,0000	150,0000	1300,0000	175,0000	175,0000	2,8000	0,4000	0,2300	0,3000	0,1800	0,6000	0,6000	6,1000	3,8576	40,9542	0,6628	0,7148	62,9584	137,5660	7404,3753	0,0000	0,0000	0,0000
84,0000	98,6188	56,8951	79,6827	25,0119	14,2061	20,1843	11,1832	13,1183	123,0145	128,1979	136,0548	138,3637	35,3678	123,5909	50,4188	147,6980	105,0325	30,5307	0,0000	0,0000	0,0000	0,0000	0,0000	0,0000	0,0000	0,0000	0,0000	0,0000	752,7982	7840,6942	12,1958	126,5461	2046,9866	4,7916	2,0500	2,0800	1,5700	3,8900	3,8900	300,0000	150,0000	1300,0000	175,0000	175,0000	2,8000	0,4000	0,2300	0,3000	0,1800	0,6000	0,6000	10,1794	6,2034	41,7236	0,6586	0,7138	62,9584	137,5660	7410,7357	0,0000	0,0000	0,0000
84,0000	101,2252	58,9808	81,3291	28,9386	18,2815	23,6254	13,5131	16,8837	124,8113	102,8000	128,2399	127,6572	34,3508	125,5399	48,0575	139,7490	107,7764	34,0867	0,0000	0,0000	0,0000	0,0000	0,0000	0,0000	0,0000	0,0000	0,0000	0,0000	584,2825	7868,8960	12,0340	36,1553	2148,3857	4,8043	2,0500	2,0800	1,5700	3,8900	3,8900	300,0000	150,0000	1300,0000	175,0000	175,0000	2,8000	0,4000	0,2300	0,3000	0,1800	0,6000	0,6000	21,1541	13,2137	42,2444	0,6561	0,7264	62,9584	137,5660	7659,8852	0,0000	0,0000	0,0000
84,0000	102,0706	58,3541	81,2241	28,3509	14,3441	22,0930	12,7490	16,1757	127,5467	107,5711	104,8137	106,7731	34,3440	125,5399	44,5524	123,3594	108,7663	32,8229	0,0000	0,0000	0,0000	0,0000	0,0000	0,0000	0,0000	0,0000	0,0000	0,0000	556,6530	8342,4542	12,5483	21,1736	1641,4144	4,2023	2,0500	2,0800	1,5700	3,8900	3,8900	300,0000	150,0000	1300,0000	175,0000	175,0000	2,8000	0,4000	0,2300	0,3000	0,1800	0,6000	0,6000	11,6227	12,2472	43,7165	0,6388	0,7264	62,9584	137,5660	7660,4536	0,0000	0,0000	0,0000
84,0000	97,8802	56,3209	78,5592	22,6457	13,8469	17,5915	9,9536	11,5011	122,3129	139,1536	109,7016	108,5569	35,2254	122,6791	45,2586	146,6891	104,1919	27,1969	0,0000	0,0000	0,0000	0,0000	0,0000	0,0000	0,0000	0,0000	0,0000	0,0000	760,4513	7932,5837	12,3107	124,8404	1415,7446	4,0616	2,0500	2,0800	1,5700	3,8900	3,8900	300,0000	150,0000	1300,0000	175,0000	175,0000	2,8000	0,4000	0,2300	0,3000	0,1800	0,6000	0,6000	6,1000	3,9072	41,5594	0,6915	0,7129	62,9584	137,5660	7346,1131	0,0000	0,0000	0,0000
84,0000	97,8261	56,9579	78,5097	24,6534	13,7727	18,6342	10,1115	11,5690	120,7457	138,0630	135,8192	133,7350	35,1064	122,8081	49,5982	147,9263	104,1558	30,1349	0,0000	0,0000	0,0000	0,0000	0,0000	0,0000	0,0000	0,0000	0,0000	0,0000	742,2020	7807,7521	12,1456	121,4069	2120,6799	4,8706	2,0500	2,0800	1,5700	3,8900	3,8900	300,0000	150,0000	1300,0000	175,0000	175,0000	2,8000	0,4000	0,2300	0,3000	0,1800	0,6000	0,6000	6,1000	3,8576	40,8682	0,6647	0,7141	62,9584	137,5660	7366,9467	0,0000	0,0000	0,0000
84,0000	98,3340	56,8134	79,0960	24,9860	14,1388	19,4142	10,5773	12,3265	122,4371	133,1918	136,4553	137,4270	35,2656	124,0206	50,3598	147,9263	104,7218	30,5148	0,0000	0,0000	0,0000	0,0000	0,0000	0,0000	0,0000	0,0000	0,0000	0,0000	748,6359	7897,2767	12,2563	125,7975	2128,2072	4,8844	2,0500	2,0800	1,5700	3,8900	3,8900	300,0000	150,0000	1300,0000	175,0000	175,0000	2,8000	0,4000	0,2300	0,3000	0,1800	0,6000	0,6000	7,8351	4,7555	41,5206	0,6596	0,7156	62,9584	137,5660	7455,4209	0,0000	0,0000	0,0000
84,0000	101,3066	58,7680	81,4011	28,9156	17,5188	23,4241	13,3062	16,4551	125,1188	105,6509	134,6536	135,0004	34,5606	125,3879	49,0629	145,3403	107,8261	34,2368	0,0000	0,0000	0,0000	0,0000	0,0000	0,0000	0,0000	0,0000	0,0000	0,0000	612,2262	7920,1362	12,1253	27,4526	2295,7626	4,9642	2,0500	2,0800	1,5700	3,8900	3,8900	300,0000	150,0000	1300,0000	175,0000	175,0000	2,8000	0,4000	0,2300	0,3000	0,1800	0,6000	0,6000	19,8920	12,4463	42,5386	0,6624	0,7244	62,9584	137,5660	7629,4921	0,0000	0,0000	0,0000
84,0000	102,1574	59,0668	81,6564	28,6119	17,1035	23,0911	13,4097	17,0617	127,3124	102,6162	107,3301	110,4058	34,3595	125,3879	45,1513	121,8924	108,8734	33,1573	0,0000	0,0000	0,0000	0,0000	0,0000	0,0000	0,0000	0,0000	0,0000	0,0000	546,2152	8197,3373	12,3689	36,1107	1660,1539	4,2411	2,0500	2,0800	1,5700	3,8900	3,8900	300,0000	150,0000	1300,0000	175,0000	175,0000	2,8000	0,4000	0,2300	0,3000	0,1800	0,6000	0,6000	15,2291	13,6363	43,0906	0,6296	0,7260	62,9584	137,5660	7646,3846	0,0000	0,0000	0,0000
84,0000	98,0182	57,6078	78,8419	22,2209	13,7937	17,7586	10,0692	11,9111	123,5553	135,7314	103,7057	101,7122	35,2393	123,5814	44,0661	145,4932	104,9009	27,3706	0,0000	0,0000	0,0000	0,0000	0,0000	0,0000	0,0000	0,0000	0,0000	0,0000	548,3916	8115,7572	12,2773	80,2743	1352,1219	3,9368	2,0500	2,0800	1,5700	3,8900	3,8900	300,0000	150,0000	1300,0000	175,0000	175,0000	2,8000	0,4000	0,2300	0,3000	0,1800	0,6000	0,6000	6,1000	4,7334	40,4104	0,6971	0,7148	62,9584	137,5660	7420,7314	0,0000	0,0000	0,0000
84,0000	97,8992	56,9677	78,5715	24,5207	13,7205	18,5459	10,0955	11,5292	120,8825	138,7402	134,5900	132,5049	35,1425	122,5144	49,3009	147,8283	104,2309	29,9564	0,0000	0,0000	0,0000	0,0000	0,0000	0,0000	0,0000	0,0000	0,0000	0,0000	743,6125	7827,2445	12,1697	120,5931	2082,1481	4,8253	2,0500	2,0800	1,5700	3,8900	3,8900	300,0000	150,0000	1300,0000	175,0000	175,0000	2,8000	0,4000	0,2300	0,3000	0,1800	0,6000	0,6000	6,1000	3,8576	40,9315	0,6665	0,7132	62,9584	137,5660	7339,2440	0,0000	0,0000	0,0000
84,0000	98,2379	56,8632	78,7718	24,9426	14,0861	18,8972	10,1273	11,8040	122,0699	136,3951	136,4561	134,9213	35,2345	124,4070	50,2613	147,8283	104,6149	30,4684	0,0000	0,0000	0,0000	0,0000	0,0000	0,0000	0,0000	0,0000	0,0000	0,0000	747,4046	7911,7299	12,2716	125,0689	2166,1506	4,9273	2,0500	2,0800	1,5700	3,8900	3,8900	300,0000	150,0000	1300,0000	175,0000	175,0000	2,8000	0,4000	0,2300	0,3000	0,1800	0,6000	0,6000	6,1345	3,8627	41,3747	0,6600	0,7168	62,9584	137,5660	7490,4972	0,0000	0,0000	0,0000
84,0000	101,2393	57,8676	81,3374	28,4238	14,8884	22,8569	13,0210	15,8000	125,2967	110,2653	137,0943	139,6413	34,8199	124,8296	49,5566	147,5791	107,6461	33,6934	0,0000	0,0000	0,0000	0,0000	0,0000	0,0000	0,0000	0,0000	0,0000	0,0000	673,8853	7943,9569	12,2239	0,1221	2274,4518	4,9081	2,0500	2,0800	1,5700	3,8900	3,8900	300,0000	150,0000	1300,0000	175,0000	175,0000	2,8000	0,4000	0,2300	0,3000	0,1800	0,6000	0,6000	18,1318	11,2239	43,3718	0,6642	0,7211	62,9584	137,5660	7560,8162	0,0000	0,0000	0,0000
84,0000	101,9925	59,1761	81,7482	28,6940	18,8156	23,5529	13,6897	17,3802	126,5705	100,5902	111,0603	113,1359	34,3317	124,8296	45,6729	125,0810	108,6367	33,2819	0,0000	0,0000	0,0000	0,0000	0,0000	0,0000	0,0000	0,0000	0,0000	0,0000	559,7485	8065,0521	12,2320	36,1016	1731,4857	4,3234	2,0500	2,0800	1,5700	3,8900	3,8900	300,0000	150,0000	1300,0000	175,0000	175,0000	2,8000	0,4000	0,2300	0,3000	0,1800	0,6000	0,6000	18,6899	14,1156	42,8164	0,6349	0,7250	62,9584	137,5660	7601,8231	0,0000	0,0000	0,0000
84,0000	100,0829	58,3949	79,5003	24,7602	13,7829	18,5355	10,5097	12,7562	125,3437	129,6444	102,1466	100,8828	35,0720	124,6927	43,1760	142,7459	107,0189	29,7599	0,0000	0,0000	0,0000	0,0000	0,0000	0,0000	0,0000	0,0000	0,0000	0,0000	622,6993	8399,9392	12,6908	97,0681	1503,2058	4,1304	2,0500	2,0800	1,5700	3,8900	3,8900	300,0000	150,0000	1300,0000	175,0000	175,0000	2,8000	0,4000	0,2300	0,3000	0,1800	0,6000	0,6000	6,1000	6,3694	41,6880	0,6975	0,7187	62,9584	137,5660	7528,1398	0,0000	0,0000	0,0000
84,0000	98,0927	56,9957	78,7231	24,2735	13,7055	18,4031	10,0634	11,4965	121,2805	139,7035	131,5710	129,7953	35,2287	122,2354	48,7554	147,5348	104,4353	29,6068	0,0000	0,0000	0,0000	0,0000	0,0000	0,0000	0,0000	0,0000	0,0000	0,0000	746,9063	7875,2333	12,2289	119,6741	1997,4383	4,7265	2,0500	2,0800	1,5700	3,8900	3,8900	300,0000	150,0000	1300,0000	175,0000	175,0000	2,8000	0,4000	0,2300	0,3000	0,1800	0,6000	0,6000	6,1000	3,8576	41,0970	0,6695	0,7118	62,9584	137,5660	7308,5606	0,0000	0,0000	0,0000
84,0000	98,1891	56,9759	78,7518	24,8749	14,0205	18,8344	10,1083	11,7470	121,6960	137,1619	136,2611	134,6324	35,2228	124,0660	50,1074	147,5348	104,5584	30,3900	0,0000	0,0000	0,0000	0,0000	0,0000	0,0000	0,0000	0,0000	0,0000	0,0000	746,9688	7887,9467	12,2436	124,1224	2155,9978	4,9145	2,0500	2,0800	1,5700	3,8900	3,8900	300,0000	150,0000	1300,0000	175,0000	175,0000	2,8000	0,4000	0,2300	0,3000	0,1800	0,6000	0,6000	6,1000	3,8576	41,2132	0,6604	0,7161	62,9584	137,5660	7462,8315	0,0000	0,0000	0,0000
84,0000	100,1534	56,9446	80,7570	27,1224	14,3080	21,8053	12,3481	14,7417	124,5215	117,1860	136,4182	139,3153	35,0331	124,1794	49,9896	147,5286	105,7825	31,3600	0,0000	0,0000	0,0000	0,0000	0,0000	0,0000	0,0000	0,0000	0,0000	0,0000	1021,4003	7792,8821	12,4505	163,6317	2037,7052	4,8236	2,0500	2,0800	1,5700	3,8900	3,8900	300,0000	150,0000	1300,0000	175,0000	175,0000	2,8000	0,4000	0,2300	0,3000	0,1800	0,6000	0,6000	14,9721	9,2340	43,2088	0,6612	0,7179	62,9584	137,5660	7488,2833	0,0000	0,0000	0,0000
84,0000	101,6543	59,1678	81,5949	28,7370	19,1511	23,6832	13,7243	17,3316	125,7017	100,3465	116,3718	116,7894	34,3027	125,2662	46,3350	129,5408	108,2650	33,5067	0,0000	0,0000	0,0000	0,0000	0,0000	0,0000	0,0000	0,0000	0,0000	0,0000	559,0845	7953,3144	12,1023	41,5268	1850,1310	4,4665	2,0500	2,0800	1,5700	3,8900	3,8900	300,0000	150,0000	1300,0000	175,0000	175,0000	2,8000	0,4000	0,2300	0,3000	0,1800	0,6000	0,6000	21,5628	14,0129	42,4865	0,6423	0,7262	62,9584	137,5660	7640,9341	0,0000	0,0000	0,0000
84,0000	101,2420	58,6616	80,1633	26,5867	13,8324	19,7485	11,2151	13,9370	126,7059	121,6300	102,8312	102,6285	34,6715	125,2662	43,1812	137,4248	108,1066	31,4308	0,0000	0,0000	0,0000	0,0000	0,0000	0,0000	0,0000	0,0000	0,0000	0,0000	704,0688	8522,5217	12,9260	135,2710	1631,1430	4,3220	2,0500	2,0800	1,5700	3,8900	3,8900	300,0000	150,0000	1300,0000	175,0000	175,0000	2,8000	0,4000	0,2300	0,3000	0,1800	0,6000	0,6000	6,4213	8,4671	42,5803	0,6858	0,7232	62,9584	137,5660	7609,9549	0,0000	0,0000	0,0000
84,0000	98,2674	56,8679	78,8501	23,8400	13,7450	18,1766	10,0355	11,4854	121,9400	140,2160	125,5896	124,5345	35,3147	122,5017	47,8098	147,2140	104,6191	28,9738	0,0000	0,0000	0,0000	0,0000	0,0000	0,0000	0,0000	0,0000	0,0000	0,0000	749,7905	7937,7810	12,3044	119,0877	1835,6495	4,5392	2,0500	2,0800	1,5700	3,8900	3,8900	300,0000	150,0000	1300,0000	175,0000	175,0000	2,8000	0,4000	0,2300	0,3000	0,1800	0,6000	0,6000	6,1000	3,8576	41,3995	0,6752	0,7117	62,9584	137,5660	7323,7144	0,0000	0,0000	0,0000
84,0000	98,1439	57,0829	78,7343	24,7994	13,9427	18,7673	10,0996	11,6882	121,3442	137,7439	136,0608	134,3086	35,2127	123,6772	49,9333	147,5627	104,5058	30,3022	0,0000	0,0000	0,0000	0,0000	0,0000	0,0000	0,0000	0,0000	0,0000	0,0000	746,5816	7866,3123	12,2182	123,1467	2143,9677	4,8995	2,0500	2,0800	1,5700	3,8900	3,8900	300,0000	150,0000	1300,0000	175,0000	175,0000	2,8000	0,4000	0,2300	0,3000	0,1800	0,6000	0,6000	6,1000	3,8576	41,0610	0,6616	0,7153	62,9584	137,5660	7431,0190	0,0000	0,0000	0,0000
84,0000	98,8050	56,9374	80,0905	25,0326	14,2507	20,8087	11,6581	13,7581	123,4167	123,9072	135,8081	138,5234	35,4343	123,6993	50,4598	147,5627	105,2359	30,5455	0,0000	0,0000	0,0000	0,0000	0,0000	0,0000	0,0000	0,0000	0,0000	0,0000	712,1806	7758,8004	12,0546	68,9364	1964,6738	4,6302	2,0500	2,0800	1,5700	3,8900	3,8900	300,0000	150,0000	1300,0000	175,0000	175,0000	2,8000	0,4000	0,2300	0,3000	0,1800	0,6000	0,6000	12,0531	7,3879	41,8676	0,6580	0,7135	62,9584	137,5660	7414,2577	0,0000	0,0000	0,0000
84,0000	101,3183	59,0314	81,3805	28,8574	18,6751	23,6782	13,6249	17,1065	125,0483	101,3987	123,1245	122,7426	34,2897	125,5185	47,2925	135,3264	107,8907	33,8475	0,0000	0,0000	0,0000	0,0000	0,0000	0,0000	0,0000	0,0000	0,0000	0,0000	580,0655	7882,0401	12,0443	35,2148	2019,7068	4,6548	2,0500	2,0800	1,5700	3,8900	3,8900	300,0000	150,0000	1300,0000	175,0000	175,0000	2,8000	0,4000	0,2300	0,3000	0,1800	0,6000	0,6000	21,4292	13,6113	42,2868	0,6505	0,7268	62,9584	137,5660	7663,2175	0,0000	0,0000	0,0000
84,0000	102,0088	58,2806	80,7759	28,0517	13,8345	21,1150	12,0848	15,2504	127,3785	113,1039	103,7567	104,2660	34,4429	125,5185	43,9404	129,4498	108,7164	32,5911	0,0000	0,0000	0,0000	0,0000	0,0000	0,0000	0,0000	0,0000	0,0000	0,0000	583,4383	8443,4283	12,6957	1,8265	1653,1063	4,1935	2,0500	2,0800	1,5700	3,8900	3,8900	300,0000	150,0000	1300,0000	175,0000	175,0000	2,8000	0,4000	0,2300	0,3000	0,1800	0,6000	0,6000	9,4739	10,7140	43,7282	0,6606	0,7256	62,9584	137,5660	7650,3523	0,0000	0,0000	0,0000
84,0000	98,1226	56,5077	78,7306	23,1801	13,7516	17,8386	10,0095	11,4820	122,2555	139,9299	116,6313	116,1120	35,2904	122,7031	46,3866	146,9716	104,4568	27,9990	0,0000	0,0000	0,0000	0,0000	0,0000	0,0000	0,0000	0,0000	0,0000	0,0000	747,5815	7948,3085	12,3139	118,8493	1595,8774	4,2624	2,0500	2,0800	1,5700	3,8900	3,8900	300,0000	150,0000	1300,0000	175,0000	175,0000	2,8000	0,4000	0,2300	0,3000	0,1800	0,6000	0,6000	6,1000	3,8582	41,6149	0,6844	0,7124	62,9584	137,5660	7342,6680	0,0000	0,0000	0,0000
84,0000	97,9576	57,0440	78,6051	24,7170	13,8400	18,6895	10,1054	11,6150	120,9231	137,9676	136,0003	134,0477	35,1504	123,1534	49,7432	147,7728	104,3006	30,2100	0,0000	0,0000	0,0000	0,0000	0,0000	0,0000	0,0000	0,0000	0,0000	0,0000	744,0232	7827,7995	12,1709	122,0730	2132,4525	4,8850	2,0500	2,0800	1,5700	3,8900	3,8900	300,0000	150,0000	1300,0000	175,0000	175,0000	2,8000	0,4000	0,2300	0,3000	0,1800	0,6000	0,6000	6,1000	3,8576	40,9136	0,6634	0,7146	62,9584	137,5660	7392,2508	0,0000	0,0000	0,0000
84,0000	98,5222	56,8644	79,4969	25,0034	14,1841	19,9395	10,9949	12,8660	122,8256	129,8159	136,1861	138,2165	35,3331	123,6288	50,3997	147,7728	104,9272	30,5255	0,0000	0,0000	0,0000	0,0000	0,0000	0,0000	0,0000	0,0000	0,0000	0,0000	751,3780	7871,1763	12,2294	126,2904	2081,1108	4,8306	2,0500	2,0800	1,5700	3,8900	3,8900	300,0000	150,0000	1300,0000	175,0000	175,0000	2,8000	0,4000	0,2300	0,3000	0,1800	0,6000	0,6000	9,4421	5,7412	41,6577	0,6589	0,7142	62,9584	137,5660	7416,8396	0,0000	0,0000	0,0000
