HR	AOPmax	AOPmin	AOPmean	PAPmax	PAPmin	PAPmean	PRAmean	WedgeP	QLV	Qsist	QRV	Qpulm	LVes	LVed	RVes	RVed	Plvmax	Prvmax	QVADmax	QVADmin	QVADmean	QECMO	P1mean	P2mean	P3mean	Qventing	Qinflow1	Qinflow2	PELeftV	SWLeftV	MVO2LeftV	PERightV	SWRightV	MVO2RightV	RupAbr	RkidAbr	RsplAbr	RllAbr	RrlAbr	V0upbr	V0kidbr	V0spbr	V0llbr	V0rlbr	Emaxl	Emaxr	RupVbr	RkidVbr	RspVbr	RllVbr	RrlVbr	Paw	Ppleural	PP	RV EF 	LV EF 	Ccw linear	Cl linear	CO	ECMOflowma	ECMOlfowmi	ECMOvol
82,0000	93,1125	52,7164	74,1610	25,6628	16,7127	21,0551	11,6909	14,9011	116,1508	94,4021	103,8787	102,6545	31,6610	118,1374	42,7043	118,7435	99,2027	29,9337	0,0000	0,0000	0,0000	0,0000	0,0000	0,0000	0,0000	0,0000	0,0000	0,0000	495,6264	6940,4224	10,6023	14,6972	1528,4251	3,9677	2,0500	2,0800	1,5700	3,8900	3,8900	300,0000	150,0000	1300,0000	175,0000	175,0000	2,8000	0,4000	0,2300	0,3000	0,1800	0,6000	0,6000	21,7729	11,7941	40,3960	0,6404	0,7320	90,1582	104,7341	7091,0576	0,0000	0,0000	0,0000
82,0000	94,0288	53,0405	74,3239	25,6750	14,0065	19,8325	11,1499	14,1043	117,9666	98,9648	92,0482	97,8665	31,7858	118,1374	41,1711	113,8386	100,2293	29,5862	0,0000	0,0000	0,0000	0,0000	0,0000	0,0000	0,0000	0,0000	0,0000	0,0000	495,8833	7342,9120	11,0558	3,5113	1327,8962	3,7294	2,0500	2,0800	1,5700	3,8900	3,8900	300,0000	150,0000	1300,0000	175,0000	175,0000	2,8000	0,4000	0,2300	0,3000	0,1800	0,6000	0,6000	11,5454	10,9260	40,9884	0,6383	0,7309	90,1582	104,7341	7080,8242	0,0000	0,0000	0,0000
82,0000	89,3556	51,8570	71,1356	21,2719	12,2333	16,1866	8,9436	10,2504	109,6838	122,0960	100,7082	99,3700	31,7785	112,0671	40,4370	133,4012	95,3084	25,7312	0,0000	0,0000	0,0000	0,0000	0,0000	0,0000	0,0000	0,0000	0,0000	0,0000	568,0583	6699,5041	10,4127	78,0947	1314,7531	3,7986	2,0500	2,0800	1,5700	3,8900	3,8900	300,0000	150,0000	1300,0000	175,0000	175,0000	2,8000	0,4000	0,2300	0,3000	0,1800	0,6000	0,6000	6,4000	4,8552	37,4985	0,6969	0,7164	90,1582	104,7341	6583,6615	0,0000	0,0000	0,0000
82,0000	88,1263	50,7453	70,2972	22,3528	12,1439	16,6830	8,8088	9,9052	107,8132	124,7427	121,5507	119,6955	31,5226	111,9231	44,5883	136,2062	93,8251	27,2902	0,0000	0,0000	0,0000	0,0000	0,0000	0,0000	0,0000	0,0000	0,0000	0,0000	606,7298	6444,5239	10,1691	94,9821	1772,2071	4,3326	2,0500	2,0800	1,5700	3,8900	3,8900	300,0000	150,0000	1300,0000	175,0000	175,0000	2,8000	0,4000	0,2300	0,3000	0,1800	0,6000	0,6000	6,4000	3,9784	37,3811	0,6726	0,7184	90,1582	104,7341	6592,8458	0,0000	0,0000	0,0000
82,0000	88,5404	50,3785	70,5321	22,7922	12,4700	17,0261	8,8217	10,1634	109,6689	122,7797	123,9359	122,5029	31,6455	114,1431	45,5905	136,3116	94,2897	27,8424	0,0000	0,0000	0,0000	0,0000	0,0000	0,0000	0,0000	0,0000	0,0000	0,0000	597,8832	6567,0524	10,2971	92,0952	1863,2502	4,4318	2,0500	2,0800	1,5700	3,8900	3,8900	300,0000	150,0000	1300,0000	175,0000	175,0000	2,8000	0,4000	0,2300	0,3000	0,1800	0,6000	0,6000	6,4000	3,9764	38,1619	0,6655	0,7228	90,1582	104,7341	6764,8056	0,0000	0,0000	0,0000
82,0000	89,6154	50,5045	71,3173	22,9401	12,7285	17,2652	8,8837	10,4547	112,1786	121,0239	123,1765	122,5343	32,0284	115,9263	45,9220	136,0873	95,4653	27,9830	0,0000	0,0000	0,0000	0,0000	0,0000	0,0000	0,0000	0,0000	0,0000	0,0000	611,9518	6787,7374	10,5614	94,8128	1858,3138	4,4293	2,0500	2,0800	1,5700	3,8900	3,8900	300,0000	150,0000	1300,0000	175,0000	175,0000	2,8000	0,4000	0,2300	0,3000	0,1800	0,6000	0,6000	6,8935	4,0905	39,1110	0,6626	0,7237	90,1582	104,7341	6879,6252	0,0000	0,0000	0,0000
82,0000	91,9546	51,6181	73,3318	25,0666	13,9754	19,8653	10,7433	13,1222	114,7222	104,3342	122,9107	123,5694	31,9496	116,6674	45,4750	135,4456	97,8583	29,8967	0,0000	0,0000	0,0000	0,0000	0,0000	0,0000	0,0000	0,0000	0,0000	0,0000	577,7230	6862,1716	10,6067	22,3032	1889,8277	4,3832	2,0500	2,0800	1,5700	3,8900	3,8900	300,0000	150,0000	1300,0000	175,0000	175,0000	2,8000	0,4000	0,2300	0,3000	0,1800	0,6000	0,6000	15,7074	8,8187	40,3365	0,6643	0,7261	90,1582	104,7341	6946,8628	0,0000	0,0000	0,0000
82,0000	93,1026	52,7145	74,1539	25,6609	16,7006	21,0492	11,6866	14,8923	116,1296	94,4337	103,9986	102,7669	31,6605	118,1229	42,7171	118,8441	99,1919	29,9361	0,0000	0,0000	0,0000	0,0000	0,0000	0,0000	0,0000	0,0000	0,0000	0,0000	495,6932	6938,9226	10,6007	14,7136	1530,8800	3,9705	2,0500	2,0800	1,5700	3,8900	3,8900	300,0000	150,0000	1300,0000	175,0000	175,0000	2,8000	0,4000	0,2300	0,3000	0,1800	0,6000	0,6000	21,7542	11,7812	40,3881	0,6406	0,7320	90,1582	104,7341	7089,9111	0,0000	0,0000	0,0000
82,0000	94,0211	53,0390	74,3277	25,6814	14,0407	19,8612	11,1656	14,1298	117,9567	98,8279	92,0800	97,8952	31,7786	118,1229	41,1995	113,6937	100,2211	29,5943	0,0000	0,0000	0,0000	0,0000	0,0000	0,0000	0,0000	0,0000	0,0000	0,0000	494,9611	7338,4655	11,0497	3,0317	1328,2966	3,7293	2,0500	2,0800	1,5700	3,8900	3,8900	300,0000	150,0000	1300,0000	175,0000	175,0000	2,8000	0,4000	0,2300	0,3000	0,1800	0,6000	0,6000	11,6496	10,9612	40,9822	0,6376	0,7310	90,1582	104,7341	7080,2326	0,0000	0,0000	0,0000
82,0000	89,3851	51,8655	71,1520	21,2819	12,2317	16,1925	8,9499	10,2627	109,7485	121,9976	100,5568	99,2308	31,7809	112,1168	40,4023	133,3425	95,3427	25,7401	0,0000	0,0000	0,0000	0,0000	0,0000	0,0000	0,0000	0,0000	0,0000	0,0000	553,5079	6706,0271	10,4036	72,7572	1312,9403	3,7905	2,0500	2,0800	1,5700	3,8900	3,8900	300,0000	150,0000	1300,0000	175,0000	175,0000	2,8000	0,4000	0,2300	0,3000	0,1800	0,6000	0,6000	6,4000	4,8788	37,5195	0,6970	0,7165	90,1582	104,7341	6587,5438	0,0000	0,0000	0,0000
82,0000	88,1279	50,7503	70,2989	22,3466	12,1423	16,6791	8,8086	9,9036	107,8065	124,7556	121,4910	119,6370	31,5235	111,9071	44,5742	136,2045	93,8267	27,2818	0,0000	0,0000	0,0000	0,0000	0,0000	0,0000	0,0000	0,0000	0,0000	0,0000	606,7593	6444,4457	10,1691	94,9558	1770,4633	4,3306	2,0500	2,0800	1,5700	3,8900	3,8900	300,0000	150,0000	1300,0000	175,0000	175,0000	2,8000	0,4000	0,2300	0,3000	0,1800	0,6000	0,6000	6,4000	3,9785	37,3776	0,6727	0,7183	90,1582	104,7341	6591,4577	0,0000	0,0000	0,0000
82,0000	88,5341	50,3798	70,5278	22,7907	12,4678	17,0245	8,8216	10,1615	109,6501	122,7917	123,9385	122,5020	31,6433	114,1283	45,5871	136,3100	94,2827	27,8408	0,0000	0,0000	0,0000	0,0000	0,0000	0,0000	0,0000	0,0000	0,0000	0,0000	597,8016	6565,5252	10,2953	92,0727	1863,1359	4,4317	2,0500	2,0800	1,5700	3,8900	3,8900	300,0000	150,0000	1300,0000	175,0000	175,0000	2,8000	0,4000	0,2300	0,3000	0,1800	0,6000	0,6000	6,4000	3,9764	38,1543	0,6656	0,7227	90,1582	104,7341	6763,7735	0,0000	0,0000	0,0000
82,0000	89,6071	50,5019	71,3078	22,9393	12,7269	17,2577	8,8775	10,4467	112,1624	121,0665	123,1832	122,5047	32,0254	115,9220	45,9204	136,0905	95,4563	27,9824	0,0000	0,0000	0,0000	0,0000	0,0000	0,0000	0,0000	0,0000	0,0000	0,0000	611,8415	6786,9135	10,5604	94,7962	1859,1436	4,4303	2,0500	2,0800	1,5700	3,8900	3,8900	300,0000	150,0000	1300,0000	175,0000	175,0000	2,8000	0,4000	0,2300	0,3000	0,1800	0,6000	0,6000	6,8583	4,0786	39,1052	0,6626	0,7237	90,1582	104,7341	6879,5225	0,0000	0,0000	0,0000
82,0000	91,9407	51,5955	73,3220	25,0484	13,9328	19,8476	10,7333	13,1033	114,7115	104,4544	122,9418	123,6364	31,9532	116,6511	45,4841	135,4774	97,8410	29,8765	0,0000	0,0000	0,0000	0,0000	0,0000	0,0000	0,0000	0,0000	0,0000	0,0000	577,8813	6861,1061	10,6057	22,4675	1888,4905	4,3819	2,0500	2,0800	1,5700	3,8900	3,8900	300,0000	150,0000	1300,0000	175,0000	175,0000	2,8000	0,4000	0,2300	0,3000	0,1800	0,6000	0,6000	15,6574	8,7848	40,3452	0,6643	0,7261	90,1582	104,7341	6945,2268	0,0000	0,0000	0,0000
82,0000	93,0924	52,7124	74,1467	25,6586	16,6904	21,0432	11,6824	14,8834	116,1081	94,4654	104,1206	102,8822	31,6600	118,1082	42,7294	118,9457	99,1808	29,9379	0,0000	0,0000	0,0000	0,0000	0,0000	0,0000	0,0000	0,0000	0,0000	0,0000	495,7562	6937,3843	10,5991	14,7236	1533,1852	3,9731	2,0500	2,0800	1,5700	3,8900	3,8900	300,0000	150,0000	1300,0000	175,0000	175,0000	2,8000	0,4000	0,2300	0,3000	0,1800	0,6000	0,6000	21,7352	11,7681	40,3801	0,6408	0,7319	90,1582	104,7341	7088,7541	0,0000	0,0000	0,0000
82,0000	94,0132	53,0374	74,3314	25,6879	14,0751	19,8897	11,1813	14,1551	117,9470	98,6922	92,1142	97,9243	31,7710	118,1082	41,2263	113,5488	100,2127	29,6024	0,0000	0,0000	0,0000	0,0000	0,0000	0,0000	0,0000	0,0000	0,0000	0,0000	494,0232	7333,9889	11,0436	2,5398	1328,7218	3,7292	2,0500	2,0800	1,5700	3,8900	3,8900	300,0000	150,0000	1300,0000	175,0000	175,0000	2,8000	0,4000	0,2300	0,3000	0,1800	0,6000	0,6000	11,7537	10,9960	40,9759	0,6369	0,7310	90,1582	104,7341	7079,6492	0,0000	0,0000	0,0000
82,0000	89,4153	51,8742	71,1689	21,2924	12,2301	16,1985	8,9564	10,2752	109,8144	121,8978	100,4055	99,0925	31,7833	112,1675	40,3676	133,2825	95,3778	25,7494	0,0000	0,0000	0,0000	0,0000	0,0000	0,0000	0,0000	0,0000	0,0000	0,0000	553,6985	6712,6787	10,4113	72,7380	1311,1458	3,7885	2,0500	2,0800	1,5700	3,8900	3,8900	300,0000	150,0000	1300,0000	175,0000	175,0000	2,8000	0,4000	0,2300	0,3000	0,1800	0,6000	0,6000	6,4000	4,9028	37,5412	0,6971	0,7166	90,1582	104,7341	6591,5019	0,0000	0,0000	0,0000
82,0000	88,1296	50,7555	70,3008	22,3403	12,1407	16,6751	8,8084	9,9020	107,7997	124,7685	121,4300	119,5773	31,5245	111,8910	44,5599	136,2026	93,8284	27,2732	0,0000	0,0000	0,0000	0,0000	0,0000	0,0000	0,0000	0,0000	0,0000	0,0000	606,7905	6444,3770	10,1690	94,9294	1768,6852	4,3286	2,0500	2,0800	1,5700	3,8900	3,8900	300,0000	150,0000	1300,0000	175,0000	175,0000	2,8000	0,4000	0,2300	0,3000	0,1800	0,6000	0,6000	6,4000	3,9786	37,3741	0,6728	0,7183	90,1582	104,7341	6590,0572	0,0000	0,0000	0,0000
82,0000	88,5277	50,3811	70,5235	22,7891	12,4656	17,0229	8,8216	10,1597	109,6311	122,8039	123,9410	122,5008	31,6410	114,1134	45,5836	136,3084	94,2757	27,8392	0,0000	0,0000	0,0000	0,0000	0,0000	0,0000	0,0000	0,0000	0,0000	0,0000	597,7200	6563,9909	10,2935	92,0500	1863,0177	4,4315	2,0500	2,0800	1,5700	3,8900	3,8900	300,0000	150,0000	1300,0000	175,0000	175,0000	2,8000	0,4000	0,2300	0,3000	0,1800	0,6000	0,6000	6,4000	3,9764	38,1466	0,6656	0,7227	90,1582	104,7341	6762,7341	0,0000	0,0000	0,0000
82,0000	89,5988	50,4994	71,2984	22,9386	12,7253	17,2505	8,8716	10,4390	112,1462	121,1072	123,1900	122,4756	32,0224	115,9168	45,9188	136,0938	95,4472	27,9818	0,0000	0,0000	0,0000	0,0000	0,0000	0,0000	0,0000	0,0000	0,0000	0,0000	611,7306	6786,0786	10,5593	94,7794	1859,9716	4,4312	2,0500	2,0800	1,5700	3,8900	3,8900	300,0000	150,0000	1300,0000	175,0000	175,0000	2,8000	0,4000	0,2300	0,3000	0,1800	0,6000	0,6000	6,8238	4,0672	39,0994	0,6626	0,7237	90,1582	104,7341	6879,3376	0,0000	0,0000	0,0000
82,0000	91,9260	51,5721	73,3117	25,0298	13,8888	19,8296	10,7231	13,0841	114,6996	104,5758	122,9693	123,6994	31,9567	116,6344	45,4927	135,5062	97,8229	29,8555	0,0000	0,0000	0,0000	0,0000	0,0000	0,0000	0,0000	0,0000	0,0000	0,0000	578,0310	6859,8988	10,6045	22,6320	1887,0088	4,3804	2,0500	2,0800	1,5700	3,8900	3,8900	300,0000	150,0000	1300,0000	175,0000	175,0000	2,8000	0,4000	0,2300	0,3000	0,1800	0,6000	0,6000	15,6069	8,7504	40,3539	0,6643	0,7260	90,1582	104,7341	6943,5761	0,0000	0,0000	0,0000
82,0000	93,0820	52,7100	74,1392	25,6566	16,6782	21,0372	11,6781	14,8744	116,0863	94,4971	104,2426	102,9989	31,6593	118,0928	42,7425	119,0481	99,1694	29,9404	0,0000	0,0000	0,0000	0,0000	0,0000	0,0000	0,0000	0,0000	0,0000	0,0000	495,8168	6935,8196	10,5974	14,7396	1535,6862	3,9760	2,0500	2,0800	1,5700	3,8900	3,8900	300,0000	150,0000	1300,0000	175,0000	175,0000	2,8000	0,4000	0,2300	0,3000	0,1800	0,6000	0,6000	21,7160	11,7550	40,3720	0,6410	0,7319	90,1582	104,7341	7087,5543	0,0000	0,0000	0,0000
82,0000	94,0050	53,0357	74,3349	25,6940	14,1096	19,9181	11,1968	14,1801	117,9373	98,5577	92,1529	97,9557	31,7628	118,0928	41,2511	113,4036	100,2039	29,6101	0,0000	0,0000	0,0000	0,0000	0,0000	0,0000	0,0000	0,0000	0,0000	0,0000	493,0455	7329,4516	11,0374	2,0384	1329,0615	3,7290	2,0500	2,0800	1,5700	3,8900	3,8900	300,0000	150,0000	1300,0000	175,0000	175,0000	2,8000	0,4000	0,2300	0,3000	0,1800	0,6000	0,6000	11,8579	11,0304	40,9693	0,6362	0,7310	90,1582	104,7341	7079,0662	0,0000	0,0000	0,0000
82,0000	89,4464	51,8829	71,1863	21,3033	12,2285	16,2048	8,9630	10,2879	109,8817	121,7965	100,2539	98,9549	31,7859	112,2194	40,3328	133,2214	95,4137	25,7590	0,0000	0,0000	0,0000	0,0000	0,0000	0,0000	0,0000	0,0000	0,0000	0,0000	553,8861	6719,4657	10,4192	72,7085	1309,3605	3,7864	2,0500	2,0800	1,5700	3,8900	3,8900	300,0000	150,0000	1300,0000	175,0000	175,0000	2,8000	0,4000	0,2300	0,3000	0,1800	0,6000	0,6000	6,4000	4,9271	37,5635	0,6972	0,7168	90,1582	104,7341	6595,5404	0,0000	0,0000	0,0000
82,0000	88,1314	50,7609	70,3028	22,3339	12,1390	16,6711	8,8082	9,9003	107,7929	124,7816	121,3677	119,5163	31,5255	111,8748	44,5453	136,2007	93,8302	27,2644	0,0000	0,0000	0,0000	0,0000	0,0000	0,0000	0,0000	0,0000	0,0000	0,0000	606,8240	6444,3215	10,1690	94,9028	1766,8726	4,3265	2,0500	2,0800	1,5700	3,8900	3,8900	300,0000	150,0000	1300,0000	175,0000	175,0000	2,8000	0,4000	0,2300	0,3000	0,1800	0,6000	0,6000	6,4000	3,9787	37,3706	0,6729	0,7182	90,1582	104,7341	6588,6424	0,0000	0,0000	0,0000
82,0000	88,5213	50,3825	70,5193	22,7876	12,4633	17,0212	8,8216	10,1578	109,6120	122,8163	123,9434	122,4996	31,6388	114,0983	45,5800	136,3066	94,2687	27,8376	0,0000	0,0000	0,0000	0,0000	0,0000	0,0000	0,0000	0,0000	0,0000	0,0000	597,6384	6562,4491	10,2917	92,0271	1862,8959	4,4314	2,0500	2,0800	1,5700	3,8900	3,8900	300,0000	150,0000	1300,0000	175,0000	175,0000	2,8000	0,4000	0,2300	0,3000	0,1800	0,6000	0,6000	6,4000	3,9764	38,1388	0,6656	0,7227	90,1582	104,7341	6761,6794	0,0000	0,0000	0,0000
82,0000	89,5904	50,4969	71,2890	22,9378	12,7237	17,2436	8,8659	10,4315	112,1297	121,1462	123,1967	122,4471	32,0194	115,9105	45,9171	136,0971	95,4380	27,9812	0,0000	0,0000	0,0000	0,0000	0,0000	0,0000	0,0000	0,0000	0,0000	0,0000	611,6186	6785,2087	10,5582	94,7624	1860,7881	4,4321	2,0500	2,0800	1,5700	3,8900	3,8900	300,0000	150,0000	1300,0000	175,0000	175,0000	2,8000	0,4000	0,2300	0,3000	0,1800	0,6000	0,6000	6,7900	4,0564	39,0935	0,6626	0,7238	90,1582	104,7341	6879,0718	0,0000	0,0000	0,0000
82,0000	91,9106	51,5481	73,3008	25,0106	13,8434	19,8112	10,7128	13,0647	114,6865	104,6983	122,9932	123,7584	31,9600	116,6174	45,5008	135,5319	97,8040	29,8338	0,0000	0,0000	0,0000	0,0000	0,0000	0,0000	0,0000	0,0000	0,0000	0,0000	578,1717	6858,5483	10,6031	22,7965	1885,3820	4,3787	2,0500	2,0800	1,5700	3,8900	3,8900	300,0000	150,0000	1300,0000	175,0000	175,0000	2,8000	0,4000	0,2300	0,3000	0,1800	0,6000	0,6000	15,5561	8,7155	40,3626	0,6643	0,7259	90,1582	104,7341	6941,9088	0,0000	0,0000	0,0000
82,0000	93,0712	52,7074	74,1314	25,6547	16,6660	21,0311	11,6738	14,8653	116,0641	94,5290	104,3657	103,1178	31,6585	118,0771	42,7558	119,1515	99,1576	29,9429	0,0000	0,0000	0,0000	0,0000	0,0000	0,0000	0,0000	0,0000	0,0000	0,0000	495,8742	6934,2184	10,5956	14,7556	1538,2146	3,9788	2,0500	2,0800	1,5700	3,8900	3,8900	300,0000	150,0000	1300,0000	175,0000	175,0000	2,8000	0,4000	0,2300	0,3000	0,1800	0,6000	0,6000	21,6965	11,7417	40,3638	0,6412	0,7319	90,1582	104,7341	7086,3315	0,0000	0,0000	0,0000
82,0000	93,9965	53,0340	74,3381	25,7005	14,1443	19,9463	11,2122	14,2048	117,9268	98,4245	92,1940	97,9871	31,7547	118,0771	41,2747	113,2589	100,1949	29,6183	0,0000	0,0000	0,0000	0,0000	0,0000	0,0000	0,0000	0,0000	0,0000	0,0000	492,0974	7324,8267	11,0312	1,5121	1329,5811	3,7290	2,0500	2,0800	1,5700	3,8900	3,8900	300,0000	150,0000	1300,0000	175,0000	175,0000	2,8000	0,4000	0,2300	0,3000	0,1800	0,6000	0,6000	11,9621	11,0644	40,9625	0,6356	0,7311	90,1582	104,7341	7078,4375	0,0000	0,0000	0,0000
82,0000	89,4781	51,8912	71,2041	21,3148	12,2269	16,2113	8,9698	10,3009	109,9501	121,6937	100,1028	98,8187	31,7886	112,2721	40,2981	133,1590	95,4501	25,7690	0,0000	0,0000	0,0000	0,0000	0,0000	0,0000	0,0000	0,0000	0,0000	0,0000	554,0672	6726,3520	10,4271	72,6667	1307,6029	3,7844	2,0500	2,0800	1,5700	3,8900	3,8900	300,0000	150,0000	1300,0000	175,0000	175,0000	2,8000	0,4000	0,2300	0,3000	0,1800	0,6000	0,6000	6,4000	4,9519	37,5869	0,6974	0,7169	90,1582	104,7341	6599,6470	0,0000	0,0000	0,0000
82,0000	88,1333	50,7664	70,3048	22,3273	12,1374	16,6670	8,8080	9,8987	107,7861	124,7946	121,3041	119,4542	31,5265	111,8585	44,5305	136,1987	93,8322	27,2555	0,0000	0,0000	0,0000	0,0000	0,0000	0,0000	0,0000	0,0000	0,0000	0,0000	606,8583	6444,2700	10,1690	94,8761	1765,0272	4,3244	2,0500	2,0800	1,5700	3,8900	3,8900	300,0000	150,0000	1300,0000	175,0000	175,0000	2,8000	0,4000	0,2300	0,3000	0,1800	0,6000	0,6000	6,4000	3,9788	37,3670	0,6730	0,7182	90,1582	104,7341	6587,2182	0,0000	0,0000	0,0000
82,0000	88,5149	50,3840	70,5150	22,7860	12,4611	17,0196	8,8216	10,1559	109,5927	122,8287	123,9458	122,4983	31,6366	114,0831	45,5764	136,3047	94,2616	27,8359	0,0000	0,0000	0,0000	0,0000	0,0000	0,0000	0,0000	0,0000	0,0000	0,0000	597,5565	6560,8998	10,2898	92,0040	1862,7712	4,4312	2,0500	2,0800	1,5700	3,8900	3,8900	300,0000	150,0000	1300,0000	175,0000	175,0000	2,8000	0,4000	0,2300	0,3000	0,1800	0,6000	0,6000	6,4000	3,9764	38,1309	0,6656	0,7227	90,1582	104,7341	6760,6172	0,0000	0,0000	0,0000
82,0000	89,5819	50,4944	71,2799	22,9370	12,7221	17,2369	8,8605	10,4244	112,1131	121,1833	123,2036	122,4193	32,0163	115,9033	45,9154	136,1004	95,4288	27,9805	0,0000	0,0000	0,0000	0,0000	0,0000	0,0000	0,0000	0,0000	0,0000	0,0000	611,5060	6784,2924	10,5570	94,7453	1861,5776	4,4329	2,0500	2,0800	1,5700	3,8900	3,8900	300,0000	150,0000	1300,0000	175,0000	175,0000	2,8000	0,4000	0,2300	0,3000	0,1800	0,6000	0,6000	6,7568	4,0462	39,0875	0,6626	0,7238	90,1582	104,7341	6878,7286	0,0000	0,0000	0,0000
82,0000	91,8945	51,5231	73,2894	24,9910	13,7964	19,7924	10,7024	13,0450	114,6723	104,8220	123,0137	123,8132	31,9631	116,6000	45,5086	135,5546	97,7842	29,8113	0,0000	0,0000	0,0000	0,0000	0,0000	0,0000	0,0000	0,0000	0,0000	0,0000	578,3036	6857,0598	10,6016	22,9609	1883,6102	4,3769	2,0500	2,0800	1,5700	3,8900	3,8900	300,0000	150,0000	1300,0000	175,0000	175,0000	2,8000	0,4000	0,2300	0,3000	0,1800	0,6000	0,6000	15,5049	8,6803	40,3714	0,6643	0,7259	90,1582	104,7341	6940,2265	0,0000	0,0000	0,0000
82,0000	93,0601	52,7046	74,1234	25,6528	16,6536	21,0249	11,6694	14,8561	116,0416	94,5609	104,4899	103,2391	31,6576	118,0612	42,7692	119,2558	99,1455	29,9455	0,0000	0,0000	0,0000	0,0000	0,0000	0,0000	0,0000	0,0000	0,0000	0,0000	495,9287	6932,5813	10,5939	14,7715	1540,7702	3,9817	2,0500	2,0800	1,5700	3,8900	3,8900	300,0000	150,0000	1300,0000	175,0000	175,0000	2,8000	0,4000	0,2300	0,3000	0,1800	0,6000	0,6000	21,6767	11,7283	40,3555	0,6414	0,7319	90,1582	104,7341	7085,0957	0,0000	0,0000	0,0000
82,0000	93,9878	53,0321	74,3405	25,7070	14,1792	19,9744	11,2274	14,2293	117,9138	98,2924	92,2384	98,0194	31,7483	118,0612	41,2965	113,1140	100,1857	29,6266	0,0000	0,0000	0,0000	0,0000	0,0000	0,0000	0,0000	0,0000	0,0000	0,0000	491,2952	7320,0007	11,0248	0,9640	1330,1452	3,7290	2,0500	2,0800	1,5700	3,8900	3,8900	300,0000	150,0000	1300,0000	175,0000	175,0000	2,8000	0,4000	0,2300	0,3000	0,1800	0,6000	0,6000	12,0662	11,0980	40,9557	0,6349	0,7311	90,1582	104,7341	7077,6576	0,0000	0,0000	0,0000
82,0000	89,5104	51,8986	71,2222	21,3266	12,2254	16,2181	8,9767	10,3142	110,0210	121,5893	99,9514	98,6832	31,7913	112,3267	40,2634	133,0954	95,4873	25,7793	0,0000	0,0000	0,0000	0,0000	0,0000	0,0000	0,0000	0,0000	0,0000	0,0000	554,2436	6733,4249	10,4353	72,6131	1305,8555	3,7824	2,0500	2,0800	1,5700	3,8900	3,8900	300,0000	150,0000	1300,0000	175,0000	175,0000	2,8000	0,4000	0,2300	0,3000	0,1800	0,6000	0,6000	6,4000	4,9770	37,6118	0,6975	0,7170	90,1582	104,7341	6603,8982	0,0000	0,0000	0,0000
82,0000	88,1354	50,7720	70,3070	22,3207	12,1359	16,6629	8,8078	9,8971	107,7795	124,8076	121,2390	119,3908	31,5277	111,8422	44,5154	136,1966	93,8344	27,2464	0,0000	0,0000	0,0000	0,0000	0,0000	0,0000	0,0000	0,0000	0,0000	0,0000	606,8956	6444,2522	10,1690	94,8494	1763,1456	4,3222	2,0500	2,0800	1,5700	3,8900	3,8900	300,0000	150,0000	1300,0000	175,0000	175,0000	2,8000	0,4000	0,2300	0,3000	0,1800	0,6000	0,6000	6,4000	3,9789	37,3634	0,6732	0,7181	90,1582	104,7341	6585,7911	0,0000	0,0000	0,0000
82,0000	88,5085	50,3855	70,5108	22,7844	12,4588	17,0179	8,8215	10,1541	109,5735	122,8411	123,9480	122,4969	31,6344	114,0679	45,5728	136,3027	94,2547	27,8342	0,0000	0,0000	0,0000	0,0000	0,0000	0,0000	0,0000	0,0000	0,0000	0,0000	597,4758	6559,3606	10,2880	91,9808	1862,6424	4,4310	2,0500	2,0800	1,5700	3,8900	3,8900	300,0000	150,0000	1300,0000	175,0000	175,0000	2,8000	0,4000	0,2300	0,3000	0,1800	0,6000	0,6000	6,4000	3,9764	38,1230	0,6657	0,7227	90,1582	104,7341	6759,5481	0,0000	0,0000	0,0000
82,0000	89,5735	50,4919	71,2709	22,9362	12,7204	17,2306	8,8554	10,4175	112,0965	121,2185	123,2104	122,3924	32,0133	115,8951	45,9137	136,1037	95,4196	27,9799	0,0000	0,0000	0,0000	0,0000	0,0000	0,0000	0,0000	0,0000	0,0000	0,0000	611,3934	6783,3147	10,5558	94,7282	1862,3215	4,4338	2,0500	2,0800	1,5700	3,8900	3,8900	300,0000	150,0000	1300,0000	175,0000	175,0000	2,8000	0,4000	0,2300	0,3000	0,1800	0,6000	0,6000	6,7243	4,0366	39,0815	0,6627	0,7238	90,1582	104,7341	6878,3078	0,0000	0,0000	0,0000
82,0000	91,8777	51,4973	73,2774	24,9708	13,7478	19,7733	10,6917	13,0251	114,6570	104,9470	123,0308	123,8638	31,9662	116,5824	45,5159	135,5744	97,7635	29,7880	0,0000	0,0000	0,0000	0,0000	0,0000	0,0000	0,0000	0,0000	0,0000	0,0000	578,4270	6855,4346	10,5999	23,1248	1881,6945	4,3750	2,0500	2,0800	1,5700	3,8900	3,8900	300,0000	150,0000	1300,0000	175,0000	175,0000	2,8000	0,4000	0,2300	0,3000	0,1800	0,6000	0,6000	15,4533	8,6445	40,3804	0,6643	0,7258	90,1582	104,7341	6938,5310	0,0000	0,0000	0,0000
82,0000	93,0488	52,7016	74,1151	25,6510	16,6411	21,0187	11,6651	14,8468	116,0189	94,5930	104,6150	103,3627	31,6566	118,0450	42,7828	119,3610	99,1331	29,9481	0,0000	0,0000	0,0000	0,0000	0,0000	0,0000	0,0000	0,0000	0,0000	0,0000	495,9805	6930,9090	10,5920	14,7874	1543,3518	3,9846	2,0500	2,0800	1,5700	3,8900	3,8900	300,0000	150,0000	1300,0000	175,0000	175,0000	2,8000	0,4000	0,2300	0,3000	0,1800	0,6000	0,6000	21,6566	11,7148	40,3472	0,6416	0,7318	90,1582	104,7341	7083,8533	0,0000	0,0000	0,0000
82,0000	93,9790	53,0301	74,3423	25,7135	14,2143	20,0023	11,2425	14,2535	117,8985	98,1614	92,2861	98,0522	31,7433	118,0450	41,3165	112,9689	100,1763	29,6348	0,0000	0,0000	0,0000	0,0000	0,0000	0,0000	0,0000	0,0000	0,0000	0,0000	490,6321	7314,9915	11,0184	0,3934	1330,7524	3,7291	2,0500	2,0800	1,5700	3,8900	3,8900	300,0000	150,0000	1300,0000	175,0000	175,0000	2,8000	0,4000	0,2300	0,3000	0,1800	0,6000	0,6000	12,1704	11,1313	40,9489	0,6343	0,7311	90,1582	104,7341	7076,7374	0,0000	0,0000	0,0000
82,0000	89,5435	51,9056	71,2407	21,3389	12,2239	16,2251	8,9837	10,3276	110,0941	121,4831	99,7998	98,5484	31,7941	112,3830	40,2287	133,0304	95,5251	25,7899	0,0000	0,0000	0,0000	0,0000	0,0000	0,0000	0,0000	0,0000	0,0000	0,0000	554,4146	6740,6763	10,4437	72,5472	1304,1176	3,7803	2,0500	2,0800	1,5700	3,8900	3,8900	300,0000	150,0000	1300,0000	175,0000	175,0000	2,8000	0,4000	0,2300	0,3000	0,1800	0,6000	0,6000	6,4000	5,0026	37,6379	0,6976	0,7171	90,1582	104,7341	6608,2873	0,0000	0,0000	0,0000
82,0000	88,1377	50,7778	70,3093	22,3140	12,1343	16,6588	8,8076	9,8955	107,7731	124,8205	121,1725	119,3260	31,5289	111,8260	44,5002	136,1943	93,8368	27,2372	0,0000	0,0000	0,0000	0,0000	0,0000	0,0000	0,0000	0,0000	0,0000	0,0000	606,9359	6444,2654	10,1691	94,8229	1761,2274	4,3201	2,0500	2,0800	1,5700	3,8900	3,8900	300,0000	150,0000	1300,0000	175,0000	175,0000	2,8000	0,4000	0,2300	0,3000	0,1800	0,6000	0,6000	6,4000	3,9791	37,3599	0,6733	0,7181	90,1582	104,7341	6584,3649	0,0000	0,0000	0,0000
82,0000	88,5023	50,3871	70,5066	22,7828	12,4565	17,0163	8,8215	10,1522	109,5544	122,8536	123,9501	122,4953	31,6322	114,0527	45,5691	136,3006	94,2478	27,8325	0,0000	0,0000	0,0000	0,0000	0,0000	0,0000	0,0000	0,0000	0,0000	0,0000	597,3965	6557,8347	10,2862	91,9576	1862,5090	4,4309	2,0500	2,0800	1,5700	3,8900	3,8900	300,0000	150,0000	1300,0000	175,0000	175,0000	2,8000	0,4000	0,2300	0,3000	0,1800	0,6000	0,6000	6,4000	3,9764	38,1152	0,6657	0,7227	90,1582	104,7341	6758,4794	0,0000	0,0000	0,0000
82,0000	89,5651	50,4895	71,2622	22,9355	12,7188	17,2246	8,8505	10,4110	112,0798	121,2518	123,2172	122,3664	32,0102	115,8861	45,9120	136,1070	95,4104	27,9792	0,0000	0,0000	0,0000	0,0000	0,0000	0,0000	0,0000	0,0000	0,0000	0,0000	611,2815	6782,2637	10,5545	94,7110	1863,0024	4,4345	2,0500	2,0800	1,5700	3,8900	3,8900	300,0000	150,0000	1300,0000	175,0000	175,0000	2,8000	0,4000	0,2300	0,3000	0,1800	0,6000	0,6000	6,6926	4,0277	39,0756	0,6627	0,7238	90,1582	104,7341	6877,8206	0,0000	0,0000	0,0000
82,0000	91,8602	51,4706	73,2650	24,9502	13,6974	19,7537	10,6809	13,0049	114,6408	105,0735	123,0451	123,9104	31,9691	116,5646	45,5229	135,5918	97,7421	29,7641	0,0000	0,0000	0,0000	0,0000	0,0000	0,0000	0,0000	0,0000	0,0000	0,0000	578,5427	6853,6870	10,5981	23,2879	1879,6461	4,3728	2,0500	2,0800	1,5700	3,8900	3,8900	300,0000	150,0000	1300,0000	175,0000	175,0000	2,8000	0,4000	0,2300	0,3000	0,1800	0,6000	0,6000	15,4012	8,6082	40,3896	0,6643	0,7257	90,1582	104,7341	6936,8306	0,0000	0,0000	0,0000
82,0000	93,0373	52,6984	74,1067	25,6492	16,6285	21,0124	11,6606	14,8374	115,9960	94,6252	104,7411	103,4888	31,6555	118,0288	42,7965	119,4670	99,1205	29,9509	0,0000	0,0000	0,0000	0,0000	0,0000	0,0000	0,0000	0,0000	0,0000	0,0000	496,0306	6929,2150	10,5902	14,8029	1545,9581	3,9876	2,0500	2,0800	1,5700	3,8900	3,8900	300,0000	150,0000	1300,0000	175,0000	175,0000	2,8000	0,4000	0,2300	0,3000	0,1800	0,6000	0,6000	21,6363	11,7011	40,3388	0,6418	0,7318	90,1582	104,7341	7082,6092	0,0000	0,0000	0,0000
82,0000	93,9701	53,0280	74,3438	25,7201	14,2495	20,0301	11,2575	14,2774	117,8826	98,0317	92,3369	98,0856	31,7387	118,0288	41,3347	112,8239	100,1669	29,6430	0,0000	0,0000	0,0000	0,0000	0,0000	0,0000	0,0000	0,0000	0,0000	0,0000	489,9997	7309,9242	11,0120	0,1983	1331,3989	3,7296	2,0500	2,0800	1,5700	3,8900	3,8900	300,0000	150,0000	1300,0000	175,0000	175,0000	2,8000	0,4000	0,2300	0,3000	0,1800	0,6000	0,6000	12,2745	11,1641	40,9421	0,6336	0,7311	90,1582	104,7341	7075,7872	0,0000	0,0000	0,0000
82,0000	89,5773	51,9127	71,2598	21,3516	12,2224	16,2323	8,9909	10,3414	110,1687	121,3756	99,6482	98,4146	31,7971	112,4406	40,1941	132,9640	95,5636	25,8008	0,0000	0,0000	0,0000	0,0000	0,0000	0,0000	0,0000	0,0000	0,0000	0,0000	554,5806	6748,0466	10,4521	72,4687	1302,3925	3,7783	2,0500	2,0800	1,5700	3,8900	3,8900	300,0000	150,0000	1300,0000	175,0000	175,0000	2,8000	0,4000	0,2300	0,3000	0,1800	0,6000	0,6000	6,4000	5,0285	37,6645	0,6977	0,7172	90,1582	104,7341	6612,7676	0,0000	0,0000	0,0000
82,0000	88,1402	50,7838	70,3118	22,3071	12,1328	16,6546	8,8074	9,8939	107,7667	124,8334	121,1045	119,2598	31,5301	111,8097	44,4847	136,1919	93,8393	27,2278	0,0000	0,0000	0,0000	0,0000	0,0000	0,0000	0,0000	0,0000	0,0000	0,0000	606,9783	6444,2930	10,1691	94,7961	1759,2725	4,3178	2,0500	2,0800	1,5700	3,8900	3,8900	300,0000	150,0000	1300,0000	175,0000	175,0000	2,8000	0,4000	0,2300	0,3000	0,1800	0,6000	0,6000	6,4000	3,9792	37,3564	0,6734	0,7180	90,1582	104,7341	6582,9261	0,0000	0,0000	0,0000
82,0000	88,4961	50,3888	70,5025	22,7812	12,4542	17,0146	8,8215	10,1503	109,5351	122,8662	123,9521	122,4935	31,6301	114,0374	45,5654	136,2983	94,2410	27,8307	0,0000	0,0000	0,0000	0,0000	0,0000	0,0000	0,0000	0,0000	0,0000	0,0000	597,3172	6556,3026	10,2844	91,9342	1862,3717	4,4307	2,0500	2,0800	1,5700	3,8900	3,8900	300,0000	150,0000	1300,0000	175,0000	175,0000	2,8000	0,4000	0,2300	0,3000	0,1800	0,6000	0,6000	6,4000	3,9764	38,1073	0,6657	0,7226	90,1582	104,7341	6757,3986	0,0000	0,0000	0,0000
82,0000	89,5566	50,4871	71,2535	22,9347	12,7172	17,2190	8,8460	10,4048	112,0631	121,2831	123,2240	122,3417	32,0072	115,8763	45,9103	136,1102	95,4011	27,9785	0,0000	0,0000	0,0000	0,0000	0,0000	0,0000	0,0000	0,0000	0,0000	0,0000	611,1688	6781,1033	10,5531	94,6937	1863,6073	4,4352	2,0500	2,0800	1,5700	3,8900	3,8900	300,0000	150,0000	1300,0000	175,0000	175,0000	2,8000	0,4000	0,2300	0,3000	0,1800	0,6000	0,6000	6,6615	4,0193	39,0695	0,6627	0,7238	90,1582	104,7341	6877,2656	0,0000	0,0000	0,0000
82,0000	91,8421	51,4432	73,2521	24,9290	13,6450	19,7338	10,6698	12,9844	114,6235	105,2013	123,0562	123,9528	31,9719	116,5464	45,5295	135,6066	97,7199	29,7393	0,0000	0,0000	0,0000	0,0000	0,0000	0,0000	0,0000	0,0000	0,0000	0,0000	578,6498	6851,8079	10,5961	23,4499	1877,4605	4,3706	2,0500	2,0800	1,5700	3,8900	3,8900	300,0000	150,0000	1300,0000	175,0000	175,0000	2,8000	0,4000	0,2300	0,3000	0,1800	0,6000	0,6000	15,3487	8,5714	40,3988	0,6643	0,7257	90,1582	104,7341	6935,1149	0,0000	0,0000	0,0000
82,0000	93,0255	52,6950	74,0981	25,6474	16,6158	21,0061	11,6561	14,8279	115,9728	94,6577	104,8681	103,6175	31,6544	118,0124	42,8104	119,5739	99,1076	29,9536	0,0000	0,0000	0,0000	0,0000	0,0000	0,0000	0,0000	0,0000	0,0000	0,0000	496,0782	6927,4803	10,5883	14,8184	1548,5894	3,9906	2,0500	2,0800	1,5700	3,8900	3,8900	300,0000	150,0000	1300,0000	175,0000	175,0000	2,8000	0,4000	0,2300	0,3000	0,1800	0,6000	0,6000	21,6157	11,6874	40,3304	0,6420	0,7318	90,1582	104,7341	7081,3614	0,0000	0,0000	0,0000
82,0000	93,9611	53,0260	74,3449	25,7266	14,2850	20,0577	11,2724	14,3011	117,8654	97,9033	92,3908	98,1191	31,7350	118,0124	41,3512	112,6789	100,1573	29,6513	0,0000	0,0000	0,0000	0,0000	0,0000	0,0000	0,0000	0,0000	0,0000	0,0000	489,4466	7304,7396	11,0056	0,8109	1332,0829	3,7311	2,0500	2,0800	1,5700	3,8900	3,8900	300,0000	150,0000	1300,0000	175,0000	175,0000	2,8000	0,4000	0,2300	0,3000	0,1800	0,6000	0,6000	12,3787	11,1966	40,9352	0,6330	0,7311	90,1582	104,7341	7074,7526	0,0000	0,0000	0,0000
82,0000	89,6117	51,9201	71,2792	21,3647	12,2210	16,2398	8,9983	10,3553	110,2452	121,2665	99,4965	98,2819	31,8001	112,4995	40,1595	132,8964	95,6027	25,8121	0,0000	0,0000	0,0000	0,0000	0,0000	0,0000	0,0000	0,0000	0,0000	0,0000	554,7402	6755,5222	10,4607	72,3772	1300,6806	3,7763	2,0500	2,0800	1,5700	3,8900	3,8900	300,0000	150,0000	1300,0000	175,0000	175,0000	2,8000	0,4000	0,2300	0,3000	0,1800	0,6000	0,6000	6,4000	5,0548	37,6916	0,6978	0,7173	90,1582	104,7341	6617,3553	0,0000	0,0000	0,0000
82,0000	88,1428	50,7900	70,3143	22,3002	12,1314	16,6503	8,8071	9,8923	107,7604	124,8463	121,0350	119,1924	31,5315	111,7934	44,4689	136,1894	93,8420	27,2183	0,0000	0,0000	0,0000	0,0000	0,0000	0,0000	0,0000	0,0000	0,0000	0,0000	607,0225	6444,3367	10,1692	94,7694	1757,2811	4,3155	2,0500	2,0800	1,5700	3,8900	3,8900	300,0000	150,0000	1300,0000	175,0000	175,0000	2,8000	0,4000	0,2300	0,3000	0,1800	0,6000	0,6000	6,4000	3,9793	37,3528	0,6735	0,7179	90,1582	104,7341	6581,4806	0,0000	0,0000	0,0000
82,0000	88,4899	50,3906	70,4984	22,7795	12,4519	17,0129	8,8214	10,1484	109,5157	122,8789	123,9540	122,4917	31,6279	114,0219	45,5616	136,2959	94,2342	27,8290	0,0000	0,0000	0,0000	0,0000	0,0000	0,0000	0,0000	0,0000	0,0000	0,0000	597,2383	6554,7710	10,2826	91,9106	1862,2305	4,4305	2,0500	2,0800	1,5700	3,8900	3,8900	300,0000	150,0000	1300,0000	175,0000	175,0000	2,8000	0,4000	0,2300	0,3000	0,1800	0,6000	0,6000	6,4000	3,9764	38,0993	0,6657	0,7226	90,1582	104,7341	6756,3081	0,0000	0,0000	0,0000
82,0000	89,5481	50,4847	71,2451	22,9339	12,7155	17,2136	8,8418	10,3990	112,0461	121,3124	123,2308	122,3183	32,0041	115,8657	45,9085	136,1135	95,3918	27,9779	0,0000	0,0000	0,0000	0,0000	0,0000	0,0000	0,0000	0,0000	0,0000	0,0000	611,0556	6779,8303	10,5515	94,6762	1864,1275	4,4357	2,0500	2,0800	1,5700	3,8900	3,8900	300,0000	150,0000	1300,0000	175,0000	175,0000	2,8000	0,4000	0,2300	0,3000	0,1800	0,6000	0,6000	6,6312	4,0117	39,0634	0,6627	0,7238	90,1582	104,7341	6876,6520	0,0000	0,0000	0,0000
82,0000	91,8233	51,4151	73,2387	24,9074	13,5906	19,7135	10,6585	12,9636	114,6054	105,3306	123,0646	123,9910	31,9746	116,5280	45,5358	135,6191	97,6969	29,7139	0,0000	0,0000	0,0000	0,0000	0,0000	0,0000	0,0000	0,0000	0,0000	0,0000	578,7488	6849,8108	10,5939	23,6104	1875,1421	4,3681	2,0500	2,0800	1,5700	3,8900	3,8900	300,0000	150,0000	1300,0000	175,0000	175,0000	2,8000	0,4000	0,2300	0,3000	0,1800	0,6000	0,6000	15,2957	8,5341	40,4082	0,6642	0,7256	90,1582	104,7341	6933,3844	0,0000	0,0000	0,0000
82,0000	93,0134	52,6915	74,0892	25,6457	16,6031	20,9997	11,6516	14,8184	115,9493	94,6903	104,9954	103,7483	31,6532	117,9958	42,8245	119,6817	99,0944	29,9565	0,0000	0,0000	0,0000	0,0000	0,0000	0,0000	0,0000	0,0000	0,0000	0,0000	496,1233	6925,7096	10,5863	14,8229	1551,2319	3,9936	2,0500	2,0800	1,5700	3,8900	3,8900	300,0000	150,0000	1300,0000	175,0000	175,0000	2,8000	0,4000	0,2300	0,3000	0,1800	0,6000	0,6000	21,5949	11,6735	40,3219	0,6422	0,7317	90,1582	104,7341	7080,1002	0,0000	0,0000	0,0000
82,0000	93,9520	53,0241	74,3457	25,7331	14,3205	20,0851	11,2871	14,3245	117,8479	97,7762	92,4477	98,1527	31,7312	117,9958	41,3662	112,5343	100,1476	29,6595	0,0000	0,0000	0,0000	0,0000	0,0000	0,0000	0,0000	0,0000	0,0000	0,0000	488,8911	7299,5109	10,9991	1,4411	1332,8101	3,7326	2,0500	2,0800	1,5700	3,8900	3,8900	300,0000	150,0000	1300,0000	175,0000	175,0000	2,8000	0,4000	0,2300	0,3000	0,1800	0,6000	0,6000	12,4829	11,2286	40,9279	0,6324	0,7311	90,1582	104,7341	7073,7030	0,0000	0,0000	0,0000
82,0000	89,6467	51,9275	71,2990	21,3782	12,2196	16,2476	9,0058	10,3695	110,3228	121,1559	99,3453	98,1505	31,8031	112,5594	40,1249	132,8274	95,6425	25,8237	0,0000	0,0000	0,0000	0,0000	0,0000	0,0000	0,0000	0,0000	0,0000	0,0000	554,8935	6763,1091	10,4694	72,2725	1298,9893	3,7742	2,0500	2,0800	1,5700	3,8900	3,8900	300,0000	150,0000	1300,0000	175,0000	175,0000	2,8000	0,4000	0,2300	0,3000	0,1800	0,6000	0,6000	6,4000	5,0815	37,7193	0,6979	0,7175	90,1582	104,7341	6622,0158	0,0000	0,0000	0,0000
82,0000	88,1455	50,7963	70,3170	22,2931	12,1299	16,6460	8,8069	9,8907	107,7540	124,8592	120,9642	119,1236	31,5328	111,7770	44,4529	136,1867	93,8449	27,2086	0,0000	0,0000	0,0000	0,0000	0,0000	0,0000	0,0000	0,0000	0,0000	0,0000	607,0684	6444,3923	10,1694	94,7425	1755,2538	4,3132	2,0500	2,0800	1,5700	3,8900	3,8900	300,0000	150,0000	1300,0000	175,0000	175,0000	2,8000	0,4000	0,2300	0,3000	0,1800	0,6000	0,6000	6,4000	3,9795	37,3492	0,6736	0,7179	90,1582	104,7341	6580,0255	0,0000	0,0000	0,0000
82,0000	88,4837	50,3924	70,4943	22,7779	12,4495	17,0112	8,8214	10,1465	109,4963	122,8917	123,9559	122,4897	31,6258	114,0063	45,5578	136,2935	94,2273	27,8272	0,0000	0,0000	0,0000	0,0000	0,0000	0,0000	0,0000	0,0000	0,0000	0,0000	597,1595	6553,2356	10,2807	91,8868	1862,0857	4,4303	2,0500	2,0800	1,5700	3,8900	3,8900	300,0000	150,0000	1300,0000	175,0000	175,0000	2,8000	0,4000	0,2300	0,3000	0,1800	0,6000	0,6000	6,4000	3,9764	38,0913	0,6657	0,7226	90,1582	104,7341	6755,2067	0,0000	0,0000	0,0000
82,0000	89,5395	50,4823	71,2369	22,9331	12,7138	17,2087	8,8379	10,3935	112,0291	121,3396	123,2377	122,2966	32,0010	115,8546	45,9068	136,1168	95,3825	27,9772	0,0000	0,0000	0,0000	0,0000	0,0000	0,0000	0,0000	0,0000	0,0000	0,0000	610,9416	6778,4429	10,5498	94,6586	1864,5609	4,4362	2,0500	2,0800	1,5700	3,8900	3,8900	300,0000	150,0000	1300,0000	175,0000	175,0000	2,8000	0,4000	0,2300	0,3000	0,1800	0,6000	0,6000	6,6016	4,0047	39,0572	0,6627	0,7238	90,1582	104,7341	6875,9904	0,0000	0,0000	0,0000
82,0000	91,8039	51,3857	73,2248	24,8853	13,5340	19,6927	10,6469	12,9424	114,5866	105,4615	123,0705	124,0250	31,9772	116,5093	45,5418	135,6294	97,6732	29,6878	0,0000	0,0000	0,0000	0,0000	0,0000	0,0000	0,0000	0,0000	0,0000	0,0000	593,1935	6847,7101	10,6078	30,8430	1872,6975	4,3735	2,0500	2,0800	1,5700	3,8900	3,8900	300,0000	150,0000	1300,0000	175,0000	175,0000	2,8000	0,4000	0,2300	0,3000	0,1800	0,6000	0,6000	15,2423	8,4962	40,4181	0,6642	0,7255	90,1582	104,7341	6931,6357	0,0000	0,0000	0,0000
82,0000	93,0011	52,6878	74,0802	25,6440	16,5902	20,9933	11,6470	14,8087	115,9255	94,7232	105,1245	103,8827	31,6519	117,9792	42,8387	119,7903	99,0810	29,9593	0,0000	0,0000	0,0000	0,0000	0,0000	0,0000	0,0000	0,0000	0,0000	0,0000	496,1664	6923,8991	10,5844	14,8393	1553,9122	3,9966	2,0500	2,0800	1,5700	3,8900	3,8900	300,0000	150,0000	1300,0000	175,0000	175,0000	2,8000	0,4000	0,2300	0,3000	0,1800	0,6000	0,6000	21,5737	11,6594	40,3133	0,6424	0,7317	90,1582	104,7341	7078,8445	0,0000	0,0000	0,0000
82,0000	93,9428	53,0220	74,3465	25,7396	14,3562	20,1124	11,3017	14,3476	117,8304	97,6504	92,5060	98,1849	31,7274	117,9792	41,3801	112,3903	100,1378	29,6677	0,0000	0,0000	0,0000	0,0000	0,0000	0,0000	0,0000	0,0000	0,0000	0,0000	488,3343	7294,2680	10,9925	2,0816	1333,5455	3,7341	2,0500	2,0800	1,5700	3,8900	3,8900	300,0000	150,0000	1300,0000	175,0000	175,0000	2,8000	0,4000	0,2300	0,3000	0,1800	0,6000	0,6000	12,5870	11,2603	40,9208	0,6318	0,7311	90,1582	104,7341	7072,6539	0,0000	0,0000	0,0000
82,0000	89,6824	51,9349	71,3193	21,3921	12,2182	16,2556	9,0135	10,3839	110,4015	121,0440	99,1947	98,0208	31,8063	112,6202	40,0905	132,7572	95,6829	25,8356	0,0000	0,0000	0,0000	0,0000	0,0000	0,0000	0,0000	0,0000	0,0000	0,0000	555,0400	6770,7995	10,4783	72,1540	1297,3231	3,7722	2,0500	2,0800	1,5700	3,8900	3,8900	300,0000	150,0000	1300,0000	175,0000	175,0000	2,8000	0,4000	0,2300	0,3000	0,1800	0,6000	0,6000	6,4000	5,1086	37,7475	0,6980	0,7176	90,1582	104,7341	6626,7416	0,0000	0,0000	0,0000
82,0000	88,1483	50,8027	70,3197	22,2863	12,1262	16,6415	8,8067	9,8891	107,7476	124,8721	120,8910	119,0525	31,5342	111,7602	44,4373	136,1844	93,8478	27,1994	0,0000	0,0000	0,0000	0,0000	0,0000	0,0000	0,0000	0,0000	0,0000	0,0000	607,1156	6444,4493	10,1695	94,7140	1753,4123	4,3111	2,0500	2,0800	1,5700	3,8900	3,8900	300,0000	150,0000	1300,0000	175,0000	175,0000	2,8000	0,4000	0,2300	0,3000	0,1800	0,6000	0,6000	6,4000	3,9796	37,3455	0,6737	0,7178	90,1582	104,7341	6578,5323	0,0000	0,0000	0,0000
82,0000	88,4773	50,3942	70,4901	22,7762	12,4472	17,0094	8,8214	10,1445	109,4763	122,9045	123,9581	122,4881	31,6235	113,9906	45,5540	136,2913	94,2203	27,8254	0,0000	0,0000	0,0000	0,0000	0,0000	0,0000	0,0000	0,0000	0,0000	0,0000	597,0783	6551,6547	10,2789	91,8628	1861,9503	4,4301	2,0500	2,0800	1,5700	3,8900	3,8900	300,0000	150,0000	1300,0000	175,0000	175,0000	2,8000	0,4000	0,2300	0,3000	0,1800	0,6000	0,6000	6,4000	3,9764	38,0831	0,6658	0,7226	90,1582	104,7341	6754,0984	0,0000	0,0000	0,0000
82,0000	89,5308	50,4798	71,2288	22,9322	12,7122	17,2041	8,8344	10,3885	112,0119	121,3646	123,2447	122,2769	31,9979	115,8430	45,9050	136,1201	95,3730	27,9765	0,0000	0,0000	0,0000	0,0000	0,0000	0,0000	0,0000	0,0000	0,0000	0,0000	610,8260	6776,9431	10,5480	94,6408	1864,9125	4,4366	2,0500	2,0800	1,5700	3,8900	3,8900	300,0000	150,0000	1300,0000	175,0000	175,0000	2,8000	0,4000	0,2300	0,3000	0,1800	0,6000	0,6000	6,5728	3,9984	39,0510	0,6628	0,7238	90,1582	104,7341	6875,2963	0,0000	0,0000	0,0000
82,0000	91,7839	51,3548	73,2104	24,8628	13,4749	19,6716	10,6350	12,9210	114,5673	105,5941	123,0741	124,0548	31,9797	116,4904	45,5476	135,6378	97,6489	29,6609	0,0000	0,0000	0,0000	0,0000	0,0000	0,0000	0,0000	0,0000	0,0000	0,0000	593,2780	6845,5188	10,6054	30,9982	1870,1343	4,3708	2,0500	2,0800	1,5700	3,8900	3,8900	300,0000	150,0000	1300,0000	175,0000	175,0000	2,8000	0,4000	0,2300	0,3000	0,1800	0,6000	0,6000	15,1883	8,4578	40,4292	0,6642	0,7255	90,1582	104,7341	6929,8773	0,0000	0,0000	0,0000
82,0000	92,9887	52,6840	74,0710	25,6423	16,5773	20,9868	11,6424	14,7990	115,9015	94,7562	105,2545	104,0194	31,6505	117,9625	42,8530	119,8998	99,0674	29,9623	0,0000	0,0000	0,0000	0,0000	0,0000	0,0000	0,0000	0,0000	0,0000	0,0000	496,2082	6922,0652	10,5823	14,8555	1556,6150	3,9997	2,0500	2,0800	1,5700	3,8900	3,8900	300,0000	150,0000	1300,0000	175,0000	175,0000	2,8000	0,4000	0,2300	0,3000	0,1800	0,6000	0,6000	21,5391	11,6453	40,3047	0,6426	0,7317	90,1582	104,7341	7077,5827	0,0000	0,0000	0,0000
82,0000	93,9331	53,0188	74,3468	25,7456	14,3917	20,1389	11,3162	14,3701	117,8130	97,5270	92,5656	98,2102	31,7234	117,9625	41,3937	112,2480	100,1275	29,6753	0,0000	0,0000	0,0000	0,0000	0,0000	0,0000	0,0000	0,0000	0,0000	0,0000	487,7704	7288,9959	10,9860	2,7077	1334,2530	3,7356	2,0500	2,0800	1,5700	3,8900	3,8900	300,0000	150,0000	1300,0000	175,0000	175,0000	2,8000	0,4000	0,2300	0,3000	0,1800	0,6000	0,6000	12,7044	11,2915	40,9143	0,6312	0,7311	90,1582	104,7341	7071,6091	0,0000	0,0000	0,0000
82,0000	89,7175	51,9421	71,3390	21,4067	12,2166	16,2637	9,0213	10,3983	110,4787	120,9311	99,0455	97,8928	31,8091	112,6795	40,0567	132,6864	95,7225	25,8484	0,0000	0,0000	0,0000	0,0000	0,0000	0,0000	0,0000	0,0000	0,0000	0,0000	555,1654	6778,3465	10,4869	72,0158	1295,8517	3,7704	2,0500	2,0800	1,5700	3,8900	3,8900	300,0000	150,0000	1300,0000	175,0000	175,0000	2,8000	0,4000	0,2300	0,3000	0,1800	0,6000	0,6000	6,4000	5,1360	37,7754	0,6981	0,7177	90,1582	104,7341	6631,3745	0,0000	0,0000	0,0000
82,0000	88,1497	50,8088	70,3215	22,2789	12,1247	16,6370	8,8064	9,8873	107,7387	124,8854	120,8185	118,9821	31,5351	111,7420	44,4206	136,1820	93,8492	27,1893	0,0000	0,0000	0,0000	0,0000	0,0000	0,0000	0,0000	0,0000	0,0000	0,0000	607,1444	6444,2602	10,1693	94,6851	1751,3252	4,3087	2,0500	2,0800	1,5700	3,8900	3,8900	300,0000	150,0000	1300,0000	175,0000	175,0000	2,8000	0,4000	0,2300	0,3000	0,1800	0,6000	0,6000	6,4000	3,9798	37,3409	0,6738	0,7178	90,1582	104,7341	6576,9657	0,0000	0,0000	0,0000
82,0000	88,4699	50,3955	70,4851	22,7745	12,4446	17,0076	8,8213	10,1424	109,4550	122,9176	123,9605	122,4864	31,6210	113,9736	45,5499	136,2890	94,2122	27,8235	0,0000	0,0000	0,0000	0,0000	0,0000	0,0000	0,0000	0,0000	0,0000	0,0000	596,9835	6549,9164	10,2768	91,8371	1861,8047	4,4299	2,0500	2,0800	1,5700	3,8900	3,8900	300,0000	150,0000	1300,0000	175,0000	175,0000	2,8000	0,4000	0,2300	0,3000	0,1800	0,6000	0,6000	6,4000	3,9764	38,0744	0,6658	0,7226	90,1582	104,7341	6752,9161	0,0000	0,0000	0,0000
82,0000	89,5212	50,4768	71,2203	22,9314	12,7104	17,1998	8,8313	10,3837	111,9934	121,3876	123,2521	122,2596	31,9945	115,8301	45,9031	136,1237	95,3626	27,9758	0,0000	0,0000	0,0000	0,0000	0,0000	0,0000	0,0000	0,0000	0,0000	0,0000	610,6985	6775,2190	10,5459	94,6216	1865,1884	4,4369	2,0500	2,0800	1,5700	3,8900	3,8900	300,0000	150,0000	1300,0000	175,0000	175,0000	2,8000	0,4000	0,2300	0,3000	0,1800	0,6000	0,6000	6,5448	3,9928	39,0444	0,6628	0,7238	90,1582	104,7341	6874,5244	0,0000	0,0000	0,0000
