HR	AOPmax	AOPmin	AOPmean	PAPmax	PAPmin	PAPmean	PRAmean	WedgeP	QLV	Qsist	QRV	Qpulm	LVes	LVed	RVes	RVed	Plvmax	Prvmax	QVADmax	QVADmin	QVADmean	QECMO	P1mean	P2mean	P3mean	Qventing	Qinflow1	Qinflow2	PELeftV	SWLeftV	MVO2LeftV	PERightV	SWRightV	MVO2RightV	RupAbr	RkidAbr	RsplAbr	RllAbr	RrlAbr	V0upbr	V0kidbr	V0spbr	V0llbr	V0rlbr	Emaxl	Emaxr	RupVbr	RkidVbr	RspVbr	RllVbr	RrlVbr	Paw	Ppleural	PP	RV EF 	LV EF 	Ccw linear	Cl linear	CO	ECMOflowma	ECMOlfowmi	ECMOvol
116,0000	95,2962	45,6487	73,3505	32,0744	22,4745	27,7994	8,7171	11,6821	126,3421	117,0690	122,3459	110,3695	47,2340	118,7565	76,0778	139,4530	101,0134	35,3562	0,0000	0,0000	0,0000	0,0000	0,0000	0,0000	0,0000	0,0000	0,0000	0,0000	1683,4019	5369,8852	14,3888	936,3671	1896,7224	7,6674	1,9200	1,9500	1,4700	3,6600	3,6600	300,0000	150,0000	1300,0000	175,0000	175,0000	2,0000	0,4000	0,2300	0,3000	0,1800	0,6000	0,6000	39,0000	-0,1843	49,6476	0,4545	0,6023	83,6133	26,3570	8296,6042	0,0000	0,0000	0,0000
116,0000	99,5132	46,6783	76,3926	32,1752	23,7865	28,1025	8,6991	11,6301	134,1760	117,1194	114,1795	114,4642	49,3517	118,8549	76,1232	135,2681	105,5390	35,4599	0,0000	0,0000	0,0000	0,0000	0,0000	0,0000	0,0000	0,0000	0,0000	0,0000	1824,7485	5998,3532	15,6149	936,7626	1776,8342	7,4771	1,9200	1,9500	1,4700	3,6600	3,6600	300,0000	150,0000	1300,0000	175,0000	175,0000	2,0000	0,4000	0,2300	0,3000	0,1800	0,6000	0,6000	39,0000	-0,1073	52,8349	0,4372	0,5848	83,6133	26,3570	8062,3670	0,0000	0,0000	0,0000
116,0000	99,6268	48,1372	76,6330	32,1672	23,7275	28,0806	8,7074	11,2935	132,1740	118,3481	114,5894	114,8714	49,4374	117,9035	76,1985	135,7040	105,6522	35,4457	0,0000	0,0000	0,0000	0,0000	0,0000	0,0000	0,0000	0,0000	0,0000	0,0000	1831,2667	5959,8471	15,5640	939,5965	1783,0592	7,4915	1,9200	1,9500	1,4700	3,6600	3,6600	300,0000	150,0000	1300,0000	175,0000	175,0000	2,0000	0,4000	0,2300	0,3000	0,1800	0,6000	0,6000	39,0000	-0,1068	51,4896	0,4385	0,5807	83,6133	26,3570	7942,0701	0,0000	0,0000	0,0000
116,0000	97,1603	48,1818	74,7807	29,1032	18,0177	24,5409	7,0540	8,3360	128,4022	131,6946	120,6739	145,7748	49,4825	115,9948	73,7481	143,8014	103,1087	33,5614	0,0000	0,0000	0,0000	0,0000	0,0000	0,0000	0,0000	0,0000	0,0000	0,0000	1875,4051	5923,5854	15,5765	938,5182	1969,9680	7,7875	1,9200	1,9500	1,4700	3,6600	3,6600	300,0000	150,0000	1300,0000	175,0000	175,0000	2,0000	0,4000	0,2300	0,3000	0,1800	0,6000	0,6000	14,9710	-3,8470	48,9785	0,4872	0,5734	83,6133	26,3570	7715,4321	0,0000	0,0000	0,0000
116,0000	91,5478	46,3991	70,7312	26,3574	16,9048	21,6761	6,3500	6,1607	116,5792	141,6671	142,4212	145,8932	47,5550	107,9431	70,7515	145,7117	96,9892	30,4749	0,0000	0,0000	0,0000	0,0000	0,0000	0,0000	0,0000	0,0000	0,0000	0,0000	1752,7667	5085,3030	14,0461	853,2202	2093,0997	7,8477	1,9200	1,9500	1,4700	3,6600	3,6600	300,0000	150,0000	1300,0000	175,0000	175,0000	2,0000	0,4000	0,2300	0,3000	0,1800	0,6000	0,6000	12,0000	-6,4247	45,1486	0,5144	0,5594	83,6133	26,3570	7005,0114	0,0000	0,0000	0,0000
116,0000	91,2735	44,8059	70,5397	29,3537	16,4505	24,8923	8,0522	9,1139	116,5467	127,8324	142,8081	120,2462	46,1597	115,0763	72,4537	146,4283	96,5307	32,1776	0,0000	0,0000	0,0000	0,0000	0,0000	0,0000	0,0000	0,0000	0,0000	0,0000	1641,1967	4742,4333	13,3223	834,5721	1962,7026	7,6104	1,9200	1,9500	1,4700	3,6600	3,6600	300,0000	150,0000	1300,0000	175,0000	175,0000	2,0000	0,4000	0,2300	0,3000	0,1800	0,6000	0,6000	33,9701	-2,6836	46,4676	0,5052	0,5989	83,6133	26,3570	7994,3241	0,0000	0,0000	0,0000
116,0000	96,8441	45,6294	74,4255	32,0962	23,1201	27,9285	8,7081	11,7566	129,8407	116,7182	117,9980	111,5818	48,0019	118,7674	76,0168	137,1398	102,6771	35,3748	0,0000	0,0000	0,0000	0,0000	0,0000	0,0000	0,0000	0,0000	0,0000	0,0000	1738,2653	5614,1770	14,8653	936,9889	1830,6704	7,5632	1,9200	1,9500	1,4700	3,6600	3,6600	300,0000	150,0000	1300,0000	175,0000	175,0000	2,0000	0,4000	0,2300	0,3000	0,1800	0,6000	0,6000	39,0000	-0,1340	51,2148	0,4457	0,5958	83,6133	26,3570	8208,7974	0,0000	0,0000	0,0000
116,0000	99,7642	47,2102	76,6233	32,1511	23,7608	28,0801	8,7022	11,5474	133,9196	117,3927	114,1236	114,4215	49,4862	118,8566	76,0758	135,1919	105,8063	35,4297	0,0000	0,0000	0,0000	0,0000	0,0000	0,0000	0,0000	0,0000	0,0000	0,0000	1834,5811	6016,6328	15,6597	936,0757	1774,1728	7,4718	1,9200	1,9500	1,4700	3,6600	3,6600	300,0000	150,0000	1300,0000	175,0000	175,0000	2,0000	0,4000	0,2300	0,3000	0,1800	0,6000	0,6000	39,0000	-0,1070	52,5540	0,4373	0,5836	83,6133	26,3570	8046,9622	0,0000	0,0000	0,0000
116,0000	99,3983	48,2311	76,4630	32,1697	23,6331	28,0224	8,6627	11,1633	131,5128	118,8338	114,7829	116,2954	49,3288	117,4524	76,2390	135,9306	105,4049	35,4476	0,0000	0,0000	0,0000	0,0000	0,0000	0,0000	0,0000	0,0000	0,0000	0,0000	1823,4266	5931,3352	15,5061	940,6586	1794,3395	7,5112	1,9200	1,9500	1,4700	3,6600	3,6600	300,0000	150,0000	1300,0000	175,0000	175,0000	2,0000	0,4000	0,2300	0,3000	0,1800	0,6000	0,6000	36,3938	-0,1929	51,1672	0,4391	0,5800	83,6133	26,3570	7902,3413	0,0000	0,0000	0,0000
116,0000	96,4576	47,3008	74,2187	27,6931	17,5358	23,2888	6,6513	7,3294	127,2245	135,9237	124,5563	151,0802	49,5700	115,4723	71,9839	144,5957	102,3046	32,0136	0,0000	0,0000	0,0000	0,0000	0,0000	0,0000	0,0000	0,0000	0,0000	0,0000	1892,6892	5820,1090	15,4392	890,9646	1944,7006	7,6715	1,9200	1,9500	1,4700	3,6600	3,6600	300,0000	150,0000	1300,0000	175,0000	175,0000	2,0000	0,4000	0,2300	0,3000	0,1800	0,6000	0,6000	12,0000	-5,0211	49,1568	0,5022	0,5707	83,6133	26,3570	7644,6637	0,0000	0,0000	0,0000
116,0000	90,8406	46,3095	70,2503	26,2881	16,5367	21,6146	6,3784	6,1788	115,1213	141,5382	144,0839	144,4086	47,2184	106,8512	70,6991	145,7046	96,2291	30,3871	0,0000	0,0000	0,0000	0,0000	0,0000	0,0000	0,0000	0,0000	0,0000	0,0000	1727,8132	4979,5108	13,8378	850,8030	2100,4782	7,8556	1,9200	1,9500	1,4700	3,6600	3,6600	300,0000	150,0000	1300,0000	175,0000	175,0000	2,0000	0,4000	0,2300	0,3000	0,1800	0,6000	0,6000	13,2701	-6,4384	44,5311	0,5148	0,5581	83,6133	26,3570	6917,4112	0,0000	0,0000	0,0000
116,0000	91,8346	45,1926	70,8659	30,7865	17,8338	26,1479	8,4930	10,1791	117,5165	123,1294	139,3696	113,5173	45,8728	116,6983	74,2101	146,4036	97,2307	33,8659	0,0000	0,0000	0,0000	0,0000	0,0000	0,0000	0,0000	0,0000	0,0000	0,0000	1604,1995	4806,7037	13,3657	885,8052	2031,8128	7,8020	1,9200	1,9500	1,4700	3,6600	3,6600	300,0000	150,0000	1300,0000	175,0000	175,0000	2,0000	0,4000	0,2300	0,3000	0,1800	0,6000	0,6000	38,2772	-1,4275	46,6420	0,4931	0,6069	83,6133	26,3570	8215,7543	0,0000	0,0000	0,0000
116,0000	97,7903	45,5856	75,0812	32,1588	23,5067	28,0412	8,7016	11,7503	132,0048	116,7101	115,9331	113,0887	48,4746	118,5456	76,1260	136,1794	103,6924	35,4460	0,0000	0,0000	0,0000	0,0000	0,0000	0,0000	0,0000	0,0000	0,0000	0,0000	1761,3269	5768,2262	15,1474	935,0983	1803,2012	7,5164	1,9200	1,9500	1,4700	3,6600	3,6600	300,0000	150,0000	1300,0000	175,0000	175,0000	2,0000	0,4000	0,2300	0,3000	0,1800	0,6000	0,6000	39,0000	-0,1163	52,2047	0,4410	0,5911	83,6133	26,3570	8128,2432	0,0000	0,0000	0,0000
116,0000	99,7824	47,5430	76,6719	32,1616	23,7617	28,0860	8,7040	11,4723	133,4571	117,6581	114,2567	114,6423	49,5011	118,6318	76,1239	135,3218	105,8240	35,4415	0,0000	0,0000	0,0000	0,0000	0,0000	0,0000	0,0000	0,0000	0,0000	0,0000	1835,7467	6006,8675	15,6460	937,4227	1777,1680	7,4787	1,9200	1,9500	1,4700	3,6600	3,6600	300,0000	150,0000	1300,0000	175,0000	175,0000	2,0000	0,4000	0,2300	0,3000	0,1800	0,6000	0,6000	39,0000	-0,1069	52,2394	0,4375	0,5827	83,6133	26,3570	8019,1678	0,0000	0,0000	0,0000
116,0000	99,1481	48,2367	76,1297	32,1845	21,4036	27,5513	8,3582	10,7146	130,9285	120,8582	114,9857	123,7379	49,2072	117,0282	76,3066	137,3844	105,1347	35,4643	0,0000	0,0000	0,0000	0,0000	0,0000	0,0000	0,0000	0,0000	0,0000	0,0000	1826,0814	5963,6242	15,5617	947,8432	1852,5632	7,6154	1,9200	1,9500	1,4700	3,6600	3,6600	300,0000	150,0000	1300,0000	175,0000	175,0000	2,0000	0,4000	0,2300	0,3000	0,1800	0,6000	0,6000	30,8166	-0,7927	50,9115	0,4446	0,5795	83,6133	26,3570	7867,2306	0,0000	0,0000	0,0000
116,0000	95,4462	46,8594	73,4709	26,8858	17,2959	22,4414	6,4839	6,6699	125,0141	138,7122	129,5111	149,9820	49,3028	114,0601	70,9682	145,0979	101,1946	31,0936	0,0000	0,0000	0,0000	0,0000	0,0000	0,0000	0,0000	0,0000	0,0000	0,0000	1877,1820	5663,5487	15,1652	863,8533	1961,3363	7,6548	1,9200	1,9500	1,4700	3,6600	3,6600	300,0000	150,0000	1300,0000	175,0000	175,0000	2,0000	0,4000	0,2300	0,3000	0,1800	0,6000	0,6000	12,0000	-5,7167	48,5868	0,5109	0,5677	83,6133	26,3570	7511,8448	0,0000	0,0000	0,0000
116,0000	90,3808	46,0407	70,0442	26,2771	16,3630	21,9334	6,6426	6,5321	114,5065	139,8153	144,9992	140,5728	46,9925	107,3908	70,7305	145,8400	95,7365	30,3676	0,0000	0,0000	0,0000	0,0000	0,0000	0,0000	0,0000	0,0000	0,0000	0,0000	1709,2132	4871,0907	13,6355	847,6826	2051,7292	7,7730	1,9200	1,9500	1,4700	3,6600	3,6600	300,0000	150,0000	1300,0000	175,0000	175,0000	2,0000	0,4000	0,2300	0,3000	0,1800	0,6000	0,6000	18,1245	-5,9571	44,3401	0,5150	0,5624	83,6133	26,3570	7006,2065	0,0000	0,0000	0,0000
116,0000	92,3425	45,6697	71,2914	31,6645	20,0264	27,1134	8,6937	11,0104	119,1353	119,7154	134,5848	109,9708	45,8782	117,7149	75,6195	145,3344	97,8190	34,8923	0,0000	0,0000	0,0000	0,0000	0,0000	0,0000	0,0000	0,0000	0,0000	0,0000	1594,5464	4902,7956	13,5034	921,7616	2045,6743	7,8814	1,9200	1,9500	1,4700	3,6600	3,6600	300,0000	150,0000	1300,0000	175,0000	175,0000	2,0000	0,4000	0,2300	0,3000	0,1800	0,6000	0,6000	39,0000	-0,6197	46,6727	0,4797	0,6103	83,6133	26,3570	8333,0538	0,0000	0,0000	0,0000
116,0000	98,4397	45,6688	75,5441	32,2184	23,7326	28,1231	8,6966	11,7272	133,2946	116,8187	114,9867	114,2688	48,8005	118,3431	76,2519	135,8150	104,3890	35,5151	0,0000	0,0000	0,0000	0,0000	0,0000	0,0000	0,0000	0,0000	0,0000	0,0000	1784,8811	5869,0561	15,3455	938,6917	1792,9636	7,5059	1,9200	1,9500	1,4700	3,6600	3,6600	300,0000	150,0000	1300,0000	175,0000	175,0000	2,0000	0,4000	0,2300	0,3000	0,1800	0,6000	0,6000	39,0000	-0,1101	52,7709	0,4386	0,5876	83,6133	26,3570	8066,9436	0,0000	0,0000	0,0000
116,0000	99,7656	47,7675	76,6854	32,1768	23,7700	28,0969	8,7036	11,4183	133,0726	117,8931	114,3787	114,8628	49,4964	118,4280	76,1793	135,4434	105,8045	35,4590	0,0000	0,0000	0,0000	0,0000	0,0000	0,0000	0,0000	0,0000	0,0000	0,0000	1835,4772	5995,3285	15,6272	938,8501	1780,3823	7,4861	1,9200	1,9500	1,4700	3,6600	3,6600	300,0000	150,0000	1300,0000	175,0000	175,0000	2,0000	0,4000	0,2300	0,3000	0,1800	0,6000	0,6000	39,0000	-0,1068	51,9981	0,4376	0,5821	83,6133	26,3570	7996,0645	0,0000	0,0000	0,0000
116,0000	98,9647	48,2305	75,7731	32,1968	19,7157	26,6674	7,9239	10,0276	130,4334	124,0921	115,1010	131,6061	49,1602	116,7247	76,3691	140,3399	104,9366	35,4783	0,0000	0,0000	0,0000	0,0000	0,0000	0,0000	0,0000	0,0000	0,0000	0,0000	1864,8584	6022,4335	15,7171	1013,1120	1921,7781	7,8295	1,9200	1,9500	1,4700	3,6600	3,6600	300,0000	150,0000	1300,0000	175,0000	175,0000	2,0000	0,4000	0,2300	0,3000	0,1800	0,6000	0,6000	25,2394	-1,7232	50,7342	0,4558	0,5788	83,6133	26,3570	7837,4808	0,0000	0,0000	0,0000
116,0000	93,8799	46,6801	72,3706	26,5682	17,2522	22,0140	6,4068	6,3454	121,5189	140,3804	135,6750	148,3889	48,6372	111,5840	70,7625	145,4654	99,5007	30,7289	0,0000	0,0000	0,0000	0,0000	0,0000	0,0000	0,0000	0,0000	0,0000	0,0000	1824,5526	5424,4267	14,7005	854,0246	2022,3642	7,7364	1,9200	1,9500	1,4700	3,6600	3,6600	300,0000	150,0000	1300,0000	175,0000	175,0000	2,0000	0,4000	0,2300	0,3000	0,1800	0,6000	0,6000	12,0000	-6,1014	47,1998	0,5135	0,5641	83,6133	26,3570	7301,8251	0,0000	0,0000	0,0000
116,0000	90,0907	45,5513	70,0376	26,3281	16,3469	22,7486	7,1111	7,2783	114,6743	136,2760	145,4131	133,8195	46,8126	109,8122	70,8737	146,1977	95,4277	30,4204	0,0000	0,0000	0,0000	0,0000	0,0000	0,0000	0,0000	0,0000	0,0000	0,0000	1673,5219	4753,3659	13,3912	808,8041	1966,4580	7,5753	1,9200	1,9500	1,4700	3,6600	3,6600	300,0000	150,0000	1300,0000	175,0000	175,0000	2,0000	0,4000	0,2300	0,3000	0,1800	0,6000	0,6000	23,7017	-4,9713	44,5394	0,5152	0,5737	83,6133	26,3570	7307,9489	0,0000	0,0000	0,0000
116,0000	93,7272	45,6622	72,2615	32,0164	21,5934	27,6106	8,7226	11,4890	122,7008	117,8526	127,8884	109,7395	46,4747	118,4353	76,1167	142,3628	99,3230	35,2973	0,0000	0,0000	0,0000	0,0000	0,0000	0,0000	0,0000	0,0000	0,0000	0,0000	1629,3692	5125,6595	13,9138	934,3069	1976,9791	7,7919	1,9200	1,9500	1,4700	3,6600	3,6600	300,0000	150,0000	1300,0000	175,0000	175,0000	2,0000	0,4000	0,2300	0,3000	0,1800	0,6000	0,6000	39,0000	-0,2925	48,0650	0,4653	0,6076	83,6133	26,3570	8347,4314	0,0000	0,0000	0,0000
116,0000	99,0765	46,1304	76,0336	32,2119	23,8027	28,1311	8,6969	11,6874	134,0197	116,9372	114,4458	114,5906	49,1250	118,5472	76,2181	135,5010	105,0716	35,5053	0,0000	0,0000	0,0000	0,0000	0,0000	0,0000	0,0000	0,0000	0,0000	0,0000	1808,3279	5951,3750	15,5139	938,4989	1783,8394	7,4910	1,9200	1,9500	1,4700	3,6600	3,6600	300,0000	150,0000	1300,0000	175,0000	175,0000	2,0000	0,4000	0,2300	0,3000	0,1800	0,6000	0,6000	39,0000	-0,1080	52,9461	0,4375	0,5856	83,6133	26,3570	8052,9776	0,0000	0,0000	0,0000
116,0000	99,7352	47,9865	76,6895	32,1746	23,7541	28,0915	8,7051	11,3591	132,6605	118,1179	114,4761	114,8995	49,4862	118,2044	76,1927	135,5648	105,7704	35,4555	0,0000	0,0000	0,0000	0,0000	0,0000	0,0000	0,0000	0,0000	0,0000	0,0000	1834,7814	5982,0246	15,6049	939,3211	1781,8096	7,4891	1,9200	1,9500	1,4700	3,6600	3,6600	300,0000	150,0000	1300,0000	175,0000	175,0000	2,0000	0,4000	0,2300	0,3000	0,1800	0,6000	0,6000	39,0000	-0,1068	51,7487	0,4380	0,5814	83,6133	26,3570	7971,3065	0,0000	0,0000	0,0000
116,0000	98,2103	48,2198	75,2641	30,7710	18,6188	25,5665	7,4496	9,1644	129,3888	128,0480	117,4090	139,3906	49,3622	116,3856	75,2974	142,6765	104,3271	35,2906	0,0000	0,0000	0,0000	0,0000	0,0000	0,0000	0,0000	0,0000	0,0000	0,0000	1838,4535	5997,3476	15,6351	985,1703	1972,2614	7,8654	1,9200	1,9500	1,4700	3,6600	3,6600	300,0000	150,0000	1300,0000	175,0000	175,0000	2,0000	0,4000	0,2300	0,3000	0,1800	0,6000	0,6000	19,6622	-2,8334	49,9905	0,4723	0,5759	83,6133	26,3570	7774,7133	0,0000	0,0000	0,0000
116,0000	92,4444	46,5006	71,3610	26,4365	17,2701	21,7967	6,3669	6,2096	118,4713	141,2972	140,1768	147,0261	47,9769	109,3451	70,7759	145,6537	97,9542	30,5730	0,0000	0,0000	0,0000	0,0000	0,0000	0,0000	0,0000	0,0000	0,0000	0,0000	1784,3597	5214,2628	14,3018	855,4672	2071,2164	7,8165	1,9200	1,9500	1,4700	3,6600	3,6600	300,0000	150,0000	1300,0000	175,0000	175,0000	2,0000	0,4000	0,2300	0,3000	0,1800	0,6000	0,6000	12,0000	-6,3176	45,9438	0,5141	0,5612	83,6133	26,3570	7118,7064	0,0000	0,0000	0,0000
116,0000	90,3572	45,0808	70,2653	27,6350	16,3789	23,8604	7,6284	8,2320	115,6281	131,8319	144,8297	126,4733	46,4737	112,9414	71,3537	146,3755	95,5879	30,6997	0,0000	0,0000	0,0000	0,0000	0,0000	0,0000	0,0000	0,0000	0,0000	0,0000	1642,5246	4715,1190	13,2809	785,0044	1934,5370	7,4866	1,9200	1,9500	1,4700	3,6600	3,6600	300,0000	150,0000	1300,0000	175,0000	175,0000	2,0000	0,4000	0,2300	0,3000	0,1800	0,6000	0,6000	29,2790	-3,7657	45,2765	0,5125	0,5885	83,6133	26,3570	7710,2559	0,0000	0,0000	0,0000
116,0000	95,5795	45,6522	73,5475	32,0768	22,6048	27,8235	8,7154	11,7029	126,9808	116,9805	121,4659	110,5319	47,3737	118,7834	76,0591	138,9784	101,3181	35,3575	0,0000	0,0000	0,0000	0,0000	0,0000	0,0000	0,0000	0,0000	0,0000	0,0000	1693,3413	5413,9902	14,4749	936,3422	1883,1775	7,6458	1,9200	1,9500	1,4700	3,6600	3,6600	300,0000	150,0000	1300,0000	175,0000	175,0000	2,0000	0,4000	0,2300	0,3000	0,1800	0,6000	0,6000	39,0000	-0,1724	49,9273	0,4527	0,6012	83,6133	26,3570	8283,5193	0,0000	0,0000	0,0000
116,0000	99,5739	46,7757	76,4449	32,1689	23,7812	28,0970	8,6996	11,6175	134,1624	117,1619	114,1511	114,4387	49,3836	118,8797	76,1083	135,2386	105,6037	35,4521	0,0000	0,0000	0,0000	0,0000	0,0000	0,0000	0,0000	0,0000	0,0000	0,0000	1827,0664	6003,9753	15,6275	936,4945	1775,9113	7,4752	1,9200	1,9500	1,4700	3,6600	3,6600	300,0000	150,0000	1300,0000	175,0000	175,0000	2,0000	0,4000	0,2300	0,3000	0,1800	0,6000	0,6000	39,0000	-0,1072	52,7982	0,4372	0,5846	83,6133	26,3570	8061,5512	0,0000	0,0000	0,0000
116,0000	99,5963	48,1580	76,6146	32,1664	23,7227	28,0790	8,7079	11,2803	132,0709	118,3934	114,6159	114,8712	49,4232	117,8359	76,2019	135,7334	105,6192	35,4446	0,0000	0,0000	0,0000	0,0000	0,0000	0,0000	0,0000	0,0000	0,0000	0,0000	1830,2400	5954,4678	15,5537	939,6994	1783,4255	7,4923	1,9200	1,9500	1,4700	3,6600	3,6600	300,0000	150,0000	1300,0000	175,0000	175,0000	2,0000	0,4000	0,2300	0,3000	0,1800	0,6000	0,6000	39,0000	-0,1068	51,4383	0,4386	0,5806	83,6133	26,3570	7935,8761	0,0000	0,0000	0,0000
116,0000	97,0223	48,1711	74,6858	28,8406	17,9256	24,3388	6,9809	8,1720	128,2117	132,3996	121,3152	146,9123	49,5012	115,9149	73,4458	143,9570	102,9499	33,2807	0,0000	0,0000	0,0000	0,0000	0,0000	0,0000	0,0000	0,0000	0,0000	0,0000	1874,5581	5904,5019	15,5448	928,0307	1965,1661	7,7631	1,9200	1,9500	1,4700	3,6600	3,6600	300,0000	150,0000	1300,0000	175,0000	175,0000	2,0000	0,4000	0,2300	0,3000	0,1800	0,6000	0,6000	14,0849	-4,0440	48,8511	0,4898	0,5730	83,6133	26,3570	7703,9826	0,0000	0,0000	0,0000
116,0000	91,4112	46,3860	70,6353	26,3440	16,8335	21,6569	6,3482	6,1553	116,2932	141,7007	142,7435	145,6847	47,4904	107,7303	70,7427	145,7177	96,8423	30,4582	0,0000	0,0000	0,0000	0,0000	0,0000	0,0000	0,0000	0,0000	0,0000	0,0000	1747,9598	5065,8152	14,0074	852,7785	2096,0106	7,8517	1,9200	1,9500	1,4700	3,6600	3,6600	300,0000	150,0000	1300,0000	175,0000	175,0000	2,0000	0,4000	0,2300	0,3000	0,1800	0,6000	0,6000	12,0000	-6,4398	45,0252	0,5145	0,5592	83,6133	26,3570	6987,8279	0,0000	0,0000	0,0000
116,0000	91,4132	44,8108	70,5931	29,6204	16,5543	25,0936	8,1297	9,2855	116,7059	127,0646	142,3076	119,0927	46,1068	115,3986	72,7184	146,4337	96,7018	32,4962	0,0000	0,0000	0,0000	0,0000	0,0000	0,0000	0,0000	0,0000	0,0000	0,0000	1632,6343	4751,7277	13,3234	842,2783	1973,1672	7,6393	1,9200	1,9500	1,4700	3,6600	3,6600	300,0000	150,0000	1300,0000	175,0000	175,0000	2,0000	0,4000	0,2300	0,3000	0,1800	0,6000	0,6000	34,8562	-2,4758	46,6024	0,5034	0,6005	83,6133	26,3570	8037,8455	0,0000	0,0000	0,0000
116,0000	97,0329	45,6231	74,5564	32,1031	23,1956	27,9467	8,7069	11,7590	130,2714	116,6996	117,5450	111,8108	48,0961	118,7418	76,0230	136,9113	102,8798	35,3823	0,0000	0,0000	0,0000	0,0000	0,0000	0,0000	0,0000	0,0000	0,0000	0,0000	1745,0428	5644,5695	14,9245	937,3605	1824,0672	7,5533	1,9200	1,9500	1,4700	3,6600	3,6600	300,0000	150,0000	1300,0000	175,0000	175,0000	2,0000	0,4000	0,2300	0,3000	0,1800	0,6000	0,6000	39,0000	-0,1298	51,4098	0,4447	0,5950	83,6133	26,3570	8194,9074	0,0000	0,0000	0,0000
116,0000	99,7789	47,2749	76,6405	32,1507	23,7591	28,0793	8,7026	11,5344	133,8524	117,4360	114,1363	114,4414	49,4947	118,8302	76,0782	135,2008	105,8218	35,4292	0,0000	0,0000	0,0000	0,0000	0,0000	0,0000	0,0000	0,0000	0,0000	0,0000	1835,2122	6016,4151	15,6603	936,1783	1774,3603	7,4722	1,9200	1,9500	1,4700	3,6600	3,6600	300,0000	150,0000	1300,0000	175,0000	175,0000	2,0000	0,4000	0,2300	0,3000	0,1800	0,6000	0,6000	39,0000	-0,1069	52,5040	0,4373	0,5835	83,6133	26,3570	8042,9209	0,0000	0,0000	0,0000
116,0000	99,3575	48,2365	76,4172	32,1715	23,2447	27,9788	8,6289	11,1135	131,4112	119,0488	114,8164	117,2455	49,3091	117,3801	76,2487	136,0314	105,3608	35,4495	0,0000	0,0000	0,0000	0,0000	0,0000	0,0000	0,0000	0,0000	0,0000	0,0000	1822,0061	5931,6363	15,5043	940,8972	1800,5272	7,5214	1,9200	1,9500	1,4700	3,6600	3,6600	300,0000	150,0000	1300,0000	175,0000	175,0000	2,0000	0,4000	0,2300	0,3000	0,1800	0,6000	0,6000	35,5077	-0,2561	51,1211	0,4395	0,5799	83,6133	26,3570	7896,2388	0,0000	0,0000	0,0000
116,0000	96,3469	47,1990	74,1308	27,5225	17,4803	23,1193	6,6136	7,1967	126,9959	136,4653	125,2207	151,1139	49,5636	115,3475	71,7554	144,6888	102,1807	31,8206	0,0000	0,0000	0,0000	0,0000	0,0000	0,0000	0,0000	0,0000	0,0000	0,0000	1890,9551	5803,0667	15,4093	884,0594	1943,4228	7,6585	1,9200	1,9500	1,4700	3,6600	3,6600	300,0000	150,0000	1300,0000	175,0000	175,0000	2,0000	0,4000	0,2300	0,3000	0,1800	0,6000	0,6000	12,0000	-5,1619	49,1479	0,5041	0,5703	83,6133	26,3570	7630,9319	0,0000	0,0000	0,0000
116,0000	90,7524	46,2869	70,1989	26,2811	16,4934	21,6302	6,4006	6,2041	114,9581	141,4027	144,2751	144,0374	47,1759	106,7242	70,6948	145,6583	96,1344	30,3779	0,0000	0,0000	0,0000	0,0000	0,0000	0,0000	0,0000	0,0000	0,0000	0,0000	1724,6798	4963,6794	13,8076	850,5596	2097,5308	7,8506	1,9200	1,9500	1,4700	3,6600	3,6600	300,0000	150,0000	1300,0000	175,0000	175,0000	2,0000	0,4000	0,2300	0,3000	0,1800	0,6000	0,6000	13,8254	-6,4047	44,4655	0,5147	0,5580	83,6133	26,3570	6907,6037	0,0000	0,0000	0,0000
116,0000	91,8834	45,3060	70,9141	30,9634	18,1634	26,3309	8,5439	10,3333	117,6817	122,4695	138,7383	112,6701	45,8422	116,8801	74,4813	146,3477	97,2922	34,0729	0,0000	0,0000	0,0000	0,0000	0,0000	0,0000	0,0000	0,0000	0,0000	0,0000	1604,0834	4817,2536	13,3823	895,1506	2039,9750	7,8299	1,9200	1,9500	1,4700	3,6600	3,6600	300,0000	150,0000	1300,0000	175,0000	175,0000	2,0000	0,4000	0,2300	0,3000	0,1800	0,6000	0,6000	38,6080	-1,2587	46,5774	0,4911	0,6078	83,6133	26,3570	8240,3958	0,0000	0,0000	0,0000
116,0000	97,8973	45,5792	75,1557	32,1709	23,5540	28,0579	8,7006	11,7461	132,2451	116,7265	115,7383	113,3225	48,5281	118,5035	76,1523	136,1047	103,8072	35,4600	0,0000	0,0000	0,0000	0,0000	0,0000	0,0000	0,0000	0,0000	0,0000	0,0000	1765,1975	5785,7747	15,1815	935,8320	1801,0472	7,5142	1,9200	1,9500	1,4700	3,6600	3,6600	300,0000	150,0000	1300,0000	175,0000	175,0000	2,0000	0,4000	0,2300	0,3000	0,1800	0,6000	0,6000	39,0000	-0,1148	52,3180	0,4405	0,5905	83,6133	26,3570	8117,1386	0,0000	0,0000	0,0000
116,0000	99,7743	47,5818	76,6704	32,1648	23,7635	28,0883	8,7039	11,4619	133,3819	117,6985	114,2824	114,6876	49,4977	118,5895	76,1355	135,3465	105,8150	35,4452	0,0000	0,0000	0,0000	0,0000	0,0000	0,0000	0,0000	0,0000	0,0000	0,0000	1835,5138	6004,1907	15,6413	937,7171	1777,8417	7,4802	1,9200	1,9500	1,4700	3,6600	3,6600	300,0000	150,0000	1300,0000	175,0000	175,0000	2,0000	0,4000	0,2300	0,3000	0,1800	0,6000	0,6000	39,0000	-0,1069	52,1925	0,4375	0,5826	83,6133	26,3570	8014,6519	0,0000	0,0000	0,0000
116,0000	99,1113	48,2336	76,0718	32,1871	21,0998	27,4362	8,2948	10,6180	130,8485	121,3060	115,0133	125,0471	49,1893	116,9688	76,3172	137,7818	105,0950	35,4673	0,0000	0,0000	0,0000	0,0000	0,0000	0,0000	0,0000	0,0000	0,0000	0,0000	1869,5884	5976,3248	15,6512	979,5952	1866,8023	7,6886	1,9200	1,9500	1,4700	3,6600	3,6600	300,0000	150,0000	1300,0000	175,0000	175,0000	2,0000	0,4000	0,2300	0,3000	0,1800	0,6000	0,6000	29,9305	-0,9236	50,8777	0,4461	0,5795	83,6133	26,3570	7862,4271	0,0000	0,0000	0,0000
116,0000	95,2178	46,8193	73,3088	26,8094	17,2788	22,3504	6,4677	6,5998	124,5031	139,0408	130,4454	149,6991	49,2135	113,7061	70,8924	145,1630	100,9468	31,0056	0,0000	0,0000	0,0000	0,0000	0,0000	0,0000	0,0000	0,0000	0,0000	0,0000	1869,8448	5628,2878	15,0973	861,1521	1968,8155	7,6624	1,9200	1,9500	1,4700	3,6600	3,6600	300,0000	150,0000	1300,0000	175,0000	175,0000	2,0000	0,4000	0,2300	0,3000	0,1800	0,6000	0,6000	12,0000	-5,7937	48,3985	0,5116	0,5672	83,6133	26,3570	7481,1449	0,0000	0,0000	0,0000
116,0000	90,3242	45,9715	70,0321	26,2820	16,3522	22,0335	6,7086	6,6296	114,4873	139,3511	145,0899	139,6139	46,9637	107,6635	70,7477	145,9042	95,6761	30,3723	0,0000	0,0000	0,0000	0,0000	0,0000	0,0000	0,0000	0,0000	0,0000	0,0000	1704,3101	4851,1759	13,5960	843,8983	2037,9518	7,7451	1,9200	1,9500	1,4700	3,6600	3,6600	300,0000	150,0000	1300,0000	175,0000	175,0000	2,0000	0,4000	0,2300	0,3000	0,1800	0,6000	0,6000	19,0106	-5,8251	44,3527	0,5151	0,5638	83,6133	26,3570	7041,1712	0,0000	0,0000	0,0000
116,0000	92,4965	45,6889	71,4028	31,7519	20,3175	27,2208	8,7042	11,1084	119,5664	119,3344	133,6218	109,7917	45,9326	117,8498	75,7594	144,9756	97,9884	34,9939	0,0000	0,0000	0,0000	0,0000	0,0000	0,0000	0,0000	0,0000	0,0000	0,0000	1599,1291	4928,6830	13,5519	926,3916	2039,3781	7,8787	1,9200	1,9500	1,4700	3,6600	3,6600	300,0000	150,0000	1300,0000	175,0000	175,0000	2,0000	0,4000	0,2300	0,3000	0,1800	0,6000	0,6000	39,0000	-0,5443	46,8075	0,4774	0,6102	83,6133	26,3570	8342,3912	0,0000	0,0000	0,0000
116,0000	98,5416	45,7163	75,6199	32,2221	23,7537	28,1294	8,6963	11,7228	133,4490	116,8347	114,8822	114,3768	48,8520	118,3148	76,2577	135,7667	104,4982	35,5192	0,0000	0,0000	0,0000	0,0000	0,0000	0,0000	0,0000	0,0000	0,0000	0,0000	1788,6029	5883,3547	15,3742	938,9215	1791,5792	7,5040	1,9200	1,9500	1,4700	3,6600	3,6600	300,0000	150,0000	1300,0000	175,0000	175,0000	2,0000	0,4000	0,2300	0,3000	0,1800	0,6000	0,6000	39,0000	-0,1096	52,8253	0,4383	0,5871	83,6133	26,3570	8057,6834	0,0000	0,0000	0,0000
116,0000	99,7650	47,8025	76,6889	32,1776	23,7694	28,0971	8,7036	11,4102	133,0168	117,9272	114,3929	114,8799	49,4968	118,3994	76,1837	135,4598	105,8037	35,4598	0,0000	0,0000	0,0000	0,0000	0,0000	0,0000	0,0000	0,0000	0,0000	0,0000	1835,5120	5993,8339	15,6248	938,9746	1780,6807	7,4867	1,9200	1,9500	1,4700	3,6600	3,6600	300,0000	150,0000	1300,0000	175,0000	175,0000	2,0000	0,4000	0,2300	0,3000	0,1800	0,6000	0,6000	39,0000	-0,1068	51,9625	0,4376	0,5820	83,6133	26,3570	7992,7121	0,0000	0,0000	0,0000
116,0000	98,9376	48,2303	75,6967	32,1981	19,5008	26,5000	7,8499	9,9018	130,2754	124,6809	115,2285	132,8013	49,1967	116,6793	76,3200	140,8115	104,9074	35,4798	0,0000	0,0000	0,0000	0,0000	0,0000	0,0000	0,0000	0,0000	0,0000	0,0000	1873,7191	6022,8363	15,7319	1019,6014	1930,0629	7,8531	1,9200	1,9500	1,4700	3,6600	3,6600	300,0000	150,0000	1300,0000	175,0000	175,0000	2,0000	0,4000	0,2300	0,3000	0,1800	0,6000	0,6000	24,3533	-1,8902	50,7073	0,4580	0,5784	83,6133	26,3570	7827,9868	0,0000	0,0000	0,0000
116,0000	93,6291	46,6432	72,1938	26,5422	17,2541	21,9704	6,3989	6,3148	120,9883	140,5635	136,5810	148,1691	48,5238	111,1957	70,7651	145,5103	99,2304	30,6990	0,0000	0,0000	0,0000	0,0000	0,0000	0,0000	0,0000	0,0000	0,0000	0,0000	1825,9661	5387,5378	14,6440	857,8296	2032,5974	7,7587	1,9200	1,9500	1,4700	3,6600	3,6600	300,0000	150,0000	1300,0000	175,0000	175,0000	2,0000	0,4000	0,2300	0,3000	0,1800	0,6000	0,6000	12,0000	-6,1445	46,9859	0,5137	0,5636	83,6133	26,3570	7269,9448	0,0000	0,0000	0,0000
116,0000	90,0599	45,4678	70,0573	26,3585	16,3515	22,9115	7,1927	7,4197	114,7777	135,6064	145,4247	132,6665	46,7716	110,3067	70,9107	146,2407	95,3952	30,4310	0,0000	0,0000	0,0000	0,0000	0,0000	0,0000	0,0000	0,0000	0,0000	0,0000	1662,8901	4740,3807	13,3536	798,6528	1956,4307	7,5432	1,9200	1,9500	1,4700	3,6600	3,6600	300,0000	150,0000	1300,0000	175,0000	175,0000	2,0000	0,4000	0,2300	0,3000	0,1800	0,6000	0,6000	24,5878	-4,7894	44,5922	0,5151	0,5760	83,6133	26,3570	7370,0704	0,0000	0,0000	0,0000
116,0000	94,0159	45,6574	72,4617	32,0377	21,7876	27,6576	8,7224	11,5378	123,3914	117,6562	126,7705	109,8275	46,6117	118,5177	76,1277	141,7948	99,6346	35,3206	0,0000	0,0000	0,0000	0,0000	0,0000	0,0000	0,0000	0,0000	0,0000	0,0000	1639,1547	5170,7755	14,0012	935,2468	1961,7987	7,7693	1,9200	1,9500	1,4700	3,6600	3,6600	300,0000	150,0000	1300,0000	175,0000	175,0000	2,0000	0,4000	0,2300	0,3000	0,1800	0,6000	0,6000	39,0000	-0,2644	48,3585	0,4631	0,6067	83,6133	26,3570	8341,0970	0,0000	0,0000	0,0000
116,0000	99,1704	46,2315	76,1089	32,2058	23,8027	28,1269	8,6972	11,6781	134,0798	116,9634	114,3825	114,5801	49,1734	118,6267	76,2013	135,4514	105,1721	35,4977	0,0000	0,0000	0,0000	0,0000	0,0000	0,0000	0,0000	0,0000	0,0000	0,0000	1811,8274	5962,1753	15,5367	938,2008	1782,3673	7,4882	1,9200	1,9500	1,4700	3,6600	3,6600	300,0000	150,0000	1300,0000	175,0000	175,0000	2,0000	0,4000	0,2300	0,3000	0,1800	0,6000	0,6000	39,0000	-0,1078	52,9389	0,4374	0,5855	83,6133	26,3570	8056,5883	0,0000	0,0000	0,0000
116,0000	99,7213	48,0188	76,6837	32,1731	23,7495	28,0895	8,7055	11,3476	132,5779	118,1576	114,4947	114,8945	49,4802	118,1556	76,1932	135,5887	105,7552	35,4536	0,0000	0,0000	0,0000	0,0000	0,0000	0,0000	0,0000	0,0000	0,0000	0,0000	1834,3528	5978,6665	15,5988	939,3592	1782,0006	7,4895	1,9200	1,9500	1,4700	3,6600	3,6600	300,0000	150,0000	1300,0000	175,0000	175,0000	2,0000	0,4000	0,2300	0,3000	0,1800	0,6000	0,6000	39,0000	-0,1068	51,7025	0,4381	0,5812	83,6133	26,3570	7966,3405	0,0000	0,0000	0,0000
116,0000	97,9588	48,2149	75,1760	30,4140	18,4884	25,3797	7,3739	9,0138	129,2081	128,7205	117,9882	140,6338	49,3881	116,3179	75,0219	142,9342	104,0336	34,9115	0,0000	0,0000	0,0000	0,0000	0,0000	0,0000	0,0000	0,0000	0,0000	0,0000	1847,5994	5987,1256	15,6334	975,7583	1976,4509	7,8571	1,9200	1,9500	1,4700	3,6600	3,6600	300,0000	150,0000	1300,0000	175,0000	175,0000	2,0000	0,4000	0,2300	0,3000	0,1800	0,6000	0,6000	18,7761	-3,0204	49,7440	0,4751	0,5754	83,6133	26,3570	7763,8540	0,0000	0,0000	0,0000
116,0000	92,2524	46,4782	71,2261	26,4203	17,2632	21,7709	6,3627	6,1972	118,0647	141,3928	140,6814	146,8094	47,8870	109,0445	70,7745	145,6689	97,7474	30,5531	0,0000	0,0000	0,0000	0,0000	0,0000	0,0000	0,0000	0,0000	0,0000	0,0000	1777,5946	5186,4636	14,2467	855,0559	2076,3973	7,8241	1,9200	1,9500	1,4700	3,6600	3,6600	300,0000	150,0000	1300,0000	175,0000	175,0000	2,0000	0,4000	0,2300	0,3000	0,1800	0,6000	0,6000	12,0000	-6,3420	45,7742	0,5141	0,5608	83,6133	26,3570	7094,2725	0,0000	0,0000	0,0000
116,0000	90,5095	45,0182	70,3160	28,0027	16,3835	24,0506	7,7099	8,3944	115,8120	131,0879	144,5527	125,2932	46,4098	113,3961	71,5112	146,3896	95,7314	30,8979	0,0000	0,0000	0,0000	0,0000	0,0000	0,0000	0,0000	0,0000	0,0000	0,0000	1637,6972	4716,9828	13,2762	788,5560	1935,8945	7,4944	1,9200	1,9500	1,4700	3,6600	3,6600	300,0000	150,0000	1300,0000	175,0000	175,0000	2,0000	0,4000	0,2300	0,3000	0,1800	0,6000	0,6000	30,1651	-3,5644	45,4913	0,5115	0,5907	83,6133	26,3570	7770,4165	0,0000	0,0000	0,0000
116,0000	95,8506	45,6544	73,7360	32,0791	22,7202	27,8455	8,7139	11,7196	127,5914	116,9061	120,6588	110,7054	47,5078	118,7992	76,0428	138,5440	101,6095	35,3589	0,0000	0,0000	0,0000	0,0000	0,0000	0,0000	0,0000	0,0000	0,0000	0,0000	1702,8971	5456,4111	14,5577	936,3358	1870,8598	7,6262	1,9200	1,9500	1,4700	3,6600	3,6600	300,0000	150,0000	1300,0000	175,0000	175,0000	2,0000	0,4000	0,2300	0,3000	0,1800	0,6000	0,6000	39,0000	-0,1624	50,1962	0,4511	0,6001	83,6133	26,3570	8269,8039	0,0000	0,0000	0,0000
116,0000	99,6260	46,8688	76,4910	32,1634	23,7762	28,0922	8,7001	11,6044	134,1362	117,2051	114,1311	114,4196	49,4113	118,8938	76,0961	135,2160	105,6594	35,4453	0,0000	0,0000	0,0000	0,0000	0,0000	0,0000	0,0000	0,0000	0,0000	0,0000	1829,0787	6008,4527	15,6379	936,2855	1775,1879	7,4737	1,9200	1,9500	1,4700	3,6600	3,6600	300,0000	150,0000	1300,0000	175,0000	175,0000	2,0000	0,4000	0,2300	0,3000	0,1800	0,6000	0,6000	39,0000	-0,1071	52,7572	0,4372	0,5844	83,6133	26,3570	8059,9764	0,0000	0,0000	0,0000
116,0000	99,5628	48,1760	76,5939	32,1661	23,7184	28,0778	8,7083	11,2670	131,9654	118,4379	114,6446	114,8749	49,4074	117,7655	76,2066	135,7638	105,5829	35,4441	0,0000	0,0000	0,0000	0,0000	0,0000	0,0000	0,0000	0,0000	0,0000	0,0000	1829,1006	5948,7497	15,5428	939,8309	1783,8609	7,4932	1,9200	1,9500	1,4700	3,6600	3,6600	300,0000	150,0000	1300,0000	175,0000	175,0000	2,0000	0,4000	0,2300	0,3000	0,1800	0,6000	0,6000	39,0000	-0,1068	51,3868	0,4387	0,5805	83,6133	26,3570	7929,5392	0,0000	0,0000	0,0000
116,0000	96,8975	47,9672	74,5903	28,5926	17,8395	24,1341	6,9085	8,0060	128,0217	133,1063	121,9500	148,0167	49,5190	115,8343	73,1479	144,0990	102,8065	33,0123	0,0000	0,0000	0,0000	0,0000	0,0000	0,0000	0,0000	0,0000	0,0000	0,0000	1873,8402	5886,2685	15,5146	918,0738	1960,6749	7,7401	1,9200	1,9500	1,4700	3,6600	3,6600	300,0000	150,0000	1300,0000	175,0000	175,0000	2,0000	0,4000	0,2300	0,3000	0,1800	0,6000	0,6000	13,1988	-4,2423	48,9303	0,4924	0,5725	83,6133	26,3570	7692,5697	0,0000	0,0000	0,0000
116,0000	91,2838	46,3712	70,5458	26,3311	16,7714	21,6391	6,3468	6,1507	116,0269	141,7228	143,0418	145,4831	47,4299	107,5319	70,7327	145,7229	96,7053	30,4419	0,0000	0,0000	0,0000	0,0000	0,0000	0,0000	0,0000	0,0000	0,0000	0,0000	1743,4735	5047,6758	13,9713	852,3300	2098,4194	7,8548	1,9200	1,9500	1,4700	3,6600	3,6600	300,0000	150,0000	1300,0000	175,0000	175,0000	2,0000	0,4000	0,2300	0,3000	0,1800	0,6000	0,6000	12,0271	-6,4534	44,9126	0,5146	0,5589	83,6133	26,3570	6971,8245	0,0000	0,0000	0,0000
116,0000	91,5276	44,8381	70,6458	29,8707	16,7070	25,2959	8,2062	9,4579	116,8603	126,2963	141,7887	117,9447	46,0556	115,6917	72,9918	146,4384	96,8429	32,7925	0,0000	0,0000	0,0000	0,0000	0,0000	0,0000	0,0000	0,0000	0,0000	0,0000	1623,6250	4761,6160	13,3248	849,4327	1984,4137	7,6686	1,9200	1,9500	1,4700	3,6600	3,6600	300,0000	150,0000	1300,0000	175,0000	175,0000	2,0000	0,4000	0,2300	0,3000	0,1800	0,6000	0,6000	35,7152	-2,2674	46,6896	0,5016	0,6019	83,6133	26,3570	8077,7844	0,0000	0,0000	0,0000
116,0000	97,2039	45,6158	74,6748	32,1114	23,2618	27,9646	8,7057	11,7593	130,6633	116,6904	117,1471	112,0448	48,1815	118,7082	76,0346	136,7168	103,0633	35,3915	0,0000	0,0000	0,0000	0,0000	0,0000	0,0000	0,0000	0,0000	0,0000	0,0000	1751,1995	5672,3141	14,9785	937,8357	1818,5913	7,5453	1,9200	1,9500	1,4700	3,6600	3,6600	300,0000	150,0000	1300,0000	175,0000	175,0000	2,0000	0,4000	0,2300	0,3000	0,1800	0,6000	0,6000	39,0000	-0,1262	51,5881	0,4439	0,5941	83,6133	26,3570	8181,0999	0,0000	0,0000	0,0000
116,0000	99,7859	47,3334	76,6518	32,1514	23,7581	28,0793	8,7029	11,5214	133,7774	117,4801	114,1540	114,4691	49,4993	118,7960	76,0833	135,2151	105,8290	35,4297	0,0000	0,0000	0,0000	0,0000	0,0000	0,0000	0,0000	0,0000	0,0000	0,0000	1835,5603	6015,2723	15,6591	936,3403	1774,7036	7,4730	1,9200	1,9500	1,4700	3,6600	3,6600	300,0000	150,0000	1300,0000	175,0000	175,0000	2,0000	0,4000	0,2300	0,3000	0,1800	0,6000	0,6000	39,0000	-0,1069	52,4525	0,4373	0,5833	83,6133	26,3570	8038,4139	0,0000	0,0000	0,0000
116,0000	99,3147	48,2386	76,3661	32,1736	22,8680	27,9229	8,5882	11,0543	131,3092	119,3092	114,8505	118,3319	49,2883	117,3065	76,2594	136,1816	105,3145	35,4519	0,0000	0,0000	0,0000	0,0000	0,0000	0,0000	0,0000	0,0000	0,0000	0,0000	1820,5083	5933,1597	15,5043	941,1555	1807,7171	7,5333	1,9200	1,9500	1,4700	3,6600	3,6600	300,0000	150,0000	1300,0000	175,0000	175,0000	2,0000	0,4000	0,2300	0,3000	0,1800	0,6000	0,6000	34,6216	-0,3333	51,0761	0,4400	0,5798	83,6133	26,3570	7890,1094	0,0000	0,0000	0,0000
116,0000	96,2178	47,1108	74,0317	27,3687	17,4317	22,9636	6,5813	7,0747	126,7214	136,9653	125,9333	151,0231	49,5434	115,1850	71,5524	144,7758	102,0375	31,6458	0,0000	0,0000	0,0000	0,0000	0,0000	0,0000	0,0000	0,0000	0,0000	0,0000	1888,2988	5783,1262	15,3733	877,8988	1943,5701	7,6489	1,9200	1,9500	1,4700	3,6600	3,6600	300,0000	150,0000	1300,0000	175,0000	175,0000	2,0000	0,4000	0,2300	0,3000	0,1800	0,6000	0,6000	12,0000	-5,2894	49,1070	0,5058	0,5699	83,6133	26,3570	7614,4329	0,0000	0,0000	0,0000
116,0000	90,6694	46,2565	70,1540	26,2758	16,4610	21,6579	6,4299	6,2400	114,8188	141,2199	144,4485	143,5971	47,1356	106,6959	70,6933	145,5788	96,0454	30,3706	0,0000	0,0000	0,0000	0,0000	0,0000	0,0000	0,0000	0,0000	0,0000	0,0000	1721,7174	4947,5702	13,7772	850,3856	2092,7651	7,8427	1,9200	1,9500	1,4700	3,6600	3,6600	300,0000	150,0000	1300,0000	175,0000	175,0000	2,0000	0,4000	0,2300	0,3000	0,1800	0,6000	0,6000	14,4811	-6,3559	44,4129	0,5144	0,5582	83,6133	26,3570	6909,0007	0,0000	0,0000	0,0000
116,0000	91,9367	45,4179	70,9659	31,1262	18,5053	26,5046	8,5874	10,4804	117,8705	121,8503	138,0681	111,9162	45,8208	117,0517	74,7384	146,2576	97,3580	34,2632	0,0000	0,0000	0,0000	0,0000	0,0000	0,0000	0,0000	0,0000	0,0000	0,0000	1594,8612	4828,6667	13,3858	898,4656	2045,8256	7,8445	1,9200	1,9500	1,4700	3,6600	3,6600	300,0000	150,0000	1300,0000	175,0000	175,0000	2,0000	0,4000	0,2300	0,3000	0,1800	0,6000	0,6000	38,8384	-1,1040	46,5188	0,4890	0,6085	83,6133	26,3570	8262,7851	0,0000	0,0000	0,0000
116,0000	98,0004	45,5782	75,2279	32,1823	23,5973	28,0734	8,6996	11,7420	132,4696	116,7447	115,5638	113,5416	48,5798	118,4649	76,1771	136,0392	103,9178	35,4732	0,0000	0,0000	0,0000	0,0000	0,0000	0,0000	0,0000	0,0000	0,0000	0,0000	1768,9329	5802,4615	15,2140	936,5245	1799,1690	7,5123	1,9200	1,9500	1,4700	3,6600	3,6600	300,0000	150,0000	1300,0000	175,0000	175,0000	2,0000	0,4000	0,2300	0,3000	0,1800	0,6000	0,6000	39,0000	-0,1136	52,4223	0,4400	0,5899	83,6133	26,3570	8106,6734	0,0000	0,0000	0,0000
116,0000	99,7678	47,6169	76,6699	32,1678	23,7653	28,0905	8,7038	11,4523	133,3123	117,7382	114,3051	114,7295	49,4950	118,5508	76,1462	135,3685	105,8078	35,4487	0,0000	0,0000	0,0000	0,0000	0,0000	0,0000	0,0000	0,0000	0,0000	0,0000	1835,3337	6001,7934	15,6372	937,9891	1778,4533	7,4816	1,9200	1,9500	1,4700	3,6600	3,6600	300,0000	150,0000	1300,0000	175,0000	175,0000	2,0000	0,4000	0,2300	0,3000	0,1800	0,6000	0,6000	39,0000	-0,1068	52,1508	0,4375	0,5825	83,6133	26,3570	8010,4700	0,0000	0,0000	0,0000
116,0000	99,0777	48,2312	76,0154	32,1893	20,8099	27,3109	8,2287	10,5163	130,7749	121,7822	115,0375	126,3438	49,1728	116,9142	76,3268	138,2153	105,0586	35,4699	0,0000	0,0000	0,0000	0,0000	0,0000	0,0000	0,0000	0,0000	0,0000	0,0000	1875,6320	5988,0404	15,6795	991,3937	1880,2089	7,7287	1,9200	1,9500	1,4700	3,6600	3,6600	300,0000	150,0000	1300,0000	175,0000	175,0000	2,0000	0,4000	0,2300	0,3000	0,1800	0,6000	0,6000	29,0444	-1,0618	50,8465	0,4478	0,5794	83,6133	26,3570	7858,0011	0,0000	0,0000	0,0000
116,0000	94,9766	46,7853	73,1386	26,7443	17,2663	22,2694	6,4531	6,5377	123,9622	139,3446	131,4071	149,4234	49,1151	113,3276	70,8362	145,2247	100,6856	30,9309	0,0000	0,0000	0,0000	0,0000	0,0000	0,0000	0,0000	0,0000	0,0000	0,0000	1861,9138	5591,1810	15,0256	858,9625	1977,3721	7,6726	1,9200	1,9500	1,4700	3,6600	3,6600	300,0000	150,0000	1300,0000	175,0000	175,0000	2,0000	0,4000	0,2300	0,3000	0,1800	0,6000	0,6000	12,0000	-5,8639	48,1914	0,5122	0,5666	83,6133	26,3570	7448,6394	0,0000	0,0000	0,0000
116,0000	90,2718	45,8973	70,0239	26,2884	16,3451	22,1457	6,7787	6,7364	114,4854	138,8447	145,1685	138,5898	46,9368	107,9837	70,7675	145,9648	95,6202	30,3786	0,0000	0,0000	0,0000	0,0000	0,0000	0,0000	0,0000	0,0000	0,0000	0,0000	1698,5277	4831,1421	13,5549	838,7339	2023,5642	7,7139	1,9200	1,9500	1,4700	3,6600	3,6600	300,0000	150,0000	1300,0000	175,0000	175,0000	2,0000	0,4000	0,2300	0,3000	0,1800	0,6000	0,6000	19,8967	-5,6818	44,3745	0,5152	0,5653	83,6133	26,3570	7081,4395	0,0000	0,0000	0,0000
116,0000	92,6777	45,6885	71,5314	31,8259	20,5905	27,3160	8,7115	11,1974	120,0562	118,9900	132,6069	109,6809	46,0039	117,9770	75,8742	144,5646	98,1865	35,0797	0,0000	0,0000	0,0000	0,0000	0,0000	0,0000	0,0000	0,0000	0,0000	0,0000	1604,7623	4958,5639	13,6085	930,2804	2031,1147	7,8718	1,9200	1,9500	1,4700	3,6600	3,6600	300,0000	150,0000	1300,0000	175,0000	175,0000	2,0000	0,4000	0,2300	0,3000	0,1800	0,6000	0,6000	39,0000	-0,4796	46,9891	0,4752	0,6101	83,6133	26,3570	8348,8747	0,0000	0,0000	0,0000
116,0000	98,6437	45,7744	75,6968	32,2238	23,7706	28,1336	8,6960	11,7177	133,5882	116,8513	114,7853	114,4608	48,9038	118,2842	76,2588	135,7176	104,6077	35,5208	0,0000	0,0000	0,0000	0,0000	0,0000	0,0000	0,0000	0,0000	0,0000	0,0000	1792,3434	5897,2275	15,4022	939,0401	1790,1662	7,5020	1,9200	1,9500	1,4700	3,6600	3,6600	300,0000	150,0000	1300,0000	175,0000	175,0000	2,0000	0,4000	0,2300	0,3000	0,1800	0,6000	0,6000	39,0000	-0,1092	52,8693	0,4381	0,5866	83,6133	26,3570	8048,1285	0,0000	0,0000	0,0000
116,0000	99,7631	47,8375	76,6916	32,1778	23,7680	28,0969	8,7037	11,4016	132,9578	117,9617	114,4069	114,8917	49,4965	118,3687	76,1869	135,4768	105,8014	35,4600	0,0000	0,0000	0,0000	0,0000	0,0000	0,0000	0,0000	0,0000	0,0000	0,0000	1835,5020	5992,1449	15,6221	939,0741	1780,9355	7,4873	1,9200	1,9500	1,4700	3,6600	3,6600	300,0000	150,0000	1300,0000	175,0000	175,0000	2,0000	0,4000	0,2300	0,3000	0,1800	0,6000	0,6000	39,0000	-0,1068	51,9256	0,4376	0,5818	83,6133	26,3570	7989,1685	0,0000	0,0000	0,0000
116,0000	98,9085	48,2295	75,6188	32,1870	19,3038	26,3301	7,7750	9,7712	130,1155	125,2870	115,4695	134,0216	49,2312	116,6310	76,2126	141,2403	104,8760	35,4813	0,0000	0,0000	0,0000	0,0000	0,0000	0,0000	0,0000	0,0000	0,0000	0,0000	1882,5597	6021,6046	15,7440	1024,4744	1938,8715	7,8749	1,9200	1,9500	1,4700	3,6600	3,6600	300,0000	150,0000	1300,0000	175,0000	175,0000	2,0000	0,4000	0,2300	0,3000	0,1800	0,6000	0,6000	23,4672	-2,0612	50,6790	0,4604	0,5779	83,6133	26,3570	7818,3786	0,0000	0,0000	0,0000
116,0000	93,3851	46,6098	72,0220	26,5186	17,2566	21,9311	6,3915	6,2882	120,4704	140,7323	137,4051	147,9527	48,4125	110,8162	70,7680	145,5479	98,9675	30,6712	0,0000	0,0000	0,0000	0,0000	0,0000	0,0000	0,0000	0,0000	0,0000	0,0000	1817,4291	5351,7071	14,5733	857,3162	2041,6149	7,7723	1,9200	1,9500	1,4700	3,6600	3,6600	300,0000	150,0000	1300,0000	175,0000	175,0000	2,0000	0,4000	0,2300	0,3000	0,1800	0,6000	0,6000	12,0000	-6,1839	46,7753	0,5138	0,5631	83,6133	26,3570	7238,8281	0,0000	0,0000	0,0000
116,0000	90,0345	45,3855	70,0839	26,4694	16,3565	23,0805	7,2748	7,5656	114,9025	134,9203	145,4034	131,5034	46,7261	110,8129	70,9575	146,2765	95,3679	30,4407	0,0000	0,0000	0,0000	0,0000	0,0000	0,0000	0,0000	0,0000	0,0000	0,0000	1652,0834	4730,1779	13,3201	788,9803	1948,2997	7,5148	1,9200	1,9500	1,4700	3,6600	3,6600	300,0000	150,0000	1300,0000	175,0000	175,0000	2,0000	0,4000	0,2300	0,3000	0,1800	0,6000	0,6000	25,4739	-4,6031	44,6490	0,5149	0,5783	83,6133	26,3570	7434,0661	0,0000	0,0000	0,0000
116,0000	94,3133	45,6546	72,6679	32,0527	21,9676	27,6981	8,7216	11,5803	124,0914	117,4845	125,6715	109,9305	46,7544	118,5901	76,1268	141,2246	99,9551	35,3365	0,0000	0,0000	0,0000	0,0000	0,0000	0,0000	0,0000	0,0000	0,0000	0,0000	1649,3179	5217,1149	14,0912	935,8448	1946,2966	7,7455	1,9200	1,9500	1,4700	3,6600	3,6600	300,0000	150,0000	1300,0000	175,0000	175,0000	2,0000	0,4000	0,2300	0,3000	0,1800	0,6000	0,6000	39,0000	-0,2405	48,6587	0,4610	0,6057	83,6133	26,3570	8332,9419	0,0000	0,0000	0,0000
116,0000	99,2599	46,3362	76,1815	32,1989	23,8008	28,1217	8,6976	11,6679	134,1250	116,9941	114,3245	114,5593	49,2197	118,6964	76,1829	135,4030	105,2679	35,4892	0,0000	0,0000	0,0000	0,0000	0,0000	0,0000	0,0000	0,0000	0,0000	0,0000	1815,1771	5972,1471	15,5579	937,8655	1780,9217	7,4854	1,9200	1,9500	1,4700	3,6600	3,6600	300,0000	150,0000	1300,0000	175,0000	175,0000	2,0000	0,4000	0,2300	0,3000	0,1800	0,6000	0,6000	39,0000	-0,1076	52,9236	0,4374	0,5853	83,6133	26,3570	8059,3051	0,0000	0,0000	0,0000
116,0000	99,7042	48,0496	76,6756	32,1716	23,7444	28,0873	8,7059	11,3355	132,4901	118,1997	114,5142	114,8879	49,4727	118,1026	76,1936	135,6136	105,7365	35,4516	0,0000	0,0000	0,0000	0,0000	0,0000	0,0000	0,0000	0,0000	0,0000	0,0000	1833,8106	5974,8908	15,5920	939,3961	1782,1945	7,4898	1,9200	1,9500	1,4700	3,6600	3,6600	300,0000	150,0000	1300,0000	175,0000	175,0000	2,0000	0,4000	0,2300	0,3000	0,1800	0,6000	0,6000	39,0000	-0,1068	51,6546	0,4382	0,5811	83,6133	26,3570	7961,0680	0,0000	0,0000	0,0000
116,0000	97,7368	48,2088	75,0860	30,0788	18,3665	25,1894	7,2986	8,8601	129,0236	129,4023	118,5920	141,8632	49,4123	116,2465	74,7345	143,1694	103,7753	34,5690	0,0000	0,0000	0,0000	0,0000	0,0000	0,0000	0,0000	0,0000	0,0000	0,0000	1857,1246	5975,1691	15,6295	967,4000	1978,4300	7,8470	1,9200	1,9500	1,4700	3,6600	3,6600	300,0000	150,0000	1300,0000	175,0000	175,0000	2,0000	0,4000	0,2300	0,3000	0,1800	0,6000	0,6000	17,8900	-3,2098	49,5280	0,4780	0,5749	83,6133	26,3570	7752,7692	0,0000	0,0000	0,0000
116,0000	92,0708	46,4570	71,0986	26,4048	17,1688	21,7467	6,3589	6,1865	117,6809	141,4764	141,1452	146,5936	47,8017	108,7604	70,7719	145,6818	97,5519	30,5341	0,0000	0,0000	0,0000	0,0000	0,0000	0,0000	0,0000	0,0000	0,0000	0,0000	1771,1945	5160,2721	14,1948	854,6453	2081,0904	7,8309	1,9200	1,9500	1,4700	3,6600	3,6600	300,0000	150,0000	1300,0000	175,0000	175,0000	2,0000	0,4000	0,2300	0,3000	0,1800	0,6000	0,6000	12,0000	-6,3642	45,6137	0,5142	0,5605	83,6133	26,3570	7071,2084	0,0000	0,0000	0,0000
116,0000	90,6786	44,9589	70,3671	28,3504	16,3877	24,2431	7,7908	8,5590	115,9907	130,3376	144,2195	124,1113	46,3480	113,8286	71,6957	146,4014	95,8967	31,1419	0,0000	0,0000	0,0000	0,0000	0,0000	0,0000	0,0000	0,0000	0,0000	0,0000	1643,3611	4720,3676	13,2906	799,4052	1939,0618	7,5167	1,9200	1,9500	1,4700	3,6600	3,6600	300,0000	150,0000	1300,0000	175,0000	175,0000	2,0000	0,4000	0,2300	0,3000	0,1800	0,6000	0,6000	31,0512	-3,3614	45,7197	0,5103	0,5928	83,6133	26,3570	7827,7501	0,0000	0,0000	0,0000
116,0000	96,1075	45,6545	73,9145	32,0817	22,8244	27,8660	8,7124	11,7328	128,1714	116,8443	119,9245	110,8901	47,6352	118,8049	76,0296	138,1505	101,8858	35,3607	0,0000	0,0000	0,0000	0,0000	0,0000	0,0000	0,0000	0,0000	0,0000	0,0000	1711,9951	5496,8808	14,6366	936,3698	1859,7150	7,6085	1,9200	1,9500	1,4700	3,6600	3,6600	300,0000	150,0000	1300,0000	175,0000	175,0000	2,0000	0,4000	0,2300	0,3000	0,1800	0,6000	0,6000	39,0000	-0,1539	50,4531	0,4497	0,5990	83,6133	26,3570	8255,6857	0,0000	0,0000	0,0000
116,0000	99,6700	46,9571	76,5309	32,1589	23,7716	28,0881	8,7005	11,5911	134,0989	117,2486	114,1186	114,4075	49,4348	118,8980	76,0867	135,2001	105,7063	35,4397	0,0000	0,0000	0,0000	0,0000	0,0000	0,0000	0,0000	0,0000	0,0000	0,0000	1830,7974	6011,8421	15,6460	936,1365	1774,6561	7,4726	1,9200	1,9500	1,4700	3,6600	3,6600	300,0000	150,0000	1300,0000	175,0000	175,0000	2,0000	0,4000	0,2300	0,3000	0,1800	0,6000	0,6000	39,0000	-0,1071	52,7129	0,4372	0,5842	83,6133	26,3570	8057,7366	0,0000	0,0000	0,0000
116,0000	99,5268	48,1929	76,5712	32,1663	23,7144	28,0769	8,7088	11,2539	131,8589	118,4811	114,6750	114,8822	49,3903	117,6932	76,2125	135,7948	105,5439	35,4440	0,0000	0,0000	0,0000	0,0000	0,0000	0,0000	0,0000	0,0000	0,0000	0,0000	1827,8678	5942,7473	15,5313	939,9878	1784,3558	7,4942	1,9200	1,9500	1,4700	3,6600	3,6600	300,0000	150,0000	1300,0000	175,0000	175,0000	2,0000	0,4000	0,2300	0,3000	0,1800	0,6000	0,6000	39,0000	-0,1068	51,3339	0,4388	0,5803	83,6133	26,3570	7923,1382	0,0000	0,0000	0,0000
116,0000	96,7833	47,7699	74,4961	28,3588	17,7589	23,9266	6,8367	7,8382	127,8355	133,8144	122,5738	149,0849	49,5350	115,7538	72,8561	144,2287	102,6756	32,7562	0,0000	0,0000	0,0000	0,0000	0,0000	0,0000	0,0000	0,0000	0,0000	0,0000	1884,2245	5869,5337	15,5045	913,3678	1956,3638	7,7258	1,9200	1,9500	1,4700	3,6600	3,6600	300,0000	150,0000	1300,0000	175,0000	175,0000	2,0000	0,4000	0,2300	0,3000	0,1800	0,6000	0,6000	12,3127	-4,4420	49,0134	0,4949	0,5721	83,6133	26,3570	7681,3791	0,0000	0,0000	0,0000
116,0000	91,1647	46,3568	70,4626	26,3190	16,7090	21,6235	6,3471	6,1482	115,7792	141,7292	143,3162	145,2759	47,3733	107,3469	70,7229	145,7283	96,5772	30,4266	0,0000	0,0000	0,0000	0,0000	0,0000	0,0000	0,0000	0,0000	0,0000	0,0000	1739,2750	5030,6258	13,9375	851,9040	2100,5436	7,8575	1,9200	1,9500	1,4700	3,6600	3,6600	300,0000	150,0000	1300,0000	175,0000	175,0000	2,0000	0,4000	0,2300	0,3000	0,1800	0,6000	0,6000	12,1512	-6,4635	44,8078	0,5147	0,5587	83,6133	26,3570	6956,9399	0,0000	0,0000	0,0000
116,0000	91,6199	44,8886	70,6971	30,1062	16,9045	25,4986	8,2805	9,6301	117,0090	125,5317	141,2555	116,8219	46,0062	115,9578	73,2725	146,4429	96,9579	33,0697	0,0000	0,0000	0,0000	0,0000	0,0000	0,0000	0,0000	0,0000	0,0000	0,0000	1623,5569	4771,7200	13,3408	861,2006	1996,1202	7,7060	1,9200	1,9500	1,4700	3,6600	3,6600	300,0000	150,0000	1300,0000	175,0000	175,0000	2,0000	0,4000	0,2300	0,3000	0,1800	0,6000	0,6000	36,4772	-2,0606	46,7313	0,4997	0,6033	83,6133	26,3570	8114,3885	0,0000	0,0000	0,0000
116,0000	97,3584	45,6075	74,7817	32,1207	23,3264	27,9825	8,7046	11,7580	131,0190	116,6883	116,7993	112,2855	48,2587	118,6694	76,0501	136,5521	103,2290	35,4020	0,0000	0,0000	0,0000	0,0000	0,0000	0,0000	0,0000	0,0000	0,0000	0,0000	1756,7780	5697,5639	15,0276	938,3828	1813,8097	7,5386	1,9200	1,9500	1,4700	3,6600	3,6600	300,0000	150,0000	1300,0000	175,0000	175,0000	2,0000	0,4000	0,2300	0,3000	0,1800	0,6000	0,6000	39,0000	-0,1233	51,7509	0,4431	0,5933	83,6133	26,3570	8167,6402	0,0000	0,0000	0,0000
116,0000	99,7873	47,3864	76,6586	32,1527	23,7577	28,0799	8,7031	11,5085	133,6983	117,5239	114,1753	114,5022	49,5010	118,7567	76,0905	135,2341	105,8302	35,4312	0,0000	0,0000	0,0000	0,0000	0,0000	0,0000	0,0000	0,0000	0,0000	0,0000	1835,6962	6013,4795	15,6564	936,5456	1775,1610	7,4741	1,9200	1,9500	1,4700	3,6600	3,6600	300,0000	150,0000	1300,0000	175,0000	175,0000	2,0000	0,4000	0,2300	0,3000	0,1800	0,6000	0,6000	39,0000	-0,1069	52,4009	0,4373	0,5832	83,6133	26,3570	8033,6633	0,0000	0,0000	0,0000
116,0000	99,2713	48,2387	76,3113	32,1759	22,5042	27,8549	8,5419	10,9866	131,2091	119,6110	114,8844	119,5138	49,2672	117,2335	76,2705	136,3827	105,2676	35,4545	0,0000	0,0000	0,0000	0,0000	0,0000	0,0000	0,0000	0,0000	0,0000	0,0000	1818,9876	5936,3027	15,5069	941,4237	1815,9961	7,5469	1,9200	1,9500	1,4700	3,6600	3,6600	300,0000	150,0000	1300,0000	175,0000	175,0000	2,0000	0,4000	0,2300	0,3000	0,1800	0,6000	0,6000	33,7355	-0,4231	51,0325	0,4408	0,5798	83,6133	26,3570	7884,0929	0,0000	0,0000	0,0000
116,0000	96,0683	47,0343	73,9200	27,2317	17,3899	22,8213	6,5534	6,9635	126,3974	137,4271	126,6940	150,8460	49,5086	114,9825	71,3762	144,8579	101,8729	31,4896	0,0000	0,0000	0,0000	0,0000	0,0000	0,0000	0,0000	0,0000	0,0000	0,0000	1884,6658	5760,0214	15,3307	872,4848	1945,4297	7,6432	1,9200	1,9500	1,4700	3,6600	3,6600	300,0000	150,0000	1300,0000	175,0000	175,0000	2,0000	0,4000	0,2300	0,3000	0,1800	0,6000	0,6000	12,0000	-5,4051	49,0340	0,5073	0,5694	83,6133	26,3570	7594,9647	0,0000	0,0000	0,0000
116,0000	90,5916	46,2180	70,1159	26,2728	16,4297	21,6986	6,4668	6,2875	114,7040	140,9848	144,6031	143,0694	47,0975	106,7961	70,6962	145,6006	95,9620	30,3661	0,0000	0,0000	0,0000	0,0000	0,0000	0,0000	0,0000	0,0000	0,0000	0,0000	1718,9233	4930,9684	13,7463	850,3147	2086,4313	7,8325	1,9200	1,9500	1,4700	3,6600	3,6600	300,0000	150,0000	1300,0000	175,0000	175,0000	2,0000	0,4000	0,2300	0,3000	0,1800	0,6000	0,6000	15,2372	-6,2907	44,3737	0,5145	0,5590	83,6133	26,3570	6925,0331	0,0000	0,0000	0,0000
116,0000	91,9995	45,5023	71,0233	31,2747	18,8608	26,6673	8,6235	10,6192	118,0901	121,2755	137,3511	111,2661	45,8104	117,2147	74,9786	146,1264	97,4331	34,4369	0,0000	0,0000	0,0000	0,0000	0,0000	0,0000	0,0000	0,0000	0,0000	0,0000	1595,6905	4841,5465	13,4077	906,3871	2049,5093	7,8630	1,9200	1,9500	1,4700	3,6600	3,6600	300,0000	150,0000	1300,0000	175,0000	175,0000	2,0000	0,4000	0,2300	0,3000	0,1800	0,6000	0,6000	38,9684	-0,9648	46,4972	0,4869	0,6092	83,6133	26,3570	8282,8955	0,0000	0,0000	0,0000
116,0000	98,1012	45,5837	75,2991	32,1928	23,6367	28,0876	8,6986	11,7381	132,6797	116,7634	115,4069	113,7442	48,6304	118,4298	76,1999	135,9807	104,0259	35,4854	0,0000	0,0000	0,0000	0,0000	0,0000	0,0000	0,0000	0,0000	0,0000	0,0000	1772,5853	5818,4583	15,2453	937,1616	1797,5051	7,5106	1,9200	1,9500	1,4700	3,6600	3,6600	300,0000	150,0000	1300,0000	175,0000	175,0000	2,0000	0,4000	0,2300	0,3000	0,1800	0,6000	0,6000	39,0000	-0,1125	52,5175	0,4396	0,5894	83,6133	26,3570	8096,7371	0,0000	0,0000	0,0000
116,0000	99,7628	47,6512	76,6704	32,1705	23,7669	28,0924	8,7037	11,4433	133,2477	117,7767	114,3254	114,7678	49,4932	118,5155	76,1559	135,3882	105,8023	35,4518	0,0000	0,0000	0,0000	0,0000	0,0000	0,0000	0,0000	0,0000	0,0000	0,0000	1835,2107	5999,6721	15,6337	938,2370	1779,0046	7,4829	1,9200	1,9500	1,4700	3,6600	3,6600	300,0000	150,0000	1300,0000	175,0000	175,0000	2,0000	0,4000	0,2300	0,3000	0,1800	0,6000	0,6000	39,0000	-0,1068	52,1116	0,4375	0,5824	83,6133	26,3570	8006,5889	0,0000	0,0000	0,0000
116,0000	99,0467	48,2293	75,9604	32,1913	20,5338	27,1760	8,1601	10,4096	130,7065	122,2843	115,0591	127,6201	49,1577	116,8637	76,3355	138,6805	105,0252	35,4721	0,0000	0,0000	0,0000	0,0000	0,0000	0,0000	0,0000	0,0000	0,0000	0,0000	1881,1041	5998,5513	15,7050	1002,0230	1892,0213	7,7645	1,9200	1,9500	1,4700	3,6600	3,6600	300,0000	150,0000	1300,0000	175,0000	175,0000	2,0000	0,4000	0,2300	0,3000	0,1800	0,6000	0,6000	28,1583	-1,2066	50,8174	0,4496	0,5794	83,6133	26,3570	7853,8922	0,0000	0,0000	0,0000
116,0000	94,7256	46,7566	72,9623	26,6899	17,2580	22,1976	6,4400	6,4828	123,3978	139,6248	132,3910	149,1609	49,0094	112,9295	70,7977	145,2839	100,4141	30,8683	0,0000	0,0000	0,0000	0,0000	0,0000	0,0000	0,0000	0,0000	0,0000	0,0000	1853,5103	5552,6841	14,9509	857,2389	1986,8821	7,6850	1,9200	1,9500	1,4700	3,6600	3,6600	300,0000	150,0000	1300,0000	175,0000	175,0000	2,0000	0,4000	0,2300	0,3000	0,1800	0,6000	0,6000	12,0000	-5,9278	47,9690	0,5127	0,5660	83,6133	26,3570	7414,7275	0,0000	0,0000	0,0000
116,0000	90,2231	45,8191	70,0190	26,2961	16,3413	22,2694	6,8522	6,8514	114,4981	138,3000	145,2371	137,5175	46,9115	108,3499	70,7897	146,0225	95,5683	30,3865	0,0000	0,0000	0,0000	0,0000	0,0000	0,0000	0,0000	0,0000	0,0000	0,0000	1691,9964	4811,2360	13,5128	832,3736	2009,0628	7,6807	1,9200	1,9500	1,4700	3,6600	3,6600	300,0000	150,0000	1300,0000	175,0000	175,0000	2,0000	0,4000	0,2300	0,3000	0,1800	0,6000	0,6000	20,7828	-5,5289	44,4040	0,5152	0,5670	83,6133	26,3570	7126,8557	0,0000	0,0000	0,0000
116,0000	92,8854	45,6899	71,6773	31,8875	20,8475	27,4000	8,7165	11,2780	120,6027	118,6786	131,5488	109,6273	46,0913	118,0967	75,9647	144,1070	98,4124	35,1508	0,0000	0,0000	0,0000	0,0000	0,0000	0,0000	0,0000	0,0000	0,0000	0,0000	1611,4099	4992,1950	13,6726	933,4701	2020,9480	7,8606	1,9200	1,9500	1,4700	3,6600	3,6600	300,0000	150,0000	1300,0000	175,0000	175,0000	2,0000	0,4000	0,2300	0,3000	0,1800	0,6000	0,6000	39,0000	-0,4242	47,1955	0,4729	0,6097	83,6133	26,3570	8352,6220	0,0000	0,0000	0,0000
116,0000	98,7459	45,8424	75,7748	32,2235	23,7836	28,1357	8,6959	11,7118	133,7127	116,8690	114,6952	114,5218	48,9558	118,2511	76,2552	135,6673	104,7173	35,5202	0,0000	0,0000	0,0000	0,0000	0,0000	0,0000	0,0000	0,0000	0,0000	0,0000	1796,1000	5910,6837	15,4296	939,0516	1788,7133	7,4997	1,9200	1,9500	1,4700	3,6600	3,6600	300,0000	150,0000	1300,0000	175,0000	175,0000	2,0000	0,4000	0,2300	0,3000	0,1800	0,6000	0,6000	39,0000	-0,1088	52,9035	0,4379	0,5860	83,6133	26,3570	8038,2466	0,0000	0,0000	0,0000
116,0000	99,7597	47,8726	76,6932	32,1775	23,7658	28,0962	8,7038	11,3926	132,8952	117,9968	114,4210	114,8987	49,4956	118,3353	76,1892	135,4947	105,7975	35,4595	0,0000	0,0000	0,0000	0,0000	0,0000	0,0000	0,0000	0,0000	0,0000	0,0000	1835,4406	5990,2327	15,6190	939,1508	1781,1525	7,4878	1,9200	1,9500	1,4700	3,6600	3,6600	300,0000	150,0000	1300,0000	175,0000	175,0000	2,0000	0,4000	0,2300	0,3000	0,1800	0,6000	0,6000	39,0000	-0,1068	51,8871	0,4377	0,5817	83,6133	26,3570	7985,4074	0,0000	0,0000	0,0000
116,0000	98,8771	48,2283	75,5390	32,0300	19,1230	26,1575	7,6994	9,6363	129,9523	125,9088	115,8105	135,2619	49,2641	116,5794	76,0542	141,6293	104,8421	35,4827	0,0000	0,0000	0,0000	0,0000	0,0000	0,0000	0,0000	0,0000	0,0000	0,0000	1891,4946	6018,6963	15,7536	1028,2336	1947,8139	7,8951	1,9200	1,9500	1,4700	3,6600	3,6600	300,0000	150,0000	1300,0000	175,0000	175,0000	2,0000	0,4000	0,2300	0,3000	0,1800	0,6000	0,6000	22,5811	-2,2359	50,6489	0,4630	0,5774	83,6133	26,3570	7808,5722	0,0000	0,0000	0,0000
116,0000	93,1495	46,5793	71,8561	26,4972	17,2596	21,8953	6,3847	6,2652	119,9698	140,8872	138,1516	147,7359	48,3043	110,4486	70,7715	145,5797	98,7137	30,6461	0,0000	0,0000	0,0000	0,0000	0,0000	0,0000	0,0000	0,0000	0,0000	0,0000	1809,1655	5317,2066	14,5052	856,8603	2049,8783	7,7847	1,9200	1,9500	1,4700	3,6600	3,6600	300,0000	150,0000	1300,0000	175,0000	175,0000	2,0000	0,4000	0,2300	0,3000	0,1800	0,6000	0,6000	12,0000	-6,2198	46,5701	0,5139	0,5627	83,6133	26,3570	7208,7431	0,0000	0,0000	0,0000
116,0000	90,0451	45,3093	70,1166	26,6535	16,3618	23,2551	7,3573	7,7154	115,0455	134,2199	145,3450	130,3357	46,6760	111,3231	71,0178	146,3065	95,3479	30,4497	0,0000	0,0000	0,0000	0,0000	0,0000	0,0000	0,0000	0,0000	0,0000	0,0000	1641,3925	4722,5500	13,2909	780,1670	1942,1378	7,4910	1,9200	1,9500	1,4700	3,6600	3,6600	300,0000	150,0000	1300,0000	175,0000	175,0000	2,0000	0,4000	0,2300	0,3000	0,1800	0,6000	0,6000	26,3600	-4,4129	44,7358	0,5146	0,5807	83,6133	26,3570	7499,0602	0,0000	0,0000	0,0000
116,0000	94,6145	45,6535	72,8767	32,0626	22,1381	27,7335	8,7204	11,6172	124,7912	117,3355	124,6055	110,0491	46,9004	118,6529	76,1166	140,6622	100,2796	35,3463	0,0000	0,0000	0,0000	0,0000	0,0000	0,0000	0,0000	0,0000	0,0000	0,0000	1659,6900	5264,0012	14,1824	936,1676	1930,6091	7,7211	1,9200	1,9500	1,4700	3,6600	3,6600	300,0000	150,0000	1300,0000	175,0000	175,0000	2,0000	0,4000	0,2300	0,3000	0,1800	0,6000	0,6000	39,0000	-0,2201	48,9610	0,4589	0,6047	83,6133	26,3570	8323,2891	0,0000	0,0000	0,0000
116,0000	99,3443	46,4428	76,2508	32,1915	23,7973	28,1159	8,6980	11,6571	134,1565	117,0287	114,2718	114,5311	49,2635	118,7565	76,1637	135,3565	105,3583	35,4800	0,0000	0,0000	0,0000	0,0000	0,0000	0,0000	0,0000	0,0000	0,0000	0,0000	1818,3518	5981,2604	15,5775	937,5089	1779,5266	7,4826	1,9200	1,9500	1,4700	3,6600	3,6600	300,0000	150,0000	1300,0000	175,0000	175,0000	2,0000	0,4000	0,2300	0,3000	0,1800	0,6000	0,6000	39,0000	-0,1075	52,9015	0,4373	0,5852	83,6133	26,3570	8061,1937	0,0000	0,0000	0,0000
116,0000	99,6842	48,0787	76,6653	32,1699	23,7392	28,0850	8,7063	11,3230	132,3982	118,2438	114,5346	114,8806	49,4637	118,0460	76,1941	135,6394	105,7146	35,4494	0,0000	0,0000	0,0000	0,0000	0,0000	0,0000	0,0000	0,0000	0,0000	0,0000	1833,1636	5970,7456	15,5843	939,4358	1782,3988	7,4902	1,9200	1,9500	1,4700	3,6600	3,6600	300,0000	150,0000	1300,0000	175,0000	175,0000	2,0000	0,4000	0,2300	0,3000	0,1800	0,6000	0,6000	39,0000	-0,1068	51,6054	0,4383	0,5810	83,6133	26,3570	7955,5459	0,0000	0,0000	0,0000
116,0000	97,5387	48,2018	74,9945	29,7629	18,2525	24,9958	7,2237	8,7038	128,8364	130,0918	119,2133	143,0750	49,4350	116,1723	74,4390	143,3826	103,5459	34,2474	0,0000	0,0000	0,0000	0,0000	0,0000	0,0000	0,0000	0,0000	0,0000	0,0000	1855,5244	5961,4983	15,6052	954,8931	1978,0600	7,8265	1,9200	1,9500	1,4700	3,6600	3,6600	300,0000	150,0000	1300,0000	175,0000	175,0000	2,0000	0,4000	0,2300	0,3000	0,1800	0,6000	0,6000	17,0039	-3,4011	49,3369	0,4808	0,5745	83,6133	26,3570	7741,5225	0,0000	0,0000	0,0000
116,0000	91,8998	46,4372	70,9785	26,3896	17,0861	21,7240	6,3557	6,1772	117,3202	141,5479	141,5714	146,3798	47,7213	108,4931	70,7669	145,6922	97,3680	30,5152	0,0000	0,0000	0,0000	0,0000	0,0000	0,0000	0,0000	0,0000	0,0000	0,0000	1765,1704	5135,7010	14,1461	854,2108	2085,0968	7,8366	1,9200	1,9500	1,4700	3,6600	3,6600	300,0000	150,0000	1300,0000	175,0000	175,0000	2,0000	0,4000	0,2300	0,3000	0,1800	0,6000	0,6000	12,0000	-6,3845	45,4627	0,5143	0,5601	83,6133	26,3570	7049,5355	0,0000	0,0000	0,0000
116,0000	90,8598	44,9029	70,4188	28,6768	16,3915	24,4377	7,8710	8,7255	116,1647	129,5821	143,8353	122,9294	46,2885	114,2368	71,9041	146,4107	96,0785	31,4245	0,0000	0,0000	0,0000	0,0000	0,0000	0,0000	0,0000	0,0000	0,0000	0,0000	1641,3480	4725,3345	13,2953	807,8258	1944,0919	7,5381	1,9200	1,9500	1,4700	3,6600	3,6600	300,0000	150,0000	1300,0000	175,0000	175,0000	2,0000	0,4000	0,2300	0,3000	0,1800	0,6000	0,6000	31,9373	-3,1569	45,9569	0,5089	0,5948	83,6133	26,3570	7881,9947	0,0000	0,0000	0,0000
116,0000	96,3493	45,6489	74,0823	32,0847	22,9251	27,8856	8,7109	11,7429	128,7179	116,7944	119,2641	111,0885	47,7554	118,8020	76,0200	137,7988	102,1456	35,3632	0,0000	0,0000	0,0000	0,0000	0,0000	0,0000	0,0000	0,0000	0,0000	0,0000	1720,5869	5535,1698	14,7113	936,4564	1849,5604	7,5924	1,9200	1,9500	1,4700	3,6600	3,6600	300,0000	150,0000	1300,0000	175,0000	175,0000	2,0000	0,4000	0,2300	0,3000	0,1800	0,6000	0,6000	39,0000	-0,1466	50,7004	0,4483	0,5980	83,6133	26,3570	8241,4050	0,0000	0,0000	0,0000
