HR	AOPmax	AOPmin	AOPmean	PAPmax	PAPmin	PAPmean	PRAmean	WedgeP	QLV	Qsist	QRV	Qpulm	LVes	LVed	RVes	RVed	Plvmax	Prvmax	QVADmax	QVADmin	QVADmean	QECMO	P1mean	P2mean	P3mean	Qventing	Qinflow1	Qinflow2	PELeftV	SWLeftV	MVO2LeftV	PERightV	SWRightV	MVO2RightV	RupAbr	RkidAbr	RsplAbr	RllAbr	RrlAbr	V0upbr	V0kidbr	V0spbr	V0llbr	V0rlbr	Emaxl	Emaxr	RupVbr	RkidVbr	RspVbr	RllVbr	RrlVbr	Paw	Ppleural	PP	RV EF 	LV EF 	Ccw linear	Cl linear	CO	ECMOflowma	ECMOlfowmi	ECMOvol
116,0000	97,3801	46,6997	74,9593	33,3065	24,8406	29,2386	8,9700	11,3040	129,2603	116,1014	112,5707	111,9090	48,1027	115,0595	78,4738	137,0778	103,2322	36,4918	0,0000	0,0000	0,0000	0,0000	0,0000	0,0000	0,0000	0,0000	0,0000	0,0000	1744,6344	5669,0405	14,9628	999,0835	1793,1806	7,6024	1,9200	1,9500	1,4700	3,6600	3,6600	300,0000	150,0000	1300,0000	175,0000	175,0000	2,0000	0,4000	0,2300	0,3000	0,1800	0,6000	0,6000	43,0000	0,4877	50,6805	0,4275	0,5819	85,8219	23,9410	7766,9950	0,0000	0,0000	0,0000
116,0000	96,7082	47,4048	74,5794	33,4324	24,9013	29,3365	8,9798	10,9963	126,6515	117,0551	113,3003	112,7894	47,7818	113,3873	78,9101	137,9284	102,5042	36,6264	0,0000	0,0000	0,0000	0,0000	0,0000	0,0000	0,0000	0,0000	0,0000	0,0000	1722,1367	5543,4742	14,7270	1010,2298	1813,3818	7,6523	1,9200	1,9500	1,4700	3,6600	3,6600	300,0000	150,0000	1300,0000	175,0000	175,0000	2,0000	0,4000	0,2300	0,3000	0,1800	0,6000	0,6000	43,0000	0,4877	49,3034	0,4279	0,5786	85,8219	23,9410	7610,2335	0,0000	0,0000	0,0000
116,0000	94,3962	47,1683	72,7519	31,0899	19,1832	26,2180	7,5208	8,4907	123,2516	128,3227	118,1146	145,3978	47,6373	111,4816	77,2702	145,4506	100,1677	35,5610	0,0000	0,0000	0,0000	0,0000	0,0000	0,0000	0,0000	0,0000	0,0000	0,0000	1726,9260	5520,1459	14,6975	1022,6341	2017,0479	7,9964	1,9200	1,9500	1,4700	3,6600	3,6600	300,0000	150,0000	1300,0000	175,0000	175,0000	2,0000	0,4000	0,2300	0,3000	0,1800	0,6000	0,6000	19,7664	-2,7553	47,2279	0,4688	0,5727	85,8219	23,9410	7405,9419	0,0000	0,0000	0,0000
116,0000	88,8873	45,3497	68,9726	27,2266	17,9083	22,8337	6,9322	6,3931	112,1740	137,7886	142,7377	146,7064	45,9970	104,1031	72,1856	146,1237	94,1212	31,4019	0,0000	0,0000	0,0000	0,0000	0,0000	0,0000	0,0000	0,0000	0,0000	0,0000	1640,0009	4692,4298	13,2407	881,3823	2084,9726	7,8797	1,9200	1,9500	1,4700	3,6600	3,6600	300,0000	150,0000	1300,0000	175,0000	175,0000	2,0000	0,4000	0,2300	0,3000	0,1800	0,6000	0,6000	20,0183	-5,1704	43,5376	0,5060	0,5582	85,8219	23,9410	6740,3085	0,0000	0,0000	0,0000
116,0000	89,6460	45,1450	69,4173	32,4225	20,5332	27,8654	8,9678	10,8683	113,8063	118,4684	133,9841	105,7062	44,3384	114,3225	76,9274	146,3311	94,9095	35,5423	0,0000	0,0000	0,0000	0,0000	0,0000	0,0000	0,0000	0,0000	0,0000	0,0000	1489,6156	4535,0552	12,7506	952,2323	2061,8954	7,9557	1,9200	1,9500	1,4700	3,6600	3,6600	300,0000	150,0000	1300,0000	175,0000	175,0000	2,0000	0,4000	0,2300	0,3000	0,1800	0,6000	0,6000	43,0000	0,0078	44,5010	0,4743	0,6122	85,8219	23,9410	8118,1541	0,0000	0,0000	0,0000
116,0000	96,1423	44,7708	73,8997	33,2213	24,6653	29,1446	8,9563	11,5962	129,4124	115,4534	113,1236	110,8436	47,4612	114,9430	78,2306	136,8286	101,9092	36,4117	0,0000	0,0000	0,0000	0,0000	0,0000	0,0000	0,0000	0,0000	0,0000	0,0000	1698,8983	5551,7151	14,7031	991,3491	1797,7098	7,5973	1,9200	1,9500	1,4700	3,6600	3,6600	300,0000	150,0000	1300,0000	175,0000	175,0000	2,0000	0,4000	0,2300	0,3000	0,1800	0,6000	0,6000	43,0000	0,4857	51,3715	0,4283	0,5871	85,8219	23,9410	7827,8862	0,0000	0,0000	0,0000
116,0000	97,5197	46,9863	75,0861	33,3345	24,8797	29,2652	8,9654	11,2813	129,1375	116,3263	112,5746	112,1897	48,1738	115,0670	78,5461	137,1156	103,3814	36,5236	0,0000	0,0000	0,0000	0,0000	0,0000	0,0000	0,0000	0,0000	0,0000	0,0000	1749,7683	5677,9314	14,9851	1000,9581	1795,4566	7,6090	1,9200	1,9500	1,4700	3,6600	3,6600	300,0000	150,0000	1300,0000	175,0000	175,0000	2,0000	0,4000	0,2300	0,3000	0,1800	0,6000	0,6000	43,0000	0,4877	50,5334	0,4272	0,5813	85,8219	23,9410	7759,6123	0,0000	0,0000	0,0000
116,0000	96,6728	47,4537	74,5611	33,4419	24,9120	29,3449	8,9761	10,9798	126,4925	117,2301	113,3116	112,8700	47,7652	113,2882	78,9414	137,9486	102,4656	36,6368	0,0000	0,0000	0,0000	0,0000	0,0000	0,0000	0,0000	0,0000	0,0000	0,0000	1720,9863	5536,0913	14,7134	1011,0076	1814,4050	7,6552	1,9200	1,9500	1,4700	3,6600	3,6600	300,0000	150,0000	1300,0000	175,0000	175,0000	2,0000	0,4000	0,2300	0,3000	0,1800	0,6000	0,6000	42,7761	0,4872	49,2191	0,4277	0,5784	85,8219	23,9410	7600,6787	0,0000	0,0000	0,0000
116,0000	93,7867	46,6808	72,3557	29,3485	18,5046	24,8581	7,0598	7,5313	122,5861	132,6212	122,4309	154,0082	47,8886	111,3882	75,0545	146,0088	99,4394	33,7470	0,0000	0,0000	0,0000	0,0000	0,0000	0,0000	0,0000	0,0000	0,0000	0,0000	1761,4320	5451,4754	14,6431	959,7217	1995,3375	7,8617	1,9200	1,9500	1,4700	3,6600	3,6600	300,0000	150,0000	1300,0000	175,0000	175,0000	2,0000	0,4000	0,2300	0,3000	0,1800	0,6000	0,6000	14,0000	-3,9820	47,1059	0,4860	0,5701	85,8219	23,9410	7365,9517	0,0000	0,0000	0,0000
116,0000	88,3278	45,3489	68,8327	27,0602	17,3858	23,4243	7,3878	7,0703	110,9449	134,7643	144,4498	136,7585	45,7199	105,5509	71,8773	146,7023	93,5204	31,1997	0,0000	0,0000	0,0000	0,0000	0,0000	0,0000	0,0000	0,0000	0,0000	0,0000	1599,7027	4515,6379	12,8950	834,1831	1997,7455	7,6656	1,9200	1,9500	1,4700	3,6600	3,6600	300,0000	150,0000	1300,0000	175,0000	175,0000	2,0000	0,4000	0,2300	0,3000	0,1800	0,6000	0,6000	26,0087	-4,2644	42,9789	0,5100	0,5668	85,8219	23,9410	6940,3883	0,0000	0,0000	0,0000
116,0000	91,0365	45,0698	70,3857	32,8175	22,1940	28,4162	8,9917	11,3490	117,5047	116,6998	126,8753	105,1464	44,9429	114,9553	77,5718	143,2932	96,4195	35,9842	0,0000	0,0000	0,0000	0,0000	0,0000	0,0000	0,0000	0,0000	0,0000	0,0000	1533,5273	4756,6375	13,1734	974,2299	1987,5967	7,8724	1,9200	1,9500	1,4700	3,6600	3,6600	300,0000	150,0000	1300,0000	175,0000	175,0000	2,0000	0,4000	0,2300	0,3000	0,1800	0,6000	0,6000	43,0000	0,3275	45,9667	0,4586	0,6090	85,8219	23,9410	8121,4341	0,0000	0,0000	0,0000
116,0000	96,7304	45,2375	74,3561	33,2540	24,7741	29,1885	8,9580	11,5339	130,0173	115,6167	112,6353	111,3663	47,7607	115,1097	78,3048	136,6498	102,5392	36,4439	0,0000	0,0000	0,0000	0,0000	0,0000	0,0000	0,0000	0,0000	0,0000	0,0000	1720,1106	5625,1878	14,8539	993,8032	1791,5880	7,5914	1,9200	1,9500	1,4700	3,6600	3,6600	300,0000	150,0000	1300,0000	175,0000	175,0000	2,0000	0,4000	0,2300	0,3000	0,1800	0,6000	0,6000	43,0000	0,4871	51,4928	0,4270	0,5851	85,8219	23,9410	7812,4813	0,0000	0,0000	0,0000
116,0000	97,3922	47,1908	75,0216	33,3592	24,8877	29,2837	8,9689	11,2070	128,5371	116,5569	112,7396	112,3569	48,1141	114,6963	78,6352	137,3197	103,2428	36,5493	0,0000	0,0000	0,0000	0,0000	0,0000	0,0000	0,0000	0,0000	0,0000	0,0000	1745,5805	5651,4080	14,9362	1003,2747	1799,6741	7,6194	1,9200	1,9500	1,4700	3,6600	3,6600	300,0000	150,0000	1300,0000	175,0000	175,0000	2,0000	0,4000	0,2300	0,3000	0,1800	0,6000	0,6000	43,0000	0,4877	50,2014	0,4274	0,5805	85,8219	23,9410	7723,5349	0,0000	0,0000	0,0000
116,0000	96,3801	47,4075	74,2461	33,4703	23,5420	29,0822	8,7741	10,6842	125,8930	118,4852	113,5118	118,8376	47,6208	112,8334	79,0430	138,6834	102,1499	36,6679	0,0000	0,0000	0,0000	0,0000	0,0000	0,0000	0,0000	0,0000	0,0000	0,0000	1710,8344	5535,3639	14,6961	1013,5019	1852,7935	7,7203	1,9200	1,9500	1,4700	3,6600	3,6600	300,0000	150,0000	1300,0000	175,0000	175,0000	2,0000	0,4000	0,2300	0,3000	0,1800	0,6000	0,6000	36,7857	0,1003	48,9725	0,4300	0,5780	85,8219	23,9410	7564,6584	0,0000	0,0000	0,0000
116,0000	93,0812	45,9816	71,7876	28,1893	18,0880	23,7026	6,8153	6,7249	121,1464	135,9334	127,3228	155,6896	47,8388	110,5926	73,3299	146,3100	98,6494	32,4770	0,0000	0,0000	0,0000	0,0000	0,0000	0,0000	0,0000	0,0000	0,0000	0,0000	1770,1747	5345,5153	14,4882	917,3238	1996,2254	7,7956	1,9200	1,9500	1,4700	3,6600	3,6600	300,0000	150,0000	1300,0000	175,0000	175,0000	2,0000	0,4000	0,2300	0,3000	0,1800	0,6000	0,6000	14,0000	-4,8618	47,0996	0,4988	0,5674	85,8219	23,9410	7279,4428	0,0000	0,0000	0,0000
116,0000	88,1854	45,2096	68,8598	28,0695	17,0672	24,4172	7,9076	7,9575	110,6174	130,5334	144,7632	126,6735	45,2486	108,6733	72,0330	147,0203	93,2492	31,2183	0,0000	0,0000	0,0000	0,0000	0,0000	0,0000	0,0000	0,0000	0,0000	0,0000	1555,8026	4412,1420	12,6602	797,5971	1958,0291	7,5440	1,9200	1,9500	1,4700	3,6600	3,6600	300,0000	150,0000	1300,0000	175,0000	175,0000	2,0000	0,4000	0,2300	0,3000	0,1800	0,6000	0,6000	31,9990	-3,1063	42,9758	0,5100	0,5836	85,8219	23,9410	7357,2580	0,0000	0,0000	0,0000
116,0000	92,8384	44,9456	71,6239	32,9127	23,2742	28,6707	8,9857	11,5106	121,8221	115,8341	120,1356	106,1049	45,8223	114,9588	77,6388	139,8691	98,3593	36,0750	0,0000	0,0000	0,0000	0,0000	0,0000	0,0000	0,0000	0,0000	0,0000	0,0000	1584,5630	5036,3537	13,7002	973,6737	1888,3514	7,7135	1,9200	1,9500	1,4700	3,6600	3,6600	300,0000	150,0000	1300,0000	175,0000	175,0000	2,0000	0,4000	0,2300	0,3000	0,1800	0,6000	0,6000	43,0000	0,4358	47,8927	0,4449	0,6014	85,8219	23,9410	8019,8415	0,0000	0,0000	0,0000
116,0000	97,0126	45,8495	74,6169	33,2564	24,7810	29,1924	8,9671	11,4132	129,7078	115,8095	112,5331	111,4273	47,9118	115,1005	78,3324	136,8085	102,8398	36,4394	0,0000	0,0000	0,0000	0,0000	0,0000	0,0000	0,0000	0,0000	0,0000	0,0000	1730,9155	5646,4081	14,9049	995,1013	1789,3183	7,5899	1,9200	1,9500	1,4700	3,6600	3,6600	300,0000	150,0000	1300,0000	175,0000	175,0000	2,0000	0,4000	0,2300	0,3000	0,1800	0,6000	0,6000	43,0000	0,4875	51,1631	0,4274	0,5837	85,8219	23,9410	7793,8845	0,0000	0,0000	0,0000
116,0000	97,0074	47,2851	74,7698	33,3920	24,8839	29,3055	8,9774	11,0907	127,5191	116,7742	113,0527	112,5251	47,9273	113,9822	78,7676	137,6651	102,8274	36,5830	0,0000	0,0000	0,0000	0,0000	0,0000	0,0000	0,0000	0,0000	0,0000	0,0000	1732,3646	5591,8961	14,8204	1006,6484	1806,6246	7,6358	1,9200	1,9500	1,4700	3,6600	3,6600	300,0000	150,0000	1300,0000	175,0000	175,0000	2,0000	0,4000	0,2300	0,3000	0,1800	0,6000	0,6000	43,0000	0,4877	49,7223	0,4278	0,5795	85,8219	23,9410	7662,3687	0,0000	0,0000	0,0000
116,0000	95,8652	47,2760	73,6759	33,5174	21,5072	28,3512	8,3829	10,0391	124,9335	121,2461	113,8599	128,3069	47,3656	112,0811	79,2101	141,3447	101,5952	36,7195	0,0000	0,0000	0,0000	0,0000	0,0000	0,0000	0,0000	0,0000	0,0000	0,0000	1752,9263	5560,4532	14,8031	1081,5950	1934,1657	7,9583	1,9200	1,9500	1,4700	3,6600	3,6600	300,0000	150,0000	1300,0000	175,0000	175,0000	2,0000	0,4000	0,2300	0,3000	0,1800	0,6000	0,6000	30,7954	-0,7265	48,5891	0,4396	0,5774	85,8219	23,9410	7507,0022	0,0000	0,0000	0,0000
116,0000	91,4517	45,6406	70,6268	27,6368	17,9285	23,0507	6,7271	6,2771	117,6445	137,8335	133,9076	154,1229	47,1762	108,1161	72,6377	146,6097	96,8837	31,8670	0,0000	0,0000	0,0000	0,0000	0,0000	0,0000	0,0000	0,0000	0,0000	0,0000	1727,9401	5107,6242	14,0421	899,3155	2053,4442	7,8580	1,9200	1,9500	1,4700	3,6600	3,6600	300,0000	150,0000	1300,0000	175,0000	175,0000	2,0000	0,4000	0,2300	0,3000	0,1800	0,6000	0,6000	14,0000	-5,3234	45,8111	0,5046	0,5637	85,8219	23,9410	7069,0226	0,0000	0,0000	0,0000
116,0000	88,8744	44,7398	68,8984	30,1677	17,0480	25,6695	8,4053	9,0099	111,0807	125,8087	142,5188	117,5074	44,6793	111,3451	73,4954	147,3202	93,9470	32,9454	0,0000	0,0000	0,0000	0,0000	0,0000	0,0000	0,0000	0,0000	0,0000	0,0000	1539,0939	4397,1512	12,6097	860,9293	1992,2171	7,6993	1,9200	1,9500	1,4700	3,6600	3,6600	300,0000	150,0000	1300,0000	175,0000	175,0000	2,0000	0,4000	0,2300	0,3000	0,1800	0,6000	0,6000	37,9894	-1,8533	44,1347	0,5011	0,5987	85,8219	23,9410	7733,2243	0,0000	0,0000	0,0000
116,0000	94,3667	44,7916	72,6683	33,0020	23,9653	28,8601	8,9770	11,5626	125,4611	115,4273	115,9919	107,7730	46,5806	114,9005	77,7679	137,8517	100,0020	36,1656	0,0000	0,0000	0,0000	0,0000	0,0000	0,0000	0,0000	0,0000	0,0000	0,0000	1637,0280	5277,0615	14,1671	978,6819	1828,0203	7,6254	1,9200	1,9500	1,4700	3,6600	3,6600	300,0000	150,0000	1300,0000	175,0000	175,0000	2,0000	0,4000	0,2300	0,3000	0,1800	0,6000	0,6000	43,0000	0,4710	49,5751	0,4359	0,5946	85,8219	23,9410	7925,1103	0,0000	0,0000	0,0000
116,0000	97,2155	46,3814	74,8123	33,2773	24,8016	29,2111	8,9720	11,3316	129,3719	115,9630	112,5572	111,6198	48,0190	115,0336	78,3992	137,0130	103,0560	36,4592	0,0000	0,0000	0,0000	0,0000	0,0000	0,0000	0,0000	0,0000	0,0000	0,0000	1738,6118	5657,2966	14,9345	997,1136	1790,8056	7,5955	1,9200	1,9500	1,4700	3,6600	3,6600	300,0000	150,0000	1300,0000	175,0000	175,0000	2,0000	0,4000	0,2300	0,3000	0,1800	0,6000	0,6000	43,0000	0,4877	50,8340	0,4278	0,5826	85,8219	23,9410	7773,7003	0,0000	0,0000	0,0000
116,0000	96,7604	47,3496	74,6088	33,4195	24,8902	29,3255	8,9816	11,0179	126,8561	116,9326	113,2567	112,6886	47,8069	113,5184	78,8684	137,8815	102,5608	36,6121	0,0000	0,0000	0,0000	0,0000	0,0000	0,0000	0,0000	0,0000	0,0000	0,0000	1723,8874	5553,4344	14,7456	1009,1889	1811,6690	7,6479	1,9200	1,9500	1,4700	3,6600	3,6600	300,0000	150,0000	1300,0000	175,0000	175,0000	2,0000	0,4000	0,2300	0,3000	0,1800	0,6000	0,6000	43,0000	0,4877	49,4108	0,4280	0,5789	85,8219	23,9410	7622,5286	0,0000	0,0000	0,0000
116,0000	95,5420	47,1868	73,1224	33,1171	20,0129	27,2633	7,9224	9,2373	123,9036	124,8767	114,9930	137,5246	47,4284	111,6105	78,8404	144,2591	101,2471	36,7536	0,0000	0,0000	0,0000	0,0000	0,0000	0,0000	0,0000	0,0000	0,0000	0,0000	1761,4071	5550,7645	14,8011	1104,3400	1990,2827	8,0839	1,9200	1,9500	1,4700	3,6600	3,6600	300,0000	150,0000	1300,0000	175,0000	175,0000	2,0000	0,4000	0,2300	0,3000	0,1800	0,6000	0,6000	24,8050	-1,7767	48,3552	0,4535	0,5751	85,8219	23,9410	7445,1183	0,0000	0,0000	0,0000
116,0000	89,7825	45,4162	69,4753	27,3908	18,5397	22,7442	6,7286	6,1467	114,1125	138,6390	139,9688	151,7819	46,4129	105,5231	72,4157	146,6620	95,0845	31,5943	0,0000	0,0000	0,0000	0,0000	0,0000	0,0000	0,0000	0,0000	0,0000	0,0000	1671,3488	4863,3273	13,5628	890,1872	2110,2102	7,9339	1,9200	1,9500	1,4700	3,6600	3,6600	300,0000	150,0000	1300,0000	175,0000	175,0000	2,0000	0,4000	0,2300	0,3000	0,1800	0,6000	0,6000	15,5967	-5,4936	44,3663	0,5062	0,5602	85,8219	23,9410	6856,7929	0,0000	0,0000	0,0000
116,0000	89,2038	44,8903	69,0612	31,6459	18,5829	27,0012	8,8171	10,1279	112,1394	121,2047	138,5653	109,4951	44,3143	113,2501	75,5732	147,3500	94,3985	34,6519	0,0000	0,0000	0,0000	0,0000	0,0000	0,0000	0,0000	0,0000	0,0000	0,0000	1498,6924	4447,7112	12,6259	919,6044	2057,9772	7,8975	1,9200	1,9500	1,4700	3,6600	3,6600	300,0000	150,0000	1300,0000	175,0000	175,0000	2,0000	0,4000	0,2300	0,3000	0,1800	0,6000	0,6000	42,3831	-0,6444	44,3135	0,4871	0,6087	85,8219	23,9410	7996,5476	0,0000	0,0000	0,0000
116,0000	95,4584	44,6801	73,4153	33,1346	24,4257	29,0389	8,9651	11,5923	128,0386	115,3493	113,9874	109,6692	47,1210	114,9473	78,0428	137,0883	101,1750	36,3140	0,0000	0,0000	0,0000	0,0000	0,0000	0,0000	0,0000	0,0000	0,0000	0,0000	1674,8860	5449,7268	14,5024	986,2784	1805,3391	7,6014	1,9200	1,9500	1,4700	3,6600	3,6600	300,0000	150,0000	1300,0000	175,0000	175,0000	2,0000	0,4000	0,2300	0,3000	0,1800	0,6000	0,6000	43,0000	0,4824	50,7783	0,4307	0,5901	85,8219	23,9410	7867,8416	0,0000	0,0000	0,0000
116,0000	97,4140	46,7524	74,9883	33,3117	24,8484	29,2436	8,9693	11,3018	129,2563	116,1349	112,5687	111,9628	48,1197	115,0745	78,4862	137,0813	103,2685	36,4978	0,0000	0,0000	0,0000	0,0000	0,0000	0,0000	0,0000	0,0000	0,0000	0,0000	1745,8594	5671,8627	14,9693	999,4039	1793,5532	7,6035	1,9200	1,9500	1,4700	3,6600	3,6600	300,0000	150,0000	1300,0000	175,0000	175,0000	2,0000	0,4000	0,2300	0,3000	0,1800	0,6000	0,6000	43,0000	0,4877	50,6615	0,4274	0,5818	85,8219	23,9410	7766,7523	0,0000	0,0000	0,0000
116,0000	96,7107	47,4168	74,5825	33,4337	24,9033	29,3378	8,9792	10,9950	126,6382	117,0824	113,2993	112,8026	47,7832	113,3818	78,9140	137,9285	102,5069	36,6280	0,0000	0,0000	0,0000	0,0000	0,0000	0,0000	0,0000	0,0000	0,0000	0,0000	1722,2387	5543,2953	14,7269	1010,3276	1813,4903	7,6526	1,9200	1,9500	1,4700	3,6600	3,6600	300,0000	150,0000	1300,0000	175,0000	175,0000	2,0000	0,4000	0,2300	0,3000	0,1800	0,6000	0,6000	43,0000	0,4877	49,2939	0,4279	0,5786	85,8219	23,9410	7609,4358	0,0000	0,0000	0,0000
116,0000	94,2586	47,1695	72,6922	30,7725	19,0558	26,0081	7,4458	8,3439	123,1539	128,9998	118,7942	146,8295	47,6819	111,4756	76,9182	145,5816	100,0026	35,2388	0,0000	0,0000	0,0000	0,0000	0,0000	0,0000	0,0000	0,0000	0,0000	0,0000	1737,5285	5511,8343	14,7011	1013,6645	2015,4531	7,9796	1,9200	1,9500	1,4700	3,6600	3,6600	300,0000	150,0000	1300,0000	175,0000	175,0000	2,0000	0,4000	0,2300	0,3000	0,1800	0,6000	0,6000	18,8147	-2,9465	47,0890	0,4716	0,5723	85,8219	23,9410	7400,0698	0,0000	0,0000	0,0000
116,0000	88,7716	45,3478	68,9272	27,1973	17,8100	22,8945	6,9942	6,4786	111,9134	137,4346	143,0930	145,2957	45,9435	103,9146	72,1357	146,2579	93,9967	31,3667	0,0000	0,0000	0,0000	0,0000	0,0000	0,0000	0,0000	0,0000	0,0000	0,0000	1633,9209	4661,7832	13,1822	876,6679	2072,4268	7,8522	1,9200	1,9500	1,4700	3,6600	3,6600	300,0000	150,0000	1300,0000	175,0000	175,0000	2,0000	0,4000	0,2300	0,3000	0,1800	0,6000	0,6000	20,9701	-5,0551	43,4238	0,5068	0,5579	85,8219	23,9410	6724,6503	0,0000	0,0000	0,0000
116,0000	89,7989	45,1525	69,5270	32,5200	20,8421	27,9845	8,9775	10,9722	114,2617	118,1024	132,9514	105,4167	44,3926	114,4693	77,0991	145,9679	95,0779	35,6534	0,0000	0,0000	0,0000	0,0000	0,0000	0,0000	0,0000	0,0000	0,0000	0,0000	1494,0513	4560,7815	12,7986	957,7254	2055,1568	7,9538	1,9200	1,9500	1,4700	3,6600	3,6600	300,0000	150,0000	1300,0000	175,0000	175,0000	2,0000	0,4000	0,2300	0,3000	0,1800	0,6000	0,6000	43,0000	0,0833	44,6464	0,4718	0,6122	85,8219	23,9410	8128,9016	0,0000	0,0000	0,0000
116,0000	96,2518	44,8181	73,9807	33,2316	24,6948	29,1574	8,9557	11,5918	129,5827	115,4782	113,0151	110,9896	47,5163	114,9149	78,2531	136,7949	102,0267	36,4230	0,0000	0,0000	0,0000	0,0000	0,0000	0,0000	0,0000	0,0000	0,0000	0,0000	1702,7935	5566,8088	14,7334	991,9917	1796,6374	7,5966	1,9200	1,9500	1,4700	3,6600	3,6600	300,0000	150,0000	1300,0000	175,0000	175,0000	2,0000	0,4000	0,2300	0,3000	0,1800	0,6000	0,6000	43,0000	0,4860	51,4337	0,4280	0,5865	85,8219	23,9410	7818,2447	0,0000	0,0000	0,0000
116,0000	97,5205	47,0238	75,0908	33,3385	24,8831	29,2686	8,9654	11,2738	129,0811	116,3632	112,5883	112,2234	48,1746	115,0386	78,5583	137,1346	103,3821	36,5280	0,0000	0,0000	0,0000	0,0000	0,0000	0,0000	0,0000	0,0000	0,0000	0,0000	1749,8373	5676,5397	14,9830	1001,2751	1795,9588	7,6103	1,9200	1,9500	1,4700	3,6600	3,6600	300,0000	150,0000	1300,0000	175,0000	175,0000	2,0000	0,4000	0,2300	0,3000	0,1800	0,6000	0,6000	43,0000	0,4877	50,4967	0,4271	0,5812	85,8219	23,9410	7756,2269	0,0000	0,0000	0,0000
116,0000	96,6476	47,4540	74,5399	33,4448	24,9135	29,3380	8,9674	10,9652	126,4340	117,2922	113,3285	113,1570	47,7528	113,2456	78,9517	137,9659	102,4384	36,6401	0,0000	0,0000	0,0000	0,0000	0,0000	0,0000	0,0000	0,0000	0,0000	0,0000	1720,1195	5533,4565	14,7078	1011,2601	1815,9538	7,6580	1,9200	1,9500	1,4700	3,6600	3,6600	300,0000	150,0000	1300,0000	175,0000	175,0000	2,0000	0,4000	0,2300	0,3000	0,1800	0,6000	0,6000	41,8243	0,4710	49,1937	0,4277	0,5783	85,8219	23,9410	7597,1672	0,0000	0,0000	0,0000
116,0000	93,7152	46,5184	72,2874	29,1203	18,4193	24,6382	6,9982	7,3768	122,4612	133,2802	123,1185	154,9417	47,9144	111,3493	74,7173	146,0605	99,3556	33,5000	0,0000	0,0000	0,0000	0,0000	0,0000	0,0000	0,0000	0,0000	0,0000	0,0000	1761,7012	5440,6941	14,6263	949,3368	1992,3432	7,8404	1,9200	1,9500	1,4700	3,6600	3,6600	300,0000	150,0000	1300,0000	175,0000	175,0000	2,0000	0,4000	0,2300	0,3000	0,1800	0,6000	0,6000	14,0000	-4,1650	47,1968	0,4884	0,5697	85,8219	23,9410	7358,4481	0,0000	0,0000	0,0000
116,0000	88,2522	45,3448	68,8291	27,0381	17,3191	23,5580	7,4694	7,1989	110,8214	134,1492	144,6235	135,0924	45,6639	106,0377	71,8424	146,7574	93,4393	31,1722	0,0000	0,0000	0,0000	0,0000	0,0000	0,0000	0,0000	0,0000	0,0000	0,0000	1588,3966	4492,3060	12,8398	822,4923	1986,1584	7,6285	1,9200	1,9500	1,4700	3,6600	3,6600	300,0000	150,0000	1300,0000	175,0000	175,0000	2,0000	0,4000	0,2300	0,3000	0,1800	0,6000	0,6000	26,9604	-4,0913	42,9074	0,5105	0,5694	85,8219	23,9410	7003,3621	0,0000	0,0000	0,0000
116,0000	91,3145	45,0499	70,5769	32,8430	22,3986	28,4687	8,9913	11,3894	118,1912	116,5167	125,7034	105,2380	45,0757	114,9784	77,6005	142,7149	96,7192	36,0106	0,0000	0,0000	0,0000	0,0000	0,0000	0,0000	0,0000	0,0000	0,0000	0,0000	1533,2742	4799,9567	13,2420	969,9264	1971,3737	7,8397	1,9200	1,9500	1,4700	3,6600	3,6600	300,0000	150,0000	1300,0000	175,0000	175,0000	2,0000	0,4000	0,2300	0,3000	0,1800	0,6000	0,6000	43,0000	0,3536	46,2646	0,4563	0,6080	85,8219	23,9410	8108,7091	0,0000	0,0000	0,0000
116,0000	96,7872	45,3316	74,4055	33,2548	24,7781	29,1899	8,9593	11,5153	129,9995	115,6467	112,6028	111,3883	47,7907	115,1305	78,3095	136,6378	102,5998	36,4437	0,0000	0,0000	0,0000	0,0000	0,0000	0,0000	0,0000	0,0000	0,0000	0,0000	1722,2513	5630,5722	14,8659	994,0271	1790,9907	7,5908	1,9200	1,9500	1,4700	3,6600	3,6600	300,0000	150,0000	1300,0000	175,0000	175,0000	2,0000	0,4000	0,2300	0,3000	0,1800	0,6000	0,6000	43,0000	0,4872	51,4556	0,4269	0,5849	85,8219	23,9410	7811,4077	0,0000	0,0000	0,0000
116,0000	97,3346	47,2122	74,9845	33,3643	24,8871	29,2871	8,9702	11,1884	128,3771	116,5932	112,7885	112,3843	48,0862	114,5856	78,6558	137,3743	103,1806	36,5546	0,0000	0,0000	0,0000	0,0000	0,0000	0,0000	0,0000	0,0000	0,0000	0,0000	1743,6075	5642,2915	14,9186	1003,8038	1800,7597	7,6220	1,9200	1,9500	1,4700	3,6600	3,6600	300,0000	150,0000	1300,0000	175,0000	175,0000	2,0000	0,4000	0,2300	0,3000	0,1800	0,6000	0,6000	43,0000	0,4877	50,1224	0,4274	0,5803	85,8219	23,9410	7713,9204	0,0000	0,0000	0,0000
116,0000	96,2991	47,3877	74,1591	33,4777	23,1839	28,9957	8,7202	10,5986	125,7403	118,8424	113,5670	120,2903	47,5807	112,7141	79,0693	138,9944	102,0626	36,6760	0,0000	0,0000	0,0000	0,0000	0,0000	0,0000	0,0000	0,0000	0,0000	0,0000	1708,0156	5536,8824	14,6940	1014,1454	1863,7724	7,7388	1,9200	1,9500	1,4700	3,6600	3,6600	300,0000	150,0000	1300,0000	175,0000	175,0000	2,0000	0,4000	0,2300	0,3000	0,1800	0,6000	0,6000	35,8340	-0,0094	48,9113	0,4311	0,5779	85,8219	23,9410	7555,4825	0,0000	0,0000	0,0000
116,0000	92,8729	45,9098	71,6359	28,0673	18,0482	23,5695	6,7957	6,6313	120,7032	136,3093	128,2793	155,4956	47,7668	110,2910	73,1597	146,3612	98,4224	32,3420	0,0000	0,0000	0,0000	0,0000	0,0000	0,0000	0,0000	0,0000	0,0000	0,0000	1764,1073	5314,8464	14,4297	912,0833	2002,2381	7,7968	1,9200	1,9500	1,4700	3,6600	3,6600	300,0000	150,0000	1300,0000	175,0000	175,0000	2,0000	0,4000	0,2300	0,3000	0,1800	0,6000	0,6000	14,0000	-4,9556	46,9631	0,5001	0,5669	85,8219	23,9410	7252,8143	0,0000	0,0000	0,0000
116,0000	88,2645	45,1488	68,8653	28,4382	17,0375	24,6030	7,9892	8,1145	110,6521	129,8022	144,5888	125,1686	45,1511	109,1426	72,1755	147,0725	93,3112	31,3786	0,0000	0,0000	0,0000	0,0000	0,0000	0,0000	0,0000	0,0000	0,0000	0,0000	1556,6771	4404,2059	12,6490	804,7809	1958,7484	7,5566	1,9200	1,9500	1,4700	3,6600	3,6600	300,0000	150,0000	1300,0000	175,0000	175,0000	2,0000	0,4000	0,2300	0,3000	0,1800	0,6000	0,6000	32,9508	-2,9113	43,1156	0,5093	0,5863	85,8219	23,9410	7423,0181	0,0000	0,0000	0,0000
116,0000	93,1095	44,9260	71,8097	32,9231	23,4084	28,7019	8,9844	11,5223	122,4615	115,7456	119,2842	106,3324	45,9566	114,9440	77,6461	139,4353	98,6508	36,0843	0,0000	0,0000	0,0000	0,0000	0,0000	0,0000	0,0000	0,0000	0,0000	0,0000	1593,8161	5078,6696	13,7823	974,2404	1875,3295	7,6937	1,9200	1,9500	1,4700	3,6600	3,6600	300,0000	150,0000	1300,0000	175,0000	175,0000	2,0000	0,4000	0,2300	0,3000	0,1800	0,6000	0,6000	43,0000	0,4443	48,1835	0,4431	0,6002	85,8219	23,9410	8002,5347	0,0000	0,0000	0,0000
116,0000	97,0460	45,9417	74,6498	33,2580	24,7818	29,1937	8,9683	11,3962	129,6415	115,8370	112,5328	111,4410	47,9298	115,0841	78,3396	136,8497	102,8753	36,4402	0,0000	0,0000	0,0000	0,0000	0,0000	0,0000	0,0000	0,0000	0,0000	0,0000	1732,2063	5648,1044	14,9097	995,3562	1789,3261	7,5903	1,9200	1,9500	1,4700	3,6600	3,6600	300,0000	150,0000	1300,0000	175,0000	175,0000	2,0000	0,4000	0,2300	0,3000	0,1800	0,6000	0,6000	43,0000	0,4875	51,1043	0,4275	0,5835	85,8219	23,9410	7789,8965	0,0000	0,0000	0,0000
116,0000	96,9529	47,2954	74,7338	33,3970	24,8840	29,3089	8,9785	11,0750	127,3787	116,8034	113,0959	112,5517	47,9007	113,8829	78,7870	137,7119	102,7686	36,5882	0,0000	0,0000	0,0000	0,0000	0,0000	0,0000	0,0000	0,0000	0,0000	0,0000	1730,4919	5583,5788	14,8042	1007,1392	1807,6220	7,6382	1,9200	1,9500	1,4700	3,6600	3,6600	300,0000	150,0000	1300,0000	175,0000	175,0000	2,0000	0,4000	0,2300	0,3000	0,1800	0,6000	0,6000	43,0000	0,4877	49,6574	0,4279	0,5794	85,8219	23,9410	7653,9342	0,0000	0,0000	0,0000
116,0000	95,7950	47,2563	73,5917	33,5239	21,2306	28,1964	8,3124	9,9191	124,8039	121,7783	113,9062	129,7863	47,3308	111,9792	79,2331	141,8708	101,5196	36,7266	0,0000	0,0000	0,0000	0,0000	0,0000	0,0000	0,0000	0,0000	0,0000	0,0000	1756,3096	5563,2576	14,8129	1092,0199	1944,3071	7,9911	1,9200	1,9500	1,4700	3,6600	3,6600	300,0000	150,0000	1300,0000	175,0000	175,0000	2,0000	0,4000	0,2300	0,3000	0,1800	0,6000	0,6000	29,8436	-0,8820	48,5387	0,4415	0,5773	85,8219	23,9410	7499,2195	0,0000	0,0000	0,0000
116,0000	91,1567	45,6062	70,4200	27,5868	17,9187	22,9809	6,7185	6,2334	117,0027	138,0466	135,0147	153,8496	47,0440	107,6514	72,5920	146,6482	96,5656	31,8122	0,0000	0,0000	0,0000	0,0000	0,0000	0,0000	0,0000	0,0000	0,0000	0,0000	1718,0142	5064,9567	13,9583	897,4841	2065,4058	7,8741	1,9200	1,9500	1,4700	3,6600	3,6600	300,0000	150,0000	1300,0000	175,0000	175,0000	2,0000	0,4000	0,2300	0,3000	0,1800	0,6000	0,6000	14,0011	-5,3739	45,5504	0,5050	0,5630	85,8219	23,9410	7030,4583	0,0000	0,0000	0,0000
116,0000	88,9526	44,7105	68,9110	30,4420	17,1732	25,8838	8,4804	9,1890	111,2049	125,0426	141,9707	116,1245	44,6021	111,6978	73,8168	147,3577	94,0520	33,2656	0,0000	0,0000	0,0000	0,0000	0,0000	0,0000	0,0000	0,0000	0,0000	0,0000	1529,3621	4401,7164	12,6015	870,0457	2003,1907	7,7313	1,9200	1,9500	1,4700	3,6600	3,6600	300,0000	150,0000	1300,0000	175,0000	175,0000	2,0000	0,4000	0,2300	0,3000	0,1800	0,6000	0,6000	38,9400	-1,6501	44,2421	0,4991	0,6007	85,8219	23,9410	7783,1044	0,0000	0,0000	0,0000
116,0000	94,5663	44,7608	72,8042	33,0218	24,0523	28,8901	8,9754	11,5681	125,9416	115,3935	115,5664	108,0796	46,6795	114,9019	77,8064	137,6698	100,2165	36,1873	0,0000	0,0000	0,0000	0,0000	0,0000	0,0000	0,0000	0,0000	0,0000	0,0000	1643,9285	5308,8803	14,2288	979,8089	1822,5207	7,6184	1,9200	1,9500	1,4700	3,6600	3,6600	300,0000	150,0000	1300,0000	175,0000	175,0000	2,0000	0,4000	0,2300	0,3000	0,1800	0,6000	0,6000	43,0000	0,4738	49,8055	0,4348	0,5937	85,8219	23,9410	7913,7961	0,0000	0,0000	0,0000
116,0000	97,2474	46,4491	74,8415	33,2826	24,8081	29,2160	8,9720	11,3242	129,3410	115,9859	112,5624	111,6710	48,0354	115,0340	78,4133	137,0322	103,0901	36,4650	0,0000	0,0000	0,0000	0,0000	0,0000	0,0000	0,0000	0,0000	0,0000	0,0000	1739,7895	5659,3886	14,9397	997,4947	1791,2564	7,5968	1,9200	1,9500	1,4700	3,6600	3,6600	300,0000	150,0000	1300,0000	175,0000	175,0000	2,0000	0,4000	0,2300	0,3000	0,1800	0,6000	0,6000	43,0000	0,4877	50,7983	0,4278	0,5824	85,8219	23,9410	7771,8403	0,0000	0,0000	0,0000
116,0000	96,7423	47,3601	74,5977	33,4227	24,8922	29,3281	8,9816	11,0117	126,7986	116,9544	113,2731	112,7116	47,7981	113,4798	78,8792	137,8983	102,5413	36,6157	0,0000	0,0000	0,0000	0,0000	0,0000	0,0000	0,0000	0,0000	0,0000	0,0000	1723,2715	5550,3621	14,7398	1009,4576	1812,1640	7,6491	1,9200	1,9500	1,4700	3,6600	3,6600	300,0000	150,0000	1300,0000	175,0000	175,0000	2,0000	0,4000	0,2300	0,3000	0,1800	0,6000	0,6000	43,0000	0,4877	49,3822	0,4280	0,5788	85,8219	23,9410	7619,0723	0,0000	0,0000	0,0000
116,0000	95,4288	47,1803	73,0452	32,6853	19,8328	27,0749	7,8466	9,1007	123,7608	125,5062	115,4879	139,0314	47,4641	111,5722	78,6008	144,5600	101,2192	36,7565	0,0000	0,0000	0,0000	0,0000	0,0000	0,0000	0,0000	0,0000	0,0000	0,0000	1770,7105	5546,4288	14,8091	1106,8209	1998,8115	8,1015	1,9200	1,9500	1,4700	3,6600	3,6600	300,0000	150,0000	1300,0000	175,0000	175,0000	2,0000	0,4000	0,2300	0,3000	0,1800	0,6000	0,6000	23,8533	-1,9564	48,2484	0,4563	0,5746	85,8219	23,9410	7436,5410	0,0000	0,0000	0,0000
116,0000	89,5762	45,3937	69,3446	27,3585	18,4012	22,7319	6,7494	6,1655	113,6724	138,6108	140,6270	151,1255	46,3171	105,1994	72,3775	146,5830	94,8624	31,5572	0,0000	0,0000	0,0000	0,0000	0,0000	0,0000	0,0000	0,0000	0,0000	0,0000	1664,3275	4829,6575	13,4980	888,8363	2111,2422	7,9334	1,9200	1,9500	1,4700	3,6600	3,6600	300,0000	150,0000	1300,0000	175,0000	175,0000	2,0000	0,4000	0,2300	0,3000	0,1800	0,6000	0,6000	16,2375	-5,4719	44,1825	0,5062	0,5597	85,8219	23,9410	6830,3466	0,0000	0,0000	0,0000
116,0000	89,2557	44,9712	69,1088	31,8262	18,9338	27,1920	8,8611	10,2901	112,3826	120,5838	137,8062	108,4938	44,2905	113,4910	75,8776	147,2612	94,4632	34,8589	0,0000	0,0000	0,0000	0,0000	0,0000	0,0000	0,0000	0,0000	0,0000	0,0000	1498,9233	4460,0463	12,6459	929,6867	2063,7495	7,9228	1,9200	1,9500	1,4700	3,6600	3,6600	300,0000	150,0000	1300,0000	175,0000	175,0000	2,0000	0,4000	0,2300	0,3000	0,1800	0,6000	0,6000	42,6940	-0,4872	44,2846	0,4847	0,6097	85,8219	23,9410	8027,2576	0,0000	0,0000	0,0000
116,0000	95,6030	44,6821	73,5159	33,1543	24,4830	29,0632	8,9630	11,5958	128,3573	115,3632	113,7809	109,9364	47,1927	114,9594	78,0851	137,0236	101,3304	36,3363	0,0000	0,0000	0,0000	0,0000	0,0000	0,0000	0,0000	0,0000	0,0000	0,0000	1679,9342	5471,9837	14,5459	987,4089	1803,4115	7,6001	1,9200	1,9500	1,4700	3,6600	3,6600	300,0000	150,0000	1300,0000	175,0000	175,0000	2,0000	0,4000	0,2300	0,3000	0,1800	0,6000	0,6000	43,0000	0,4833	50,9209	0,4301	0,5895	85,8219	23,9410	7860,9362	0,0000	0,0000	0,0000
116,0000	97,4441	46,8019	75,0142	33,3164	24,8556	29,2482	8,9683	11,2994	129,2489	116,1700	112,5653	112,0120	48,1349	115,0858	78,4977	137,0836	103,3007	36,5032	0,0000	0,0000	0,0000	0,0000	0,0000	0,0000	0,0000	0,0000	0,0000	0,0000	1746,9523	5674,2760	14,9748	999,7024	1793,8795	7,6045	1,9200	1,9500	1,4700	3,6600	3,6600	300,0000	150,0000	1300,0000	175,0000	175,0000	2,0000	0,4000	0,2300	0,3000	0,1800	0,6000	0,6000	43,0000	0,4877	50,6421	0,4274	0,5817	85,8219	23,9410	7766,3065	0,0000	0,0000	0,0000
116,0000	96,7114	47,4273	74,5842	33,4349	24,9051	29,3389	8,9785	10,9934	126,6231	117,1105	113,2967	112,8133	47,7837	113,3744	78,9175	137,9277	102,5075	36,6292	0,0000	0,0000	0,0000	0,0000	0,0000	0,0000	0,0000	0,0000	0,0000	0,0000	1722,2768	5542,9217	14,7263	1010,4150	1813,5622	7,6529	1,9200	1,9500	1,4700	3,6600	3,6600	300,0000	150,0000	1300,0000	175,0000	175,0000	2,0000	0,4000	0,2300	0,3000	0,1800	0,6000	0,6000	43,0000	0,4877	49,2841	0,4278	0,5785	85,8219	23,9410	7608,5263	0,0000	0,0000	0,0000
116,0000	94,1406	47,1700	72,6315	30,4710	18,9361	25,7947	7,3713	8,1947	123,0552	129,6822	119,4841	148,2331	47,7254	111,4680	76,5601	145,6923	99,8616	34,9300	0,0000	0,0000	0,0000	0,0000	0,0000	0,0000	0,0000	0,0000	0,0000	0,0000	1737,8782	5501,8424	14,6858	1000,1414	2011,9552	7,9525	1,9200	1,9500	1,4700	3,6600	3,6600	300,0000	150,0000	1300,0000	175,0000	175,0000	2,0000	0,4000	0,2300	0,3000	0,1800	0,6000	0,6000	17,8629	-3,1394	46,9706	0,4745	0,5718	85,8219	23,9410	7394,1402	0,0000	0,0000	0,0000
116,0000	88,6667	45,3471	68,8913	27,1687	17,7164	22,9683	7,0612	6,5735	111,6764	137,0280	143,4103	143,7857	45,8950	103,7434	72,0854	146,3719	93,8840	31,3323	0,0000	0,0000	0,0000	0,0000	0,0000	0,0000	0,0000	0,0000	0,0000	0,0000	1636,0079	4631,5904	13,1375	874,8658	2058,5879	7,8273	1,9200	1,9500	1,4700	3,6600	3,6600	300,0000	150,0000	1300,0000	175,0000	175,0000	2,0000	0,4000	0,2300	0,3000	0,1800	0,6000	0,6000	21,9218	-4,9266	43,3196	0,5075	0,5576	85,8219	23,9410	6710,4130	0,0000	0,0000	0,0000
116,0000	89,9777	45,1401	69,6531	32,6025	21,1324	28,0899	8,9839	11,0645	114,7694	117,7751	131,8698	105,2246	44,4633	114,5953	77,2417	145,5502	95,2734	35,7468	0,0000	0,0000	0,0000	0,0000	0,0000	0,0000	0,0000	0,0000	0,0000	0,0000	1499,4654	4590,1847	12,8541	962,3642	2046,1718	7,9468	1,9200	1,9500	1,4700	3,6600	3,6600	300,0000	150,0000	1300,0000	175,0000	175,0000	2,0000	0,4000	0,2300	0,3000	0,1800	0,6000	0,6000	43,0000	0,1475	44,8377	0,4693	0,6120	85,8219	23,9410	8135,3171	0,0000	0,0000	0,0000
116,0000	96,3533	44,8760	74,0572	33,2396	24,7190	29,1676	8,9554	11,5848	129,7205	115,5040	112,9194	111,1083	47,5676	114,8724	78,2709	136,7631	102,1355	36,4315	0,0000	0,0000	0,0000	0,0000	0,0000	0,0000	0,0000	0,0000	0,0000	0,0000	1706,4257	5580,3367	14,7607	992,5239	1795,5994	7,5958	1,9200	1,9500	1,4700	3,6600	3,6600	300,0000	150,0000	1300,0000	175,0000	175,0000	2,0000	0,4000	0,2300	0,3000	0,1800	0,6000	0,6000	43,0000	0,4863	51,4773	0,4277	0,5859	85,8219	23,9410	7807,3640	0,0000	0,0000	0,0000
116,0000	97,5113	47,0583	75,0884	33,3423	24,8855	29,2717	8,9655	11,2643	129,0067	116,4004	112,6066	112,2532	48,1705	114,9960	78,5712	137,1588	103,3719	36,5321	0,0000	0,0000	0,0000	0,0000	0,0000	0,0000	0,0000	0,0000	0,0000	0,0000	1749,5576	5673,8290	14,9783	1001,6110	1796,5184	7,6117	1,9200	1,9500	1,4700	3,6600	3,6600	300,0000	150,0000	1300,0000	175,0000	175,0000	2,0000	0,4000	0,2300	0,3000	0,1800	0,6000	0,6000	43,0000	0,4877	50,4530	0,4272	0,5811	85,8219	23,9410	7751,7528	0,0000	0,0000	0,0000
116,0000	96,6124	47,4506	74,5048	33,4483	24,9150	29,3175	8,9471	10,9365	126,3585	117,4125	113,3511	113,8039	47,7355	113,1892	78,9643	137,9982	102,4005	36,6439	0,0000	0,0000	0,0000	0,0000	0,0000	0,0000	0,0000	0,0000	0,0000	0,0000	1718,9012	5532,7253	14,7047	1011,5716	1820,3494	7,6655	1,9200	1,9500	1,4700	3,6600	3,6600	300,0000	150,0000	1300,0000	175,0000	175,0000	2,0000	0,4000	0,2300	0,3000	0,1800	0,6000	0,6000	40,8726	0,4344	49,1619	0,4278	0,5783	85,8219	23,9410	7592,6312	0,0000	0,0000	0,0000
116,0000	93,6377	46,3811	72,2178	28,9070	18,3406	24,4311	6,9485	7,2322	122,3150	133,8812	123,8148	155,4960	47,9317	111,2909	74,3970	146,1086	99,2664	33,2674	0,0000	0,0000	0,0000	0,0000	0,0000	0,0000	0,0000	0,0000	0,0000	0,0000	1771,7030	5428,9972	14,6236	944,5804	1989,8216	7,8288	1,9200	1,9500	1,4700	3,6600	3,6600	300,0000	150,0000	1300,0000	175,0000	175,0000	2,0000	0,4000	0,2300	0,3000	0,1800	0,6000	0,6000	14,0000	-4,3285	47,2567	0,4908	0,5693	85,8219	23,9410	7349,6660	0,0000	0,0000	0,0000
116,0000	88,1770	45,3385	68,8287	27,0728	17,2571	23,7014	7,5520	7,3320	110,7206	133,5067	144,7602	133,4424	45,6005	106,5334	71,8233	146,8091	93,3587	31,1470	0,0000	0,0000	0,0000	0,0000	0,0000	0,0000	0,0000	0,0000	0,0000	0,0000	1576,2008	4471,3399	12,7870	810,6477	1976,4789	7,5942	1,9200	1,9500	1,4700	3,6600	3,6600	300,0000	150,0000	1300,0000	175,0000	175,0000	2,0000	0,4000	0,2300	0,3000	0,1800	0,6000	0,6000	27,9122	-3,9132	42,8386	0,5108	0,5720	85,8219	23,9410	7068,2243	0,0000	0,0000	0,0000
116,0000	91,5988	45,0299	70,7722	32,8625	22,5889	28,5150	8,9906	11,4225	118,8838	116,3524	124,5542	105,3556	45,2131	114,9865	77,6180	142,1371	97,0256	36,0300	0,0000	0,0000	0,0000	0,0000	0,0000	0,0000	0,0000	0,0000	0,0000	0,0000	1542,7268	4844,2225	13,3276	970,9889	1954,8965	7,8152	1,9200	1,9500	1,4700	3,6600	3,6600	300,0000	150,0000	1300,0000	175,0000	175,0000	2,0000	0,4000	0,2300	0,3000	0,1800	0,6000	0,6000	43,0000	0,3755	46,5689	0,4539	0,6068	85,8219	23,9410	8093,7097	0,0000	0,0000	0,0000
116,0000	96,8360	45,4279	74,4497	33,2551	24,7802	29,1907	8,9608	11,4954	129,9604	115,6767	112,5789	111,4016	47,8168	115,1363	78,3139	136,6297	102,6518	36,4428	0,0000	0,0000	0,0000	0,0000	0,0000	0,0000	0,0000	0,0000	0,0000	0,0000	1724,1140	5634,6623	14,8754	994,2387	1790,4978	7,5904	1,9200	1,9500	1,4700	3,6600	3,6600	300,0000	150,0000	1300,0000	175,0000	175,0000	2,0000	0,4000	0,2300	0,3000	0,1800	0,6000	0,6000	43,0000	0,4873	51,4082	0,4268	0,5847	85,8219	23,9410	7809,0618	0,0000	0,0000	0,0000
116,0000	97,2711	47,2292	74,9430	33,3696	24,8863	29,2906	8,9716	11,1690	128,2080	116,6286	112,8404	112,4119	48,0554	114,4672	78,6776	137,4316	103,1121	36,5600	0,0000	0,0000	0,0000	0,0000	0,0000	0,0000	0,0000	0,0000	0,0000	0,0000	1741,4250	5632,4373	14,8994	1004,3586	1801,9049	7,6247	1,9200	1,9500	1,4700	3,6600	3,6600	300,0000	150,0000	1300,0000	175,0000	175,0000	2,0000	0,4000	0,2300	0,3000	0,1800	0,6000	0,6000	43,0000	0,4877	50,0419	0,4275	0,5802	85,8219	23,9410	7703,7644	0,0000	0,0000	0,0000
116,0000	96,2132	47,3662	74,0669	33,4854	22,8391	28,8976	8,6625	10,5051	125,5801	119,2333	113,6249	121,7866	47,5381	112,5886	79,0970	139,3557	101,9701	36,6845	0,0000	0,0000	0,0000	0,0000	0,0000	0,0000	0,0000	0,0000	0,0000	0,0000	1705,0284	5539,8246	14,6939	1014,8220	1876,2742	7,7598	1,9200	1,9500	1,4700	3,6600	3,6600	300,0000	150,0000	1300,0000	175,0000	175,0000	2,0000	0,4000	0,2300	0,3000	0,1800	0,6000	0,6000	34,8822	-0,1286	48,8470	0,4324	0,5778	85,8219	23,9410	7545,8566	0,0000	0,0000	0,0000
116,0000	92,6386	45,8441	71,4670	27,9596	18,0146	23,4489	6,7787	6,5465	120,2035	136,6534	129,2802	155,2665	47,6784	109,9438	73,0150	146,4119	98,1678	32,2229	0,0000	0,0000	0,0000	0,0000	0,0000	0,0000	0,0000	0,0000	0,0000	0,0000	1756,9457	5280,5186	14,3636	907,5459	2009,5033	7,8011	1,9200	1,9500	1,4700	3,6600	3,6600	300,0000	150,0000	1300,0000	175,0000	175,0000	2,0000	0,4000	0,2300	0,3000	0,1800	0,6000	0,6000	14,0000	-5,0405	46,7945	0,5013	0,5663	85,8219	23,9410	7222,7859	0,0000	0,0000	0,0000
116,0000	88,3623	45,0771	68,8692	28,8047	17,0125	24,7942	8,0700	8,2756	110,7004	129,0607	144,3342	123,6800	45,0549	109,5966	72,3587	147,1238	93,3981	31,5943	0,0000	0,0000	0,0000	0,0000	0,0000	0,0000	0,0000	0,0000	0,0000	0,0000	1550,5370	4398,2149	12,6297	810,2698	1961,1754	7,5692	1,9200	1,9500	1,4700	3,6600	3,6600	300,0000	150,0000	1300,0000	175,0000	175,0000	2,0000	0,4000	0,2300	0,3000	0,1800	0,6000	0,6000	33,9025	-2,7145	43,2851	0,5082	0,5889	85,8219	23,9410	7486,8455	0,0000	0,0000	0,0000
116,0000	93,3705	44,8950	71,9882	32,9347	23,5279	28,7321	8,9831	11,5319	123,0800	115,6660	118,5100	106,5740	46,0861	114,9288	77,6582	139,0464	98,9313	36,0953	0,0000	0,0000	0,0000	0,0000	0,0000	0,0000	0,0000	0,0000	0,0000	0,0000	1602,7473	5119,6409	13,8618	974,8845	1863,7848	7,6763	1,9200	1,9500	1,4700	3,6600	3,6600	300,0000	150,0000	1300,0000	175,0000	175,0000	2,0000	0,4000	0,2300	0,3000	0,1800	0,6000	0,6000	43,0000	0,4515	48,4755	0,4415	0,5990	85,8219	23,9410	7985,7549	0,0000	0,0000	0,0000
116,0000	97,0775	46,0319	74,6810	33,2603	24,7835	29,1957	8,9693	11,3804	129,5767	115,8624	112,5353	111,4613	47,9467	115,0675	78,3485	136,8883	102,9088	36,4420	0,0000	0,0000	0,0000	0,0000	0,0000	0,0000	0,0000	0,0000	0,0000	0,0000	1733,4197	5649,5893	14,9140	995,6446	1789,4469	7,5910	1,9200	1,9500	1,4700	3,6600	3,6600	300,0000	150,0000	1300,0000	175,0000	175,0000	2,0000	0,4000	0,2300	0,3000	0,1800	0,6000	0,6000	43,0000	0,4876	51,0455	0,4276	0,5833	85,8219	23,9410	7786,0060	0,0000	0,0000	0,0000
116,0000	96,9028	47,3052	74,7008	33,4018	24,8845	29,3123	8,9794	11,0607	127,2495	116,8305	113,1356	112,5786	47,8763	113,7915	78,8055	137,7545	102,7145	36,5932	0,0000	0,0000	0,0000	0,0000	0,0000	0,0000	0,0000	0,0000	0,0000	0,0000	1728,7693	5575,9252	14,7892	1007,6065	1808,5635	7,6405	1,9200	1,9500	1,4700	3,6600	3,6600	300,0000	150,0000	1300,0000	175,0000	175,0000	2,0000	0,4000	0,2300	0,3000	0,1800	0,6000	0,6000	43,0000	0,4877	49,5976	0,4279	0,5793	85,8219	23,9410	7646,1657	0,0000	0,0000	0,0000
116,0000	95,7307	47,2381	73,5066	33,5299	20,9646	28,0309	8,2408	9,7960	124,6640	122,3289	113,9258	131,2248	47,3102	111,8861	79,2657	142,4088	101,4505	36,7332	0,0000	0,0000	0,0000	0,0000	0,0000	0,0000	0,0000	0,0000	0,0000	0,0000	1726,7278	5564,6320	14,7680	1081,1552	1952,8526	7,9874	1,9200	1,9500	1,4700	3,6600	3,6600	300,0000	150,0000	1300,0000	175,0000	175,0000	2,0000	0,4000	0,2300	0,3000	0,1800	0,6000	0,6000	28,8919	-1,0424	48,4926	0,4434	0,5772	85,8219	23,9410	7490,8086	0,0000	0,0000	0,0000
116,0000	90,8654	45,5754	70,2158	27,5436	17,9441	22,9178	6,7115	6,1962	116,3749	138,2337	136,1223	153,5701	46,9117	107,1939	72,5566	146,6834	96,2514	31,7649	0,0000	0,0000	0,0000	0,0000	0,0000	0,0000	0,0000	0,0000	0,0000	0,0000	1708,1561	5023,0850	13,8759	895,9489	2077,7001	7,8913	1,9200	1,9500	1,4700	3,6600	3,6600	300,0000	150,0000	1300,0000	175,0000	175,0000	2,0000	0,4000	0,2300	0,3000	0,1800	0,6000	0,6000	14,0709	-5,4190	45,2899	0,5054	0,5624	85,8219	23,9410	6992,7363	0,0000	0,0000	0,0000
116,0000	89,0110	44,7046	68,9259	30,7006	17,3469	26,0997	8,5539	9,3693	111,3398	124,2767	141,3973	114,7546	44,5292	112,0249	74,1478	147,3916	94,1331	33,5653	0,0000	0,0000	0,0000	0,0000	0,0000	0,0000	0,0000	0,0000	0,0000	0,0000	1519,4070	4407,4324	12,5948	878,5219	2014,7508	7,7633	1,9200	1,9500	1,4700	3,6600	3,6600	300,0000	150,0000	1300,0000	175,0000	175,0000	2,0000	0,4000	0,2300	0,3000	0,1800	0,6000	0,6000	39,8219	-1,4469	44,3064	0,4969	0,6025	85,8219	23,9410	7829,4984	0,0000	0,0000	0,0000
116,0000	94,7510	44,7309	72,9297	33,0427	24,1300	28,9194	8,9737	11,5725	126,3871	115,3678	115,1894	108,3866	46,7710	114,9002	77,8489	137,5171	100,4149	36,2104	0,0000	0,0000	0,0000	0,0000	0,0000	0,0000	0,0000	0,0000	0,0000	0,0000	1650,3205	5338,4550	14,2861	981,0120	1818,0623	7,6132	1,9200	1,9500	1,4700	3,6600	3,6600	300,0000	150,0000	1300,0000	175,0000	175,0000	2,0000	0,4000	0,2300	0,3000	0,1800	0,6000	0,6000	43,0000	0,4761	50,0200	0,4339	0,5929	85,8219	23,9410	7902,9882	0,0000	0,0000	0,0000
116,0000	97,2750	46,5116	74,8672	33,2884	24,8153	29,2213	8,9719	11,3173	129,3085	116,0095	112,5689	111,7266	48,0495	115,0313	78,4286	137,0499	103,1197	36,4714	0,0000	0,0000	0,0000	0,0000	0,0000	0,0000	0,0000	0,0000	0,0000	0,0000	1740,8098	5661,0406	14,9440	997,9013	1791,7739	7,5983	1,9200	1,9500	1,4700	3,6600	3,6600	300,0000	150,0000	1300,0000	175,0000	175,0000	2,0000	0,4000	0,2300	0,3000	0,1800	0,6000	0,6000	43,0000	0,4877	50,7634	0,4277	0,5823	85,8219	23,9410	7769,8891	0,0000	0,0000	0,0000
116,0000	96,7252	47,3691	74,5870	33,4258	24,8944	29,3307	8,9815	11,0062	126,7456	116,9759	113,2873	112,7347	47,7898	113,4440	78,8895	137,9126	102,5228	36,6191	0,0000	0,0000	0,0000	0,0000	0,0000	0,0000	0,0000	0,0000	0,0000	0,0000	1722,6858	5547,4901	14,7343	1009,7141	1812,6240	7,6503	1,9200	1,9500	1,4700	3,6600	3,6600	300,0000	150,0000	1300,0000	175,0000	175,0000	2,0000	0,4000	0,2300	0,3000	0,1800	0,6000	0,6000	43,0000	0,4877	49,3561	0,4280	0,5787	85,8219	23,9410	7615,8921	0,0000	0,0000	0,0000
116,0000	95,1041	47,1741	72,9697	32,2743	19,6649	26,8825	7,7705	8,9615	123,6242	126,1462	116,0403	140,5369	47,5004	111,5378	78,3290	144,8228	101,0344	36,7046	0,0000	0,0000	0,0000	0,0000	0,0000	0,0000	0,0000	0,0000	0,0000	0,0000	1677,3236	5541,1777	14,6520	1049,7041	2006,2290	8,0223	1,9200	1,9500	1,4700	3,6600	3,6600	300,0000	150,0000	1300,0000	175,0000	175,0000	2,0000	0,4000	0,2300	0,3000	0,1800	0,6000	0,6000	22,9015	-2,1387	47,9300	0,4591	0,5741	85,8219	23,9410	7428,3332	0,0000	0,0000	0,0000
116,0000	89,3854	45,3782	69,2293	27,3272	18,2709	22,7324	6,7783	6,1967	113,2641	138,5235	141,2158	150,3453	46,2283	104,8991	72,3374	146,4638	94,6570	31,5209	0,0000	0,0000	0,0000	0,0000	0,0000	0,0000	0,0000	0,0000	0,0000	0,0000	1657,8355	4796,6759	13,4352	887,4814	2109,7400	7,9288	1,9200	1,9500	1,4700	3,6600	3,6600	300,0000	150,0000	1300,0000	175,0000	175,0000	2,0000	0,4000	0,2300	0,3000	0,1800	0,6000	0,6000	16,9862	-5,4325	44,0072	0,5061	0,5593	85,8219	23,9410	6805,8136	0,0000	0,0000	0,0000
116,0000	89,3163	45,0433	69,1622	31,9912	19,2960	27,3713	8,8978	10,4430	112,6507	120,0080	137,0022	107,6079	44,2777	113,7121	76,1632	147,1303	94,5364	35,0482	0,0000	0,0000	0,0000	0,0000	0,0000	0,0000	0,0000	0,0000	0,0000	0,0000	1490,7480	4473,5913	12,6545	933,4619	2067,4596	7,9347	1,9200	1,9500	1,4700	3,6600	3,6600	300,0000	150,0000	1300,0000	175,0000	175,0000	2,0000	0,4000	0,2300	0,3000	0,1800	0,6000	0,6000	42,8970	-0,3450	44,2729	0,4823	0,6106	85,8219	23,9410	8054,3887	0,0000	0,0000	0,0000
116,0000	95,7385	44,6900	73,6106	33,1728	24,5353	29,0858	8,9611	11,5980	128,6465	115,3803	113,5971	110,1857	47,2599	114,9657	78,1252	136,9684	101,4758	36,3572	0,0000	0,0000	0,0000	0,0000	0,0000	0,0000	0,0000	0,0000	0,0000	0,0000	1684,6734	5492,6241	14,5863	988,4788	1801,7685	7,5992	1,9200	1,9500	1,4700	3,6600	3,6600	300,0000	150,0000	1300,0000	175,0000	175,0000	2,0000	0,4000	0,2300	0,3000	0,1800	0,6000	0,6000	43,0000	0,4840	51,0484	0,4296	0,5889	85,8219	23,9410	7853,8779	0,0000	0,0000	0,0000
116,0000	97,4692	46,8482	75,0364	33,3210	24,8624	29,2526	8,9674	11,2964	129,2352	116,2055	112,5635	112,0588	48,1476	115,0915	78,5092	137,0871	103,3276	36,5084	0,0000	0,0000	0,0000	0,0000	0,0000	0,0000	0,0000	0,0000	0,0000	0,0000	1747,8712	5676,0980	14,9792	999,9995	1794,2183	7,6055	1,9200	1,9500	1,4700	3,6600	3,6600	300,0000	150,0000	1300,0000	175,0000	175,0000	2,0000	0,4000	0,2300	0,3000	0,1800	0,6000	0,6000	43,0000	0,4877	50,6210	0,4273	0,5817	85,8219	23,9410	7765,4833	0,0000	0,0000	0,0000
116,0000	96,7089	47,4361	74,5835	33,4361	24,9069	29,3401	8,9778	10,9913	126,6035	117,1385	113,2954	112,8243	47,7826	113,3632	78,9215	137,9281	102,5047	36,6305	0,0000	0,0000	0,0000	0,0000	0,0000	0,0000	0,0000	0,0000	0,0000	0,0000	1722,2029	5542,1645	14,7250	1010,5144	1813,6597	7,6532	1,9200	1,9500	1,4700	3,6600	3,6600	300,0000	150,0000	1300,0000	175,0000	175,0000	2,0000	0,4000	0,2300	0,3000	0,1800	0,6000	0,6000	43,0000	0,4877	49,2728	0,4278	0,5785	85,8219	23,9410	7607,3487	0,0000	0,0000	0,0000
116,0000	94,0393	47,1693	72,5691	30,1843	18,8235	25,5786	7,2973	8,0431	122,9535	130,3680	120,1815	149,6086	47,7672	111,4571	76,1992	145,7847	99,7406	34,6326	0,0000	0,0000	0,0000	0,0000	0,0000	0,0000	0,0000	0,0000	0,0000	0,0000	1748,8574	5490,0202	14,6844	992,4532	2007,7855	7,9336	1,9200	1,9500	1,4700	3,6600	3,6600	300,0000	150,0000	1300,0000	175,0000	175,0000	2,0000	0,4000	0,2300	0,3000	0,1800	0,6000	0,6000	16,9112	-3,3337	46,8700	0,4773	0,5714	85,8219	23,9410	7388,0299	0,0000	0,0000	0,0000
116,0000	88,5714	45,3470	68,8634	27,1409	17,6284	23,0545	7,1323	6,6768	111,4607	136,5724	143,6928	142,2001	45,8509	104,0434	72,0347	146,4676	93,7816	31,2986	0,0000	0,0000	0,0000	0,0000	0,0000	0,0000	0,0000	0,0000	0,0000	0,0000	1628,5375	4602,0347	13,0785	867,1320	2044,0035	7,7917	1,9200	1,9500	1,4700	3,6600	3,6600	300,0000	150,0000	1300,0000	175,0000	175,0000	2,0000	0,4000	0,2300	0,3000	0,1800	0,6000	0,6000	22,8736	-4,7868	43,2244	0,5082	0,5593	85,8219	23,9410	6750,3337	0,0000	0,0000	0,0000
116,0000	90,1822	45,1305	69,7959	32,6710	21,4073	28,1829	8,9878	11,1459	115,3290	117,4816	130,7485	105,1144	44,5500	114,7016	77,3561	145,0838	95,4960	35,8236	0,0000	0,0000	0,0000	0,0000	0,0000	0,0000	0,0000	0,0000	0,0000	0,0000	1505,8434	4623,1030	12,9167	966,1957	2034,9477	7,9351	1,9200	1,9500	1,4700	3,6600	3,6600	300,0000	150,0000	1300,0000	175,0000	175,0000	2,0000	0,4000	0,2300	0,3000	0,1800	0,6000	0,6000	43,0000	0,2018	45,0518	0,4668	0,6116	85,8219	23,9410	8137,5844	0,0000	0,0000	0,0000
116,0000	96,4474	44,9443	74,1295	33,2455	24,7382	29,1754	8,9553	11,5754	129,8270	115,5306	112,8359	111,2009	47,6154	114,8658	78,2843	136,7333	102,2363	36,4375	0,0000	0,0000	0,0000	0,0000	0,0000	0,0000	0,0000	0,0000	0,0000	0,0000	1709,8131	5592,3813	14,7853	992,9532	1794,5930	7,5949	1,9200	1,9500	1,4700	3,6600	3,6600	300,0000	150,0000	1300,0000	175,0000	175,0000	2,0000	0,4000	0,2300	0,3000	0,1800	0,6000	0,6000	43,0000	0,4865	51,5031	0,4275	0,5855	85,8219	23,9410	7801,0473	0,0000	0,0000	0,0000
116,0000	97,4925	47,0901	75,0791	33,3462	24,8870	29,2746	8,9658	11,2528	128,9146	116,4377	112,6301	112,2800	48,1618	114,9395	78,5851	137,1887	103,3515	36,5361	0,0000	0,0000	0,0000	0,0000	0,0000	0,0000	0,0000	0,0000	0,0000	0,0000	1748,9441	5669,8461	14,9710	1001,9704	1797,1496	7,6133	1,9200	1,9500	1,4700	3,6600	3,6600	300,0000	150,0000	1300,0000	175,0000	175,0000	2,0000	0,4000	0,2300	0,3000	0,1800	0,6000	0,6000	43,0000	0,4877	50,4024	0,4272	0,5810	85,8219	23,9410	7746,2203	0,0000	0,0000	0,0000
116,0000	96,5676	47,4436	74,4573	33,4525	24,8137	29,2837	8,9175	10,8951	126,2665	117,5866	113,3799	114,7139	47,7134	113,1194	78,9796	138,0682	102,3521	36,6485	0,0000	0,0000	0,0000	0,0000	0,0000	0,0000	0,0000	0,0000	0,0000	0,0000	1717,3453	5532,2860	14,7015	1011,9454	1826,1451	7,6754	1,9200	1,9500	1,4700	3,6600	3,6600	300,0000	150,0000	1300,0000	175,0000	175,0000	2,0000	0,4000	0,2300	0,3000	0,1800	0,6000	0,6000	39,9208	0,3800	49,1239	0,4280	0,5782	85,8219	23,9410	7587,1015	0,0000	0,0000	0,0000
116,0000	93,5455	46,2634	72,1404	28,7110	18,2692	24,2379	6,9079	7,0974	122,1308	134,4301	124,5459	155,7857	47,9363	111,2000	74,1014	146,1554	99,1620	33,0524	0,0000	0,0000	0,0000	0,0000	0,0000	0,0000	0,0000	0,0000	0,0000	0,0000	1770,7216	5415,1200	14,5999	935,6933	1988,6014	7,8127	1,9200	1,9500	1,4700	3,6600	3,6600	300,0000	150,0000	1300,0000	175,0000	175,0000	2,0000	0,4000	0,2300	0,3000	0,1800	0,6000	0,6000	14,0000	-4,4750	47,2821	0,4930	0,5689	85,8219	23,9410	7338,5973	0,0000	0,0000	0,0000
116,0000	88,1114	45,3247	68,8305	27,1954	17,2064	23,8543	7,6350	7,4696	110,6444	132,8418	144,8540	131,8199	45,5297	107,0347	71,8246	146,8589	93,2782	31,1244	0,0000	0,0000	0,0000	0,0000	0,0000	0,0000	0,0000	0,0000	0,0000	0,0000	1563,9315	4452,9261	12,7381	799,9121	1968,7359	7,5648	1,9200	1,9500	1,4700	3,6600	3,6600	300,0000	150,0000	1300,0000	175,0000	175,0000	2,0000	0,4000	0,2300	0,3000	0,1800	0,6000	0,6000	28,8639	-3,7308	42,7867	0,5109	0,5746	85,8219	23,9410	7134,5839	0,0000	0,0000	0,0000
116,0000	91,8873	45,0069	70,9701	32,8772	22,7701	28,5564	8,9897	11,4496	119,5790	116,2059	123,4392	105,4971	45,3537	114,9850	77,6267	141,5682	97,3362	36,0438	0,0000	0,0000	0,0000	0,0000	0,0000	0,0000	0,0000	0,0000	0,0000	0,0000	1552,3845	4889,1157	13,4144	971,7881	1938,2693	7,7900	1,9200	1,9500	1,4700	3,6600	3,6600	300,0000	150,0000	1300,0000	175,0000	175,0000	2,0000	0,4000	0,2300	0,3000	0,1800	0,6000	0,6000	43,0000	0,3939	46,8804	0,4517	0,6056	85,8219	23,9410	8077,2351	0,0000	0,0000	0,0000
116,0000	96,8799	45,5257	74,4905	33,2551	24,7808	29,1910	8,9622	11,4751	129,9081	115,7072	112,5611	111,4080	47,8404	115,1328	78,3176	136,6598	102,6986	36,4416	0,0000	0,0000	0,0000	0,0000	0,0000	0,0000	0,0000	0,0000	0,0000	0,0000	1725,8035	5637,9229	14,8833	994,4334	1790,0780	7,5900	1,9200	1,9500	1,4700	3,6600	3,6600	300,0000	150,0000	1300,0000	175,0000	175,0000	2,0000	0,4000	0,2300	0,3000	0,1800	0,6000	0,6000	43,0000	0,4873	51,3542	0,4269	0,5845	85,8219	23,9410	7805,9172	0,0000	0,0000	0,0000
116,0000	97,2054	47,2430	74,8998	33,3749	24,8855	29,2941	8,9730	11,1493	128,0368	116,6635	112,8925	112,4387	48,0235	114,3465	78,6995	137,4892	103,0411	36,5655	0,0000	0,0000	0,0000	0,0000	0,0000	0,0000	0,0000	0,0000	0,0000	0,0000	1739,1658	5622,3452	14,8797	1004,9162	1803,0548	7,6274	1,9200	1,9500	1,4700	3,6600	3,6600	300,0000	150,0000	1300,0000	175,0000	175,0000	2,0000	0,4000	0,2300	0,3000	0,1800	0,6000	0,6000	43,0000	0,4877	49,9624	0,4276	0,5800	85,8219	23,9410	7693,4727	0,0000	0,0000	0,0000
116,0000	96,1261	47,3438	73,9726	33,4933	22,5075	28,7882	8,6016	10,4048	125,4184	119,6562	113,6830	123,3064	47,4949	112,4617	79,1249	139,7616	101,8763	36,6930	0,0000	0,0000	0,0000	0,0000	0,0000	0,0000	0,0000	0,0000	0,0000	0,0000	1739,1854	5544,8631	14,7564	1039,5635	1890,4395	7,8218	1,9200	1,9500	1,4700	3,6600	3,6600	300,0000	150,0000	1300,0000	175,0000	175,0000	2,0000	0,4000	0,2300	0,3000	0,1800	0,6000	0,6000	33,9305	-0,2562	48,7823	0,4339	0,5777	85,8219	23,9410	7536,1398	0,0000	0,0000	0,0000
116,0000	92,3830	45,7846	71,2841	27,8655	17,9866	23,3398	6,7640	6,4703	119,6565	136,9688	130,3176	155,0139	47,5762	109,5582	72,8942	146,4614	97,8906	32,1188	0,0000	0,0000	0,0000	0,0000	0,0000	0,0000	0,0000	0,0000	0,0000	0,0000	1748,8823	5243,2198	14,2914	903,6579	2018,0476	7,8085	1,9200	1,9500	1,4700	3,6600	3,6600	300,0000	150,0000	1300,0000	175,0000	175,0000	2,0000	0,4000	0,2300	0,3000	0,1800	0,6000	0,6000	14,0000	-5,1174	46,5984	0,5023	0,5657	85,8219	23,9410	7189,9181	0,0000	0,0000	0,0000
116,0000	88,4757	44,9966	68,8728	29,1511	16,9919	24,9907	8,1498	8,4406	110,7629	128,3113	144,0111	122,2113	44,9612	110,0340	72,5758	147,1735	93,5049	31,8575	0,0000	0,0000	0,0000	0,0000	0,0000	0,0000	0,0000	0,0000	0,0000	0,0000	1545,8048	4394,3022	12,6159	818,4426	1965,4473	7,5890	1,9200	1,9500	1,4700	3,6600	3,6600	300,0000	150,0000	1300,0000	175,0000	175,0000	2,0000	0,4000	0,2300	0,3000	0,1800	0,6000	0,6000	34,8542	-2,5160	43,4791	0,5069	0,5914	85,8219	23,9410	7548,4407	0,0000	0,0000	0,0000
116,0000	93,6206	44,8695	72,1592	32,9476	23,6432	28,7621	8,9817	11,5402	123,6759	115,5961	117,8119	106,8335	46,2103	114,9159	77,6750	138,7016	99,2002	36,1081	0,0000	0,0000	0,0000	0,0000	0,0000	0,0000	0,0000	0,0000	0,0000	0,0000	1611,3287	5159,0010	13,9382	975,6084	1853,3973	7,6609	1,9200	1,9500	1,4700	3,6600	3,6600	300,0000	150,0000	1300,0000	175,0000	175,0000	2,0000	0,4000	0,2300	0,3000	0,1800	0,6000	0,6000	43,0000	0,4575	48,7511	0,4400	0,5979	85,8219	23,9410	7969,8544	0,0000	0,0000	0,0000
116,0000	97,1086	46,1207	74,7115	33,2632	24,7860	29,1983	8,9702	11,3663	129,5172	115,8870	112,5390	111,4875	47,9633	115,0532	78,3585	136,9232	102,9419	36,4446	0,0000	0,0000	0,0000	0,0000	0,0000	0,0000	0,0000	0,0000	0,0000	0,0000	1734,6088	5651,0781	14,9182	995,9537	1789,6447	7,5918	1,9200	1,9500	1,4700	3,6600	3,6600	300,0000	150,0000	1300,0000	175,0000	175,0000	2,0000	0,4000	0,2300	0,3000	0,1800	0,6000	0,6000	43,0000	0,4876	50,9879	0,4277	0,5831	85,8219	23,9410	7782,4294	0,0000	0,0000	0,0000
116,0000	96,8586	47,3149	74,6718	33,4064	24,8853	29,3156	8,9801	11,0480	127,1339	116,8561	113,1708	112,6048	47,8548	113,7101	78,8226	137,7920	102,6669	36,5981	0,0000	0,0000	0,0000	0,0000	0,0000	0,0000	0,0000	0,0000	0,0000	0,0000	1727,2524	5569,1351	14,7760	1008,0367	1809,4192	7,6425	1,9200	1,9500	1,4700	3,6600	3,6600	300,0000	150,0000	1300,0000	175,0000	175,0000	2,0000	0,4000	0,2300	0,3000	0,1800	0,6000	0,6000	43,0000	0,4877	49,5438	0,4280	0,5792	85,8219	23,9410	7639,2192	0,0000	0,0000	0,0000
116,0000	95,6738	47,2221	73,4095	33,5353	20,7130	27,8577	8,1683	9,6703	124,4667	122,8962	113,9842	132,6501	47,3297	111,8035	79,2732	142,9262	101,3892	36,7391	0,0000	0,0000	0,0000	0,0000	0,0000	0,0000	0,0000	0,0000	0,0000	0,0000	1733,9650	5562,1933	14,7756	1089,6413	1960,7062	8,0134	1,9200	1,9500	1,4700	3,6600	3,6600	300,0000	150,0000	1300,0000	175,0000	175,0000	2,0000	0,4000	0,2300	0,3000	0,1800	0,6000	0,6000	27,9402	-1,2072	48,4517	0,4454	0,5767	85,8219	23,9410	7478,9574	0,0000	0,0000	0,0000
116,0000	90,5868	45,5304	70,0202	27,5048	18,0303	22,8621	6,7073	6,1676	115,7987	138,3884	137,1802	153,2608	46,7842	106,7679	72,5254	146,7096	95,9511	31,7223	0,0000	0,0000	0,0000	0,0000	0,0000	0,0000	0,0000	0,0000	0,0000	0,0000	1698,7023	4983,5236	13,7978	894,5661	2089,0852	7,9072	1,9200	1,9500	1,4700	3,6600	3,6600	300,0000	150,0000	1300,0000	175,0000	175,0000	2,0000	0,4000	0,2300	0,3000	0,1800	0,6000	0,6000	14,2486	-5,4563	45,0564	0,5057	0,5618	85,8219	23,9410	6958,1109	0,0000	0,0000	0,0000
116,0000	89,0598	44,7225	68,9472	30,9450	17,5705	26,3161	8,6242	9,5504	111,4931	123,5172	140,7927	113,4243	44,4642	112,3357	74,4853	147,4159	94,2018	33,8469	0,0000	0,0000	0,0000	0,0000	0,0000	0,0000	0,0000	0,0000	0,0000	0,0000	1518,2364	4414,6994	12,6045	891,6833	2026,3706	7,8027	1,9200	1,9500	1,4700	3,6600	3,6600	300,0000	150,0000	1300,0000	175,0000	175,0000	2,0000	0,4000	0,2300	0,3000	0,1800	0,6000	0,6000	40,5960	-1,2468	44,3373	0,4947	0,6042	85,8219	23,9410	7873,0952	0,0000	0,0000	0,0000
116,0000	94,9273	44,7113	73,0501	33,0640	24,2076	28,9487	8,9718	11,5770	126,8094	115,3486	114,8551	108,6962	46,8583	114,9046	77,8932	137,3882	100,6044	36,2342	0,0000	0,0000	0,0000	0,0000	0,0000	0,0000	0,0000	0,0000	0,0000	0,0000	1656,4313	5366,5023	14,3405	982,2405	1814,1520	7,6090	1,9200	1,9500	1,4700	3,6600	3,6600	300,0000	150,0000	1300,0000	175,0000	175,0000	2,0000	0,4000	0,2300	0,3000	0,1800	0,6000	0,6000	43,0000	0,4780	50,2161	0,4330	0,5922	85,8219	23,9410	7893,3725	0,0000	0,0000	0,0000
116,0000	97,3051	46,5713	74,8941	33,2941	24,8228	29,2267	8,9716	11,3120	129,2857	116,0336	112,5728	111,7830	48,0648	115,0348	78,4433	137,0630	103,1518	36,4778	0,0000	0,0000	0,0000	0,0000	0,0000	0,0000	0,0000	0,0000	0,0000	0,0000	1741,9088	5663,1228	14,9490	998,2879	1792,2588	7,5996	1,9200	1,9500	1,4700	3,6600	3,6600	300,0000	150,0000	1300,0000	175,0000	175,0000	2,0000	0,4000	0,2300	0,3000	0,1800	0,6000	0,6000	43,0000	0,4877	50,7338	0,4277	0,5822	85,8219	23,9410	7768,5194	0,0000	0,0000	0,0000
116,0000	96,7145	47,3791	74,5808	33,4284	24,8966	29,3328	8,9812	11,0021	126,7059	116,9975	113,2963	112,7549	47,7846	113,4183	78,8978	137,9220	102,5112	36,6219	0,0000	0,0000	0,0000	0,0000	0,0000	0,0000	0,0000	0,0000	0,0000	0,0000	1722,3254	5545,5113	14,7305	1009,9203	1812,9706	7,6512	1,9200	1,9500	1,4700	3,6600	3,6600	300,0000	150,0000	1300,0000	175,0000	175,0000	2,0000	0,4000	0,2300	0,3000	0,1800	0,6000	0,6000	43,0000	0,4877	49,3354	0,4280	0,5787	85,8219	23,9410	7613,5038	0,0000	0,0000	0,0000
116,0000	94,8370	47,1703	72,8993	31,8891	19,5078	26,6856	7,6945	8,8206	123,5003	126,7962	116,6356	142,0323	47,5396	111,5128	78,0299	145,0503	100,6919	36,3873	0,0000	0,0000	0,0000	0,0000	0,0000	0,0000	0,0000	0,0000	0,0000	0,0000	1707,8084	5535,5503	14,6916	1048,0483	2011,9719	8,0288	1,9200	1,9500	1,4700	3,6600	3,6600	300,0000	150,0000	1300,0000	175,0000	175,0000	2,0000	0,4000	0,2300	0,3000	0,1800	0,6000	0,6000	21,9498	-2,3235	47,6668	0,4620	0,5737	85,8219	23,9410	7420,8874	0,0000	0,0000	0,0000
116,0000	89,2138	45,3666	69,1321	27,2961	18,1551	22,7467	6,8155	6,2413	112,8930	138,3742	141,7431	149,4243	46,1485	104,6271	72,2940	146,2970	94,4724	31,4844	0,0000	0,0000	0,0000	0,0000	0,0000	0,0000	0,0000	0,0000	0,0000	0,0000	1651,9990	4764,5516	13,3747	886,0889	2105,3233	7,9196	1,9200	1,9500	1,4700	3,6600	3,6600	300,0000	150,0000	1300,0000	175,0000	175,0000	2,0000	0,4000	0,2300	0,3000	0,1800	0,6000	0,6000	17,8428	-5,3744	43,8472	0,5058	0,5589	85,8219	23,9410	6783,5173	0,0000	0,0000	0,0000
116,0000	89,3924	45,0854	69,2253	32,1399	19,6716	27,5376	8,9269	10,5855	112,9533	119,4823	136,1500	106,8557	44,2786	113,9165	76,4246	146,9504	94,6253	35,2188	0,0000	0,0000	0,0000	0,0000	0,0000	0,0000	0,0000	0,0000	0,0000	0,0000	1492,1876	4489,1993	12,6816	941,8595	2068,4791	7,9497	1,9200	1,9500	1,4700	3,6600	3,6600	300,0000	150,0000	1300,0000	175,0000	175,0000	2,0000	0,4000	0,2300	0,3000	0,1800	0,6000	0,6000	42,9922	-0,2190	44,3070	0,4799	0,6113	85,8219	23,9410	8078,0021	0,0000	0,0000	0,0000
116,0000	95,8677	44,7044	73,7019	33,1896	24,5823	29,1063	8,9592	11,5991	128,9096	115,4011	113,4338	110,4127	47,3241	114,9669	78,1616	136,9203	101,6146	36,3762	0,0000	0,0000	0,0000	0,0000	0,0000	0,0000	0,0000	0,0000	0,0000	0,0000	1689,2083	5511,9934	14,6244	989,4588	1800,3359	7,5985	1,9200	1,9500	1,4700	3,6600	3,6600	300,0000	150,0000	1300,0000	175,0000	175,0000	2,0000	0,4000	0,2300	0,3000	0,1800	0,6000	0,6000	43,0000	0,4846	51,1633	0,4291	0,5884	85,8219	23,9410	7846,5666	0,0000	0,0000	0,0000
116,0000	97,4904	46,8924	75,0557	33,3252	24,8684	29,2567	8,9666	11,2929	129,2155	116,2422	112,5630	112,1018	48,1584	115,0920	78,5203	137,0920	103,3502	36,5133	0,0000	0,0000	0,0000	0,0000	0,0000	0,0000	0,0000	0,0000	0,0000	0,0000	1748,6507	5677,4182	14,9826	1000,2873	1794,5553	7,6065	1,9200	1,9500	1,4700	3,6600	3,6600	300,0000	150,0000	1300,0000	175,0000	175,0000	2,0000	0,4000	0,2300	0,3000	0,1800	0,6000	0,6000	43,0000	0,4877	50,5980	0,4272	0,5816	85,8219	23,9410	7764,2997	0,0000	0,0000	0,0000
