HR	AOPmax	AOPmin	AOPmean	PAPmax	PAPmin	PAPmean	PRAmean	WedgeP	QLV	Qsist	QRV	Qpulm	LVes	LVed	RVes	RVed	Plvmax	Prvmax	QVADmax	QVADmin	QVADmean	QECMO	P1mean	P2mean	P3mean	Qventing	Qinflow1	Qinflow2	PELeftV	SWLeftV	MVO2LeftV	PERightV	SWRightV	MVO2RightV	RupAbr	RkidAbr	RsplAbr	RllAbr	RrlAbr	V0upbr	V0kidbr	V0spbr	V0llbr	V0rlbr	Emaxl	Emaxr	RupVbr	RkidVbr	RspVbr	RllVbr	RrlVbr	Paw	Ppleural	PP	RV EF 	LV EF 	Ccw linear	Cl linear	CO	ECMOflowma	ECMOlfowmi	ECMOvol
116,0000	103,9092	49,5417	79,5536	29,2201	18,2008	24,9110	7,0287	9,6166	142,1221	128,4391	113,0150	146,2779	52,7806	126,3999	73,3079	141,2293	110,3796	33,6724	0,0000	0,0000	0,0000	0,0000	0,0000	0,0000	0,0000	0,0000	0,0000	0,0000	2113,0791	6945,9378	17,5833	924,9689	1848,2975	7,5721	1,9200	1,9500	1,4700	3,6600	3,6600	300,0000	150,0000	1300,0000	175,0000	175,0000	2,0000	0,4000	0,2300	0,3000	0,1800	0,6000	0,6000	14,4175	-3,7660	54,3675	0,4809	0,5824	84,9649	24,3511	8539,8307	0,0000	0,0000	0,0000
116,0000	96,7930	48,7503	74,5664	26,2715	17,1023	21,7064	6,3243	6,8848	124,9138	140,2938	138,6566	142,3290	50,1511	114,8565	70,1103	143,7634	102,6368	30,3180	0,0000	0,0000	0,0000	0,0000	0,0000	0,0000	0,0000	0,0000	0,0000	0,0000	1933,2816	5743,2011	15,3814	835,3149	2024,4893	7,7100	1,9200	1,9500	1,4700	3,6600	3,6600	300,0000	150,0000	1300,0000	175,0000	175,0000	2,0000	0,4000	0,2300	0,3000	0,1800	0,6000	0,6000	12,0000	-6,4246	48,0427	0,5123	0,5634	84,9649	24,3511	7505,8182	0,0000	0,0000	0,0000
116,0000	93,8162	46,6229	72,2683	26,3710	16,5727	21,7215	6,2959	6,9766	121,4500	140,0738	142,5079	140,7614	48,6699	112,4252	70,6539	144,4730	99,4436	30,4061	0,0000	0,0000	0,0000	0,0000	0,0000	0,0000	0,0000	0,0000	0,0000	0,0000	1831,6459	5387,6238	14,6532	848,1213	2077,1521	7,8142	1,9200	1,9500	1,4700	3,6600	3,6600	300,0000	150,0000	1300,0000	175,0000	175,0000	2,0000	0,4000	0,2300	0,3000	0,1800	0,6000	0,6000	12,0000	-6,5885	47,1934	0,5110	0,5671	84,9649	24,3511	7395,6136	0,0000	0,0000	0,0000
116,0000	93,9131	45,6001	72,2250	26,5334	16,7870	21,9355	6,3257	7,2947	123,2894	138,5169	142,0275	140,2259	48,6878	114,0642	70,9918	144,5620	99,5571	30,5716	0,0000	0,0000	0,0000	0,0000	0,0000	0,0000	0,0000	0,0000	0,0000	0,0000	1832,6598	5438,8254	14,7363	855,0193	2071,7124	7,8165	1,9200	1,9500	1,4700	3,6600	3,6600	300,0000	150,0000	1300,0000	175,0000	175,0000	2,0000	0,4000	0,2300	0,3000	0,1800	0,6000	0,6000	13,4805	-6,5283	48,3130	0,5089	0,5732	84,9649	24,3511	7583,6618	0,0000	0,0000	0,0000
116,0000	97,1139	46,3547	74,5832	31,8805	18,5654	27,3361	8,8112	11,9453	127,5240	117,6910	133,3098	101,9986	48,1235	125,6552	75,0599	144,1144	102,9160	34,6819	0,0000	0,0000	0,0000	0,0000	0,0000	0,0000	0,0000	0,0000	0,0000	0,0000	1747,4616	5415,5244	14,5635	895,6728	1961,5977	7,7059	1,9200	1,9500	1,4700	3,6600	3,6600	300,0000	150,0000	1300,0000	175,0000	175,0000	2,0000	0,4000	0,2300	0,3000	0,1800	0,6000	0,6000	44,0610	-0,6284	50,7592	0,4792	0,6170	84,9649	24,3511	8993,6866	0,0000	0,0000	0,0000
116,0000	104,1993	47,5372	79,6657	33,3336	24,6237	29,3283	8,9284	13,4007	143,6323	112,3273	106,3056	107,4803	51,2982	125,7791	77,2373	132,3036	110,5906	36,4083	0,0000	0,0000	0,0000	0,0000	0,0000	0,0000	0,0000	0,0000	0,0000	0,0000	1952,0977	6643,9748	16,8460	955,4657	1690,1811	7,3689	1,9200	1,9500	1,4700	3,6600	3,6600	300,0000	150,0000	1300,0000	175,0000	175,0000	2,0000	0,4000	0,2300	0,3000	0,1800	0,6000	0,6000	40,5779	0,5713	56,6622	0,4162	0,5922	84,9649	24,3511	8639,7873	0,0000	0,0000	0,0000
116,0000	103,3797	48,8815	79,1302	27,6457	17,6909	23,4539	6,6117	8,3974	140,5480	133,3233	117,8068	150,7429	52,9794	125,7833	71,2278	142,0430	109,7598	31,9254	0,0000	0,0000	0,0000	0,0000	0,0000	0,0000	0,0000	0,0000	0,0000	0,0000	2141,7816	6837,0584	17,4556	870,6338	1832,6792	7,4607	1,9200	1,9500	1,4700	3,6600	3,6600	300,0000	150,0000	1300,0000	175,0000	175,0000	2,0000	0,4000	0,2300	0,3000	0,1800	0,6000	0,6000	12,0000	-5,0203	54,4981	0,4985	0,5788	84,9649	24,3511	8445,2506	0,0000	0,0000	0,0000
116,0000	95,9151	48,7139	73,9577	26,1981	16,7134	21,6002	6,3170	6,8328	122,9779	140,5308	140,3575	141,0182	49,7317	113,4343	70,0660	143,8451	101,6924	30,2234	0,0000	0,0000	0,0000	0,0000	0,0000	0,0000	0,0000	0,0000	0,0000	0,0000	1911,6355	5608,2221	15,1319	837,3779	2039,2112	7,7367	1,9200	1,9500	1,4700	3,6600	3,6600	300,0000	150,0000	1300,0000	175,0000	175,0000	2,0000	0,4000	0,2300	0,3000	0,1800	0,6000	0,6000	12,0000	-6,5004	47,2013	0,5129	0,5616	84,9649	24,3511	7389,4959	0,0000	0,0000	0,0000
116,0000	93,6786	46,3298	72,1382	26,3933	16,5838	21,7426	6,2962	7,0144	121,5970	139,8248	142,5505	140,6832	48,5968	112,6340	70,7107	144,5519	99,2973	30,4284	0,0000	0,0000	0,0000	0,0000	0,0000	0,0000	0,0000	0,0000	0,0000	0,0000	1826,1742	5380,4775	14,6331	849,2003	2078,7147	7,8184	1,9200	1,9500	1,4700	3,6600	3,6600	300,0000	150,0000	1300,0000	175,0000	175,0000	2,0000	0,4000	0,2300	0,3000	0,1800	0,6000	0,6000	12,0000	-6,5933	47,3489	0,5108	0,5685	84,9649	24,3511	7428,3155	0,0000	0,0000	0,0000
116,0000	94,0123	45,5497	72,4558	26,5508	16,8153	22,3654	6,6445	7,7087	123,6028	136,4577	141,9214	136,0993	48,7334	114,8781	71,0204	144,5357	99,6649	30,5886	0,0000	0,0000	0,0000	0,0000	0,0000	0,0000	0,0000	0,0000	0,0000	0,0000	1833,7654	5386,8499	14,6553	852,4102	2005,7843	7,7074	1,9200	1,9500	1,4700	3,6600	3,6600	300,0000	150,0000	1300,0000	175,0000	175,0000	2,0000	0,4000	0,2300	0,3000	0,1800	0,6000	0,6000	19,3581	-5,9114	48,4626	0,5086	0,5758	84,9649	24,3511	7672,7835	0,0000	0,0000	0,0000
116,0000	97,6963	47,1479	75,1117	32,8928	21,1546	28,4678	9,0349	12,8967	129,1045	114,1076	127,5381	98,1002	48,1442	126,4579	76,7988	142,8635	103,5908	35,8850	0,0000	0,0000	0,0000	0,0000	0,0000	0,0000	0,0000	0,0000	0,0000	0,0000	1738,7471	5528,5971	14,7298	941,8343	1971,5558	7,7953	1,9200	1,9500	1,4700	3,6600	3,6600	300,0000	150,0000	1300,0000	175,0000	175,0000	2,0000	0,4000	0,2300	0,3000	0,1800	0,6000	0,6000	45,0000	0,2718	50,5484	0,4624	0,6193	84,9649	24,3511	9084,3936	0,0000	0,0000	0,0000
116,0000	104,7344	47,6508	79,8506	33,3995	22,0292	28,7356	8,5318	12,7849	144,6066	115,0840	105,5767	119,1848	51,5737	126,4799	77,4120	133,9785	111,1622	36,4868	0,0000	0,0000	0,0000	0,0000	0,0000	0,0000	0,0000	0,0000	0,0000	0,0000	2025,8103	6845,2794	17,2840	996,8039	1748,7199	7,5279	1,9200	1,9500	1,4700	3,6600	3,6600	300,0000	150,0000	1300,0000	175,0000	175,0000	2,0000	0,4000	0,2300	0,3000	0,1800	0,6000	0,6000	33,7612	-0,2042	57,0836	0,4222	0,5922	84,9649	24,3511	8689,1197	0,0000	0,0000	0,0000
116,0000	101,9679	48,7339	78,1339	26,8278	17,4737	22,5545	6,4497	7,6299	136,9854	136,4685	124,1819	148,0876	52,5207	123,4792	70,2586	142,6744	108,2185	30,9821	0,0000	0,0000	0,0000	0,0000	0,0000	0,0000	0,0000	0,0000	0,0000	0,0000	2111,1393	6587,2980	17,0090	844,5994	1871,6958	7,4814	1,9200	1,9500	1,4700	3,6600	3,6600	300,0000	150,0000	1300,0000	175,0000	175,0000	2,0000	0,4000	0,2300	0,3000	0,1800	0,6000	0,6000	12,0000	-5,7162	53,2340	0,5076	0,5747	84,9649	24,3511	8231,1806	0,0000	0,0000	0,0000
116,0000	95,2212	48,3094	73,4318	26,2130	16,5618	21,5938	6,3096	6,8513	122,0350	140,5006	141,3661	140,5315	49,3881	112,6022	70,1781	143,8626	100,9482	30,2335	0,0000	0,0000	0,0000	0,0000	0,0000	0,0000	0,0000	0,0000	0,0000	0,0000	1885,4075	5520,9012	14,9511	838,9682	2051,9367	7,7595	1,9200	1,9500	1,4700	3,6600	3,6600	300,0000	150,0000	1300,0000	175,0000	175,0000	2,0000	0,4000	0,2300	0,3000	0,1800	0,6000	0,6000	12,0000	-6,5434	46,9118	0,5122	0,5614	84,9649	24,3511	7332,8393	0,0000	0,0000	0,0000
116,0000	93,7114	46,0945	72,1301	26,4300	16,6327	21,7820	6,2934	7,0816	122,0480	139,5035	142,4260	140,6199	48,6060	113,0322	70,7861	144,5628	99,3348	30,4654	0,0000	0,0000	0,0000	0,0000	0,0000	0,0000	0,0000	0,0000	0,0000	0,0000	1826,7804	5395,5687	14,6581	850,7251	2078,9105	7,8212	1,9200	1,9500	1,4700	3,6600	3,6600	300,0000	150,0000	1300,0000	175,0000	175,0000	2,0000	0,4000	0,2300	0,3000	0,1800	0,6000	0,6000	12,0000	-6,5961	47,6170	0,5103	0,5700	84,9649	24,3511	7473,4300	0,0000	0,0000	0,0000
116,0000	94,2506	45,5576	72,9156	26,5714	16,8586	23,3196	7,2054	8,5552	124,2077	132,3746	141,6789	127,2480	48,8152	117,6623	71,0433	144,4329	99,9226	30,6065	0,0000	0,0000	0,0000	0,0000	0,0000	0,0000	0,0000	0,0000	0,0000	0,0000	1800,5501	5291,9833	14,4513	798,3832	1898,7365	7,4508	1,9200	1,9500	1,4700	3,6600	3,6600	300,0000	150,0000	1300,0000	175,0000	175,0000	2,0000	0,4000	0,2300	0,3000	0,1800	0,6000	0,6000	26,1747	-4,7264	48,6929	0,5081	0,5851	84,9649	24,3511	7986,2599	0,0000	0,0000	0,0000
116,0000	99,3664	47,3274	76,3137	33,2557	23,1747	29,0197	9,0604	13,3833	133,0842	112,3609	119,6991	98,7504	48,8882	126,7424	77,3420	139,3461	105,4000	36,3193	0,0000	0,0000	0,0000	0,0000	0,0000	0,0000	0,0000	0,0000	0,0000	0,0000	1785,0668	5810,1542	15,2520	956,2739	1883,6670	7,6783	1,9200	1,9500	1,4700	3,6600	3,6600	300,0000	150,0000	1300,0000	175,0000	175,0000	2,0000	0,4000	0,2300	0,3000	0,1800	0,6000	0,6000	44,9944	0,6064	52,0389	0,4450	0,6143	84,9649	24,3511	9031,0835	0,0000	0,0000	0,0000
116,0000	105,1664	48,2225	79,9131	33,3860	20,0878	27,5820	8,0228	11,8418	144,4674	119,1450	105,4561	129,2782	51,9206	126,7547	77,3222	137,7126	111,6225	36,4698	0,0000	0,0000	0,0000	0,0000	0,0000	0,0000	0,0000	0,0000	0,0000	0,0000	2059,0255	6992,9844	17,5722	1044,0944	1805,7072	7,6940	1,9200	1,9500	1,4700	3,6600	3,6600	300,0000	150,0000	1300,0000	175,0000	175,0000	2,0000	0,4000	0,2300	0,3000	0,1800	0,6000	0,6000	26,9503	-1,3131	56,9438	0,4385	0,5904	84,9649	24,3511	8680,7596	0,0000	0,0000	0,0000
116,0000	99,7699	48,7330	76,6155	26,5295	17,4422	22,1054	6,3781	7,2048	131,7828	138,4441	131,6442	145,7536	51,5444	119,8079	70,1663	143,2898	105,8442	30,6351	0,0000	0,0000	0,0000	0,0000	0,0000	0,0000	0,0000	0,0000	0,0000	0,0000	2031,4050	6220,1598	16,2973	837,1683	1953,3467	7,5996	1,9200	1,9500	1,4700	3,6600	3,6600	300,0000	150,0000	1300,0000	175,0000	175,0000	2,0000	0,4000	0,2300	0,3000	0,1800	0,6000	0,6000	12,0000	-6,1011	51,0369	0,5103	0,5698	84,9649	24,3511	7918,5659	0,0000	0,0000	0,0000
116,0000	94,5331	47,6038	72,8756	26,2916	16,5543	21,6541	6,3039	6,8984	121,5691	140,3329	142,0672	140,7282	49,0379	112,0108	70,4198	144,0106	100,2110	30,3209	0,0000	0,0000	0,0000	0,0000	0,0000	0,0000	0,0000	0,0000	0,0000	0,0000	1859,0990	5449,9605	14,7962	843,6341	2066,4520	7,7900	1,9200	1,9500	1,4700	3,6600	3,6600	300,0000	150,0000	1300,0000	175,0000	175,0000	2,0000	0,4000	0,2300	0,3000	0,1800	0,6000	0,6000	12,0000	-6,5678	46,9293	0,5110	0,5622	84,9649	24,3511	7304,8462	0,0000	0,0000	0,0000
116,0000	93,7737	45,8483	72,1418	26,4810	16,7048	21,8355	6,2907	7,1581	122,5701	139,1404	142,2855	140,6595	48,6284	113,4812	70,8915	144,5955	99,4042	30,5189	0,0000	0,0000	0,0000	0,0000	0,0000	0,0000	0,0000	0,0000	0,0000	0,0000	1828,3649	5414,9357	14,6915	852,9307	2079,9986	7,8264	1,9200	1,9500	1,4700	3,6600	3,6600	300,0000	150,0000	1300,0000	175,0000	175,0000	2,0000	0,4000	0,2300	0,3000	0,1800	0,6000	0,6000	12,0000	-6,5977	47,9253	0,5097	0,5715	84,9649	24,3511	7522,9258	0,0000	0,0000	0,0000
116,0000	94,9747	45,5680	73,5369	28,2041	16,9103	24,6295	7,8151	9,6533	125,4272	127,2971	140,5741	117,8403	48,6290	121,3931	71,5081	144,3254	100,5491	30,9076	0,0000	0,0000	0,0000	0,0000	0,0000	0,0000	0,0000	0,0000	0,0000	0,0000	1774,5761	5274,8573	14,3827	765,5508	1859,0126	7,3353	1,9200	1,9500	1,4700	3,6600	3,6600	300,0000	150,0000	1300,0000	175,0000	175,0000	2,0000	0,4000	0,2300	0,3000	0,1800	0,6000	0,6000	32,9913	-3,3147	49,4067	0,5045	0,5994	84,9649	24,3511	8440,6412	0,0000	0,0000	0,0000
116,0000	101,6350	47,4617	77,9135	33,2773	24,3260	29,2347	9,0497	13,5545	138,0656	111,6663	112,2699	100,4855	50,0063	126,6811	77,2002	135,3560	107,8397	36,3416	0,0000	0,0000	0,0000	0,0000	0,0000	0,0000	0,0000	0,0000	0,0000	0,0000	1867,6886	6184,3999	15,9796	956,9387	1767,3889	7,4942	1,9200	1,9500	1,4700	3,6600	3,6600	300,0000	150,0000	1300,0000	175,0000	175,0000	2,0000	0,4000	0,2300	0,3000	0,1800	0,6000	0,6000	44,9849	0,7146	54,1733	0,4297	0,6053	84,9649	24,3511	8894,2705	0,0000	0,0000	0,0000
116,0000	104,6040	49,0085	79,8013	31,1463	18,8685	26,1837	7,4792	10,6844	143,3165	124,0222	108,8879	138,7486	52,4520	126,6900	75,4011	140,1178	111,2193	35,6367	0,0000	0,0000	0,0000	0,0000	0,0000	0,0000	0,0000	0,0000	0,0000	0,0000	2067,0925	7013,6166	17,6179	988,6714	1856,5021	7,6867	1,9200	1,9500	1,4700	3,6600	3,6600	300,0000	150,0000	1300,0000	175,0000	175,0000	2,0000	0,4000	0,2300	0,3000	0,1800	0,6000	0,6000	20,1431	-2,6020	55,5955	0,4619	0,5860	84,9649	24,3511	8611,6008	0,0000	0,0000	0,0000
116,0000	97,8974	48,7372	75,3253	26,3716	17,4418	21,8519	6,3406	6,9829	127,4587	139,7037	136,3578	143,8044	50,6724	116,6961	70,1622	143,6321	103,8262	30,4434	0,0000	0,0000	0,0000	0,0000	0,0000	0,0000	0,0000	0,0000	0,0000	0,0000	1973,9023	5918,2091	15,7248	838,1673	2003,3124	7,6808	1,9200	1,9500	1,4700	3,6600	3,6600	300,0000	150,0000	1300,0000	175,0000	175,0000	2,0000	0,4000	0,2300	0,3000	0,1800	0,6000	0,6000	12,0000	-6,3175	49,1602	0,5115	0,5658	84,9649	24,3511	7658,7407	0,0000	0,0000	0,0000
116,0000	94,0547	46,9890	72,4749	26,3466	16,5675	21,7000	6,2984	6,9446	121,4283	140,2039	142,3983	140,8123	48,7928	112,2507	70,5826	144,3449	99,6987	30,3809	0,0000	0,0000	0,0000	0,0000	0,0000	0,0000	0,0000	0,0000	0,0000	0,0000	1840,8055	5406,5726	14,6980	846,7825	2074,3948	7,8077	1,9200	1,9500	1,4700	3,6600	3,6600	300,0000	150,0000	1300,0000	175,0000	175,0000	2,0000	0,4000	0,2300	0,3000	0,1800	0,6000	0,6000	12,0000	-6,5816	47,0658	0,5110	0,5653	84,9649	24,3511	7361,1126	0,0000	0,0000	0,0000
116,0000	93,8490	45,6833	72,1720	26,5155	16,7581	21,8732	6,2880	7,2179	123,0074	138,8819	142,1324	140,6376	48,6596	113,8340	70,9595	144,5841	99,4870	30,5541	0,0000	0,0000	0,0000	0,0000	0,0000	0,0000	0,0000	0,0000	0,0000	0,0000	1830,6117	5432,9862	14,7238	854,3478	2079,8204	7,8284	1,9200	1,9500	1,4700	3,6600	3,6600	300,0000	150,0000	1300,0000	175,0000	175,0000	2,0000	0,4000	0,2300	0,3000	0,1800	0,6000	0,6000	12,0000	-6,5986	48,1656	0,5092	0,5725	84,9649	24,3511	7560,2373	0,0000	0,0000	0,0000
116,0000	96,5054	45,6488	74,1541	30,5154	17,1280	26,0893	8,3960	10,8886	126,6718	121,9720	137,1499	108,7543	48,3341	124,2563	73,1856	144,2292	102,1672	33,0770	0,0000	0,0000	0,0000	0,0000	0,0000	0,0000	0,0000	0,0000	0,0000	0,0000	1773,9019	5339,1794	14,4841	837,3842	1899,5740	7,5143	1,9200	1,9500	1,4700	3,6600	3,6600	300,0000	150,0000	1300,0000	175,0000	175,0000	2,0000	0,4000	0,2300	0,3000	0,1800	0,6000	0,6000	39,8079	-1,8276	50,8566	0,4926	0,6110	84,9649	24,3511	8806,9735	0,0000	0,0000	0,0000
116,0000	103,3683	47,5315	79,1339	33,2813	24,9655	29,3558	9,0386	13,5607	141,8118	111,5984	107,9298	102,4344	50,8770	126,3210	77,1219	133,0295	109,6997	36,3440	0,0000	0,0000	0,0000	0,0000	0,0000	0,0000	0,0000	0,0000	0,0000	0,0000	1920,3345	6476,9299	16,5294	951,6686	1697,5968	7,3746	1,9200	1,9500	1,4700	3,6600	3,6600	300,0000	150,0000	1300,0000	175,0000	175,0000	2,0000	0,4000	0,2300	0,3000	0,1800	0,6000	0,6000	44,9755	0,7476	55,8368	0,4203	0,5972	84,9649	24,3511	8751,5005	0,0000	0,0000	0,0000
116,0000	103,8227	49,4089	79,4906	28,9203	18,1005	24,6636	6,9455	9,4084	141,8887	129,2871	113,7959	147,6049	52,8302	126,3285	72,9297	141,3832	110,2758	33,3488	0,0000	0,0000	0,0000	0,0000	0,0000	0,0000	0,0000	0,0000	0,0000	0,0000	2114,4483	6927,8923	17,5568	912,7912	1844,8085	7,5472	1,9200	1,9500	1,4700	3,6600	3,6600	300,0000	150,0000	1300,0000	175,0000	175,0000	2,0000	0,4000	0,2300	0,3000	0,1800	0,6000	0,6000	13,3360	-3,9914	54,4138	0,4842	0,5818	84,9649	24,3511	8525,8091	0,0000	0,0000	0,0000
116,0000	96,6271	48,7512	74,4524	26,2557	17,0248	21,6842	6,3224	6,8724	124,5344	140,3608	138,9847	142,0775	50,0724	114,5812	70,0988	143,7797	102,4581	30,2981	0,0000	0,0000	0,0000	0,0000	0,0000	0,0000	0,0000	0,0000	0,0000	0,0000	1927,1855	5717,1399	15,3302	834,8167	2027,3199	7,7137	1,9200	1,9500	1,4700	3,6600	3,6600	300,0000	150,0000	1300,0000	175,0000	175,0000	2,0000	0,4000	0,2300	0,3000	0,1800	0,6000	0,6000	12,0000	-6,4397	47,8759	0,5125	0,5630	84,9649	24,3511	7483,0218	0,0000	0,0000	0,0000
116,0000	93,7843	46,5678	72,2398	26,3745	16,5735	21,7246	6,2958	6,9822	121,4633	140,0413	142,5200	140,7474	48,6533	112,4554	70,6636	144,4889	99,4096	30,4095	0,0000	0,0000	0,0000	0,0000	0,0000	0,0000	0,0000	0,0000	0,0000	0,0000	1830,4088	5385,3878	14,6477	848,3008	2077,4695	7,8150	1,9200	1,9500	1,4700	3,6600	3,6600	300,0000	150,0000	1300,0000	175,0000	175,0000	2,0000	0,4000	0,2300	0,3000	0,1800	0,6000	0,6000	12,0000	-6,5894	47,2165	0,5109	0,5674	84,9649	24,3511	7401,0466	0,0000	0,0000	0,0000
116,0000	93,9256	45,5887	72,2462	26,5362	16,7915	21,9692	6,3523	7,3297	123,3369	138,3443	142,0110	139,9430	48,6934	114,1215	70,9967	144,5583	99,5707	30,5744	0,0000	0,0000	0,0000	0,0000	0,0000	0,0000	0,0000	0,0000	0,0000	0,0000	1833,0669	5436,1266	14,7327	855,1206	2066,4293	7,8083	1,9200	1,9500	1,4700	3,6600	3,6600	300,0000	150,0000	1300,0000	175,0000	175,0000	2,0000	0,4000	0,2300	0,3000	0,1800	0,6000	0,6000	14,1448	-6,4790	48,3369	0,5089	0,5733	84,9649	24,3511	7589,6496	0,0000	0,0000	0,0000
116,0000	97,1823	46,5208	74,6540	32,0870	18,9039	27,5527	8,8687	12,1272	127,6910	116,9818	132,5167	100,9935	48,0960	125,8352	75,3983	144,0420	103,0005	34,9258	0,0000	0,0000	0,0000	0,0000	0,0000	0,0000	0,0000	0,0000	0,0000	0,0000	1737,2492	5429,3553	14,5693	901,7280	1969,7197	7,7285	1,9200	1,9500	1,4700	3,6600	3,6600	300,0000	150,0000	1300,0000	175,0000	175,0000	2,0000	0,4000	0,2300	0,3000	0,1800	0,6000	0,6000	44,4797	-0,4370	50,6615	0,4766	0,6178	84,9649	24,3511	9017,7524	0,0000	0,0000	0,0000
116,0000	104,3072	47,5370	79,7161	33,3465	24,1688	29,2754	8,8785	13,3308	143,8634	112,6510	106,1260	109,2378	51,3532	125,8745	77,2697	132,2430	110,7060	36,4237	0,0000	0,0000	0,0000	0,0000	0,0000	0,0000	0,0000	0,0000	0,0000	0,0000	1956,2654	6673,8524	16,9002	956,3593	1695,1967	7,3783	1,9200	1,9500	1,4700	3,6600	3,6600	300,0000	150,0000	1300,0000	175,0000	175,0000	2,0000	0,4000	0,2300	0,3000	0,1800	0,6000	0,6000	39,4948	0,4806	56,7702	0,4157	0,5920	84,9649	24,3511	8644,4661	0,0000	0,0000	0,0000
116,0000	103,2415	48,8353	79,0289	27,4666	17,6374	23,2707	6,5754	8,2444	140,1691	133,9285	118,6771	150,4573	52,9614	125,5690	70,9906	142,1474	109,6061	31,7205	0,0000	0,0000	0,0000	0,0000	0,0000	0,0000	0,0000	0,0000	0,0000	0,0000	2138,9586	6811,1984	17,4099	863,5856	1834,3892	7,4522	1,9200	1,9500	1,4700	3,6600	3,6600	300,0000	150,0000	1300,0000	175,0000	175,0000	2,0000	0,4000	0,2300	0,3000	0,1800	0,6000	0,6000	12,0000	-5,1611	54,4062	0,5006	0,5782	84,9649	24,3511	8422,4809	0,0000	0,0000	0,0000
116,0000	95,7998	48,6819	73,8745	26,1935	16,6775	21,5920	6,3159	6,8308	122,7666	140,5424	140,5553	140,8821	49,6757	113,2688	70,0699	143,8504	101,5686	30,2167	0,0000	0,0000	0,0000	0,0000	0,0000	0,0000	0,0000	0,0000	0,0000	0,0000	1907,3271	5591,9590	15,0992	837,3070	2041,0049	7,7394	1,9200	1,9500	1,4700	3,6600	3,6600	300,0000	150,0000	1300,0000	175,0000	175,0000	2,0000	0,4000	0,2300	0,3000	0,1800	0,6000	0,6000	12,0000	-6,5090	47,1179	0,5129	0,5614	84,9649	24,3511	7376,8013	0,0000	0,0000	0,0000
116,0000	93,6720	46,2908	72,1287	26,3974	16,5882	21,7469	6,2960	7,0223	121,6438	139,7807	142,5418	140,6699	48,5926	112,6798	70,7199	144,5565	99,2905	30,4325	0,0000	0,0000	0,0000	0,0000	0,0000	0,0000	0,0000	0,0000	0,0000	0,0000	1825,8557	5381,2366	14,6338	849,3787	2078,7896	7,8188	1,9200	1,9500	1,4700	3,6600	3,6600	300,0000	150,0000	1300,0000	175,0000	175,0000	2,0000	0,4000	0,2300	0,3000	0,1800	0,6000	0,6000	12,0000	-6,5939	47,3812	0,5108	0,5688	84,9649	24,3511	7434,1163	0,0000	0,0000	0,0000
116,0000	94,0379	45,5469	72,5147	26,5535	16,8205	22,4846	6,7241	7,8183	123,6674	135,9184	141,8939	134,8865	48,7455	115,1694	71,0239	144,5249	99,6926	30,5910	0,0000	0,0000	0,0000	0,0000	0,0000	0,0000	0,0000	0,0000	0,0000	0,0000	1831,2814	5371,3346	14,6267	847,7306	1988,4268	7,6723	1,9200	1,9500	1,4700	3,6600	3,6600	300,0000	150,0000	1300,0000	175,0000	175,0000	2,0000	0,4000	0,2300	0,3000	0,1800	0,6000	0,6000	20,4411	-5,7500	48,4910	0,5086	0,5767	84,9649	24,3511	7705,1719	0,0000	0,0000	0,0000
116,0000	97,8718	47,1962	75,2443	32,9893	21,5581	28,5904	9,0455	13,0016	129,5535	113,7327	126,4089	98,0158	48,2091	126,5267	76,9651	142,4449	103,7834	36,0007	0,0000	0,0000	0,0000	0,0000	0,0000	0,0000	0,0000	0,0000	0,0000	0,0000	1744,4088	5559,5340	14,7880	947,3168	1963,3930	7,7910	1,9200	1,9500	1,4700	3,6600	3,6600	300,0000	150,0000	1300,0000	175,0000	175,0000	2,0000	0,4000	0,2300	0,3000	0,1800	0,6000	0,6000	45,0000	0,3518	50,6756	0,4597	0,6190	84,9649	24,3511	9084,8427	0,0000	0,0000	0,0000
116,0000	104,8018	47,7078	79,8658	33,4034	21,6777	28,5861	8,4553	12,6530	144,6674	115,6568	105,5181	120,9672	51,6092	126,5469	77,4251	134,5232	111,2340	36,4914	0,0000	0,0000	0,0000	0,0000	0,0000	0,0000	0,0000	0,0000	0,0000	0,0000	2036,9864	6877,1681	17,3526	1010,7688	1761,1293	7,5699	1,9200	1,9500	1,4700	3,6600	3,6600	300,0000	150,0000	1300,0000	175,0000	175,0000	2,0000	0,4000	0,2300	0,3000	0,1800	0,6000	0,6000	32,6782	-0,3634	57,0940	0,4244	0,5922	84,9649	24,3511	8692,7739	0,0000	0,0000	0,0000
116,0000	101,6404	48,7302	77,9069	26,7556	17,4607	22,4602	6,4340	7,5442	136,1945	136,8483	125,3599	147,6511	52,3826	122,9314	70,2047	142,7751	107,8640	30,8981	0,0000	0,0000	0,0000	0,0000	0,0000	0,0000	0,0000	0,0000	0,0000	0,0000	2099,5414	6531,3330	16,9014	842,3697	1883,1863	7,4961	1,9200	1,9500	1,4700	3,6600	3,6600	300,0000	150,0000	1300,0000	175,0000	175,0000	2,0000	0,4000	0,2300	0,3000	0,1800	0,6000	0,6000	12,0000	-5,7933	52,9101	0,5083	0,5739	84,9649	24,3511	8183,6546	0,0000	0,0000	0,0000
116,0000	95,1098	48,2064	73,3430	26,2232	16,5542	21,6010	6,3084	6,8584	121,9423	140,4798	141,4921	140,5316	49,3317	112,4979	70,2123	143,8660	100,8288	30,2446	0,0000	0,0000	0,0000	0,0000	0,0000	0,0000	0,0000	0,0000	0,0000	0,0000	1881,1518	5508,8119	14,9250	839,6029	2054,2182	7,7641	1,9200	1,9500	1,4700	3,6600	3,6600	300,0000	150,0000	1300,0000	175,0000	175,0000	2,0000	0,4000	0,2300	0,3000	0,1800	0,6000	0,6000	12,0000	-6,5483	46,9033	0,5120	0,5615	84,9649	24,3511	7327,2710	0,0000	0,0000	0,0000
116,0000	93,7233	46,0564	72,1332	26,4377	16,6439	21,7902	6,2928	7,0943	122,1364	139,4462	142,3995	140,6187	48,6106	113,1076	70,8018	144,5647	99,3480	30,4734	0,0000	0,0000	0,0000	0,0000	0,0000	0,0000	0,0000	0,0000	0,0000	0,0000	1827,1042	5398,9681	14,6640	851,0503	2078,9851	7,8218	1,9200	1,9500	1,4700	3,6600	3,6600	300,0000	150,0000	1300,0000	175,0000	175,0000	2,0000	0,4000	0,2300	0,3000	0,1800	0,6000	0,6000	12,0000	-6,5964	47,6669	0,5102	0,5702	84,9649	24,3511	7481,6544	0,0000	0,0000	0,0000
116,0000	94,2967	45,5609	73,0099	26,5965	16,8670	23,5098	7,3020	8,7169	124,3782	131,6111	141,6048	125,7284	48,8018	118,2490	71,0618	144,4131	99,9724	30,6099	0,0000	0,0000	0,0000	0,0000	0,0000	0,0000	0,0000	0,0000	0,0000	0,0000	1789,9861	5282,7942	14,4199	785,8906	1886,1906	7,4110	1,9200	1,9500	1,4700	3,6600	3,6600	300,0000	150,0000	1300,0000	175,0000	175,0000	2,0000	0,4000	0,2300	0,3000	0,1800	0,6000	0,6000	27,2577	-4,5114	48,7358	0,5079	0,5873	84,9649	24,3511	8055,8817	0,0000	0,0000	0,0000
116,0000	99,7225	47,3529	76,5656	33,2714	23,3998	29,0686	9,0593	13,4271	133,8805	112,1961	118,3950	99,0012	49,0606	126,7549	77,3417	138,6703	105,7835	36,3378	0,0000	0,0000	0,0000	0,0000	0,0000	0,0000	0,0000	0,0000	0,0000	0,0000	1797,8176	5868,6457	15,3654	957,0606	1864,5263	7,6491	1,9200	1,9500	1,4700	3,6600	3,6600	300,0000	150,0000	1300,0000	175,0000	175,0000	2,0000	0,4000	0,2300	0,3000	0,1800	0,6000	0,6000	44,9929	0,6330	52,3695	0,4423	0,6129	84,9649	24,3511	9012,5352	0,0000	0,0000	0,0000
116,0000	105,2312	48,3451	79,9043	33,3404	19,8501	27,3695	7,9374	11,6695	144,3133	119,8779	105,7502	130,7801	52,0123	126,7666	77,1397	138,2142	111,6915	36,4595	0,0000	0,0000	0,0000	0,0000	0,0000	0,0000	0,0000	0,0000	0,0000	0,0000	2073,7909	7003,3384	17,6122	1048,1176	1814,8388	7,7150	1,9200	1,9500	1,4700	3,6600	3,6600	300,0000	150,0000	1300,0000	175,0000	175,0000	2,0000	0,4000	0,2300	0,3000	0,1800	0,6000	0,6000	25,8688	-1,5085	56,8861	0,4419	0,5897	84,9649	24,3511	8671,4969	0,0000	0,0000	0,0000
116,0000	99,4323	48,7316	76,3823	26,5007	17,4422	22,0568	6,3706	7,1589	131,0074	138,6850	132,6114	145,4350	51,3887	119,2505	70,1711	143,3648	105,4805	30,6009	0,0000	0,0000	0,0000	0,0000	0,0000	0,0000	0,0000	0,0000	0,0000	0,0000	2030,6055	6165,4338	16,2089	841,0084	1964,1081	7,6229	1,9200	1,9500	1,4700	3,6600	3,6600	300,0000	150,0000	1300,0000	175,0000	175,0000	2,0000	0,4000	0,2300	0,3000	0,1800	0,6000	0,6000	12,0000	-6,1443	50,7007	0,5105	0,5691	84,9649	24,3511	7871,9710	0,0000	0,0000	0,0000
116,0000	94,4399	47,4940	72,7986	26,3030	16,5568	21,6634	6,3030	6,9061	121,5275	140,3083	142,1438	140,7593	48,9902	112,0371	70,4534	144,0839	100,1111	30,3336	0,0000	0,0000	0,0000	0,0000	0,0000	0,0000	0,0000	0,0000	0,0000	0,0000	1855,5315	5441,0576	14,7763	844,2917	2068,2367	7,7939	1,9200	1,9500	1,4700	3,6600	3,6600	300,0000	150,0000	1300,0000	175,0000	175,0000	2,0000	0,4000	0,2300	0,3000	0,1800	0,6000	0,6000	12,0000	-6,5705	46,9459	0,5110	0,5627	84,9649	24,3511	7313,4343	0,0000	0,0000	0,0000
116,0000	93,7844	45,8161	72,1450	26,4879	16,7150	21,8428	6,2903	7,1689	122,6464	139,0911	142,2619	140,6621	48,6325	113,5448	70,9056	144,5973	99,4161	30,5261	0,0000	0,0000	0,0000	0,0000	0,0000	0,0000	0,0000	0,0000	0,0000	0,0000	1828,6619	5417,8827	14,6966	853,2249	2080,0781	7,8270	1,9200	1,9500	1,4700	3,6600	3,6600	300,0000	150,0000	1300,0000	175,0000	175,0000	2,0000	0,4000	0,2300	0,3000	0,1800	0,6000	0,6000	12,0000	-6,5978	47,9683	0,5096	0,5717	84,9649	24,3511	7529,8267	0,0000	0,0000	0,0000
116,0000	95,2076	45,5700	73,6405	28,6349	16,9174	24,8547	7,9102	9,8422	125,6450	126,4559	140,1857	116,3722	48,5793	121,9316	71,6930	144,3092	100,7751	31,1529	0,0000	0,0000	0,0000	0,0000	0,0000	0,0000	0,0000	0,0000	0,0000	0,0000	1780,8062	5280,7218	14,4020	774,8829	1860,2435	7,3521	1,9200	1,9500	1,4700	3,6600	3,6600	300,0000	150,0000	1300,0000	175,0000	175,0000	2,0000	0,4000	0,2300	0,3000	0,1800	0,6000	0,6000	34,0743	-3,0814	49,6377	0,5032	0,6016	84,9649	24,3511	8508,8694	0,0000	0,0000	0,0000
116,0000	101,9636	47,4833	78,1451	33,2741	24,4542	29,2560	9,0477	13,5632	138,7722	111,6224	111,3547	100,7832	50,1707	126,6404	77,1721	134,8538	108,1924	36,3373	0,0000	0,0000	0,0000	0,0000	0,0000	0,0000	0,0000	0,0000	0,0000	0,0000	1879,9313	6239,0519	16,0861	956,7472	1752,4484	7,4701	1,9200	1,9500	1,4700	3,6600	3,6600	300,0000	150,0000	1300,0000	175,0000	175,0000	2,0000	0,4000	0,2300	0,3000	0,1800	0,6000	0,6000	44,9834	0,7229	54,4803	0,4277	0,6038	84,9649	24,3511	8870,4878	0,0000	0,0000	0,0000
116,0000	104,4299	49,1279	79,7661	30,7333	18,7227	25,9487	7,3930	10,4877	143,1003	124,8429	109,6393	140,2201	52,5230	126,6490	75,0068	140,3748	111,0088	35,2269	0,0000	0,0000	0,0000	0,0000	0,0000	0,0000	0,0000	0,0000	0,0000	0,0000	2067,9034	7006,7728	17,6083	971,5648	1858,8975	7,6632	1,9200	1,9500	1,4700	3,6600	3,6600	300,0000	150,0000	1300,0000	175,0000	175,0000	2,0000	0,4000	0,2300	0,3000	0,1800	0,6000	0,6000	19,0616	-2,8175	55,3021	0,4657	0,5853	84,9649	24,3511	8598,6091	0,0000	0,0000	0,0000
116,0000	97,6563	48,7393	75,1597	26,3507	17,4414	21,8205	6,3365	6,9595	126,9017	139,8475	136,8784	143,5110	50,5590	116,2941	70,1550	143,6646	103,5665	30,4175	0,0000	0,0000	0,0000	0,0000	0,0000	0,0000	0,0000	0,0000	0,0000	0,0000	1965,0224	5879,7528	15,6494	837,6257	2008,3926	7,6880	1,9200	1,9500	1,4700	3,6600	3,6600	300,0000	150,0000	1300,0000	175,0000	175,0000	2,0000	0,4000	0,2300	0,3000	0,1800	0,6000	0,6000	12,0000	-6,3418	48,9171	0,5117	0,5652	84,9649	24,3511	7625,2711	0,0000	0,0000	0,0000
116,0000	93,9993	46,9075	72,4275	26,3523	16,5688	21,7049	6,2977	6,9510	121,4246	140,1837	142,4269	140,8081	48,7643	112,2858	70,5995	144,3766	99,6394	30,3869	0,0000	0,0000	0,0000	0,0000	0,0000	0,0000	0,0000	0,0000	0,0000	0,0000	1838,6830	5401,9355	14,6872	847,1034	2075,1069	7,8093	1,9200	1,9500	1,4700	3,6600	3,6600	300,0000	150,0000	1300,0000	175,0000	175,0000	2,0000	0,4000	0,2300	0,3000	0,1800	0,6000	0,6000	12,0000	-6,5832	47,0917	0,5110	0,5657	84,9649	24,3511	7368,4887	0,0000	0,0000	0,0000
116,0000	93,8607	45,6641	72,1775	26,5194	16,7644	21,8776	6,2877	7,2256	123,0653	138,8476	142,1102	140,6293	48,6647	113,8789	70,9668	144,5799	99,4999	30,5580	0,0000	0,0000	0,0000	0,0000	0,0000	0,0000	0,0000	0,0000	0,0000	0,0000	1830,9798	5435,5332	14,7284	854,4986	2079,7110	7,8285	1,9200	1,9500	1,4700	3,6600	3,6600	300,0000	150,0000	1300,0000	175,0000	175,0000	2,0000	0,4000	0,2300	0,3000	0,1800	0,6000	0,6000	12,0234	-6,5985	48,1966	0,5092	0,5727	84,9649	24,3511	7564,8546	0,0000	0,0000	0,0000
116,0000	96,6724	45,7363	74,2432	30,8088	17,3102	26,3287	8,4839	11,0925	126,8427	121,1268	136,4579	107,3581	48,2901	124,5856	73,5312	144,2164	102,3694	33,4232	0,0000	0,0000	0,0000	0,0000	0,0000	0,0000	0,0000	0,0000	0,0000	0,0000	1775,7017	5353,7484	14,5101	853,0318	1911,7698	7,5586	1,9200	1,9500	1,4700	3,6600	3,6600	300,0000	150,0000	1300,0000	175,0000	175,0000	2,0000	0,4000	0,2300	0,3000	0,1800	0,6000	0,6000	40,8676	-1,5887	50,9361	0,4901	0,6124	84,9649	24,3511	8850,2777	0,0000	0,0000	0,0000
116,0000	103,5648	47,5350	79,2722	33,2882	25,0393	29,3743	9,0369	13,5535	142,2414	111,6278	107,5151	102,7581	50,9763	126,2440	77,1330	132,8259	109,9104	36,3524	0,0000	0,0000	0,0000	0,0000	0,0000	0,0000	0,0000	0,0000	0,0000	0,0000	1927,7945	6510,9465	16,5954	952,1874	1691,3503	7,3655	1,9200	1,9500	1,4700	3,6600	3,6600	300,0000	150,0000	1300,0000	175,0000	175,0000	2,0000	0,4000	0,2300	0,3000	0,1800	0,6000	0,6000	44,9740	0,7500	56,0298	0,4193	0,5962	84,9649	24,3511	8731,0505	0,0000	0,0000	0,0000
116,0000	103,7412	49,2578	79,4239	28,6385	18,0072	24,4137	6,8629	9,1981	141,6550	130,1390	114,5624	148,8901	52,8742	126,2515	72,5636	141,5254	110,1785	33,0401	0,0000	0,0000	0,0000	0,0000	0,0000	0,0000	0,0000	0,0000	0,0000	0,0000	2115,6029	6911,1060	17,5319	901,3498	1841,2871	7,5233	1,9200	1,9500	1,4700	3,6600	3,6600	300,0000	150,0000	1300,0000	175,0000	175,0000	2,0000	0,4000	0,2300	0,3000	0,1800	0,6000	0,6000	12,2545	-4,2181	54,4834	0,4873	0,5812	84,9649	24,3511	8511,7646	0,0000	0,0000	0,0000
116,0000	96,4706	48,7504	74,3447	26,2407	16,9572	21,6638	6,3209	6,8611	124,1797	140,4162	139,2901	141,8412	49,9980	114,3230	70,0872	143,7947	102,2897	30,2791	0,0000	0,0000	0,0000	0,0000	0,0000	0,0000	0,0000	0,0000	0,0000	0,0000	1921,4381	5692,7315	15,2821	834,3338	2029,7025	7,7167	1,9200	1,9500	1,4700	3,6600	3,6600	300,0000	150,0000	1300,0000	175,0000	175,0000	2,0000	0,4000	0,2300	0,3000	0,1800	0,6000	0,6000	12,0000	-6,4535	47,7202	0,5126	0,5627	84,9649	24,3511	7461,7098	0,0000	0,0000	0,0000
116,0000	93,7543	46,5157	72,2129	26,3776	16,5742	21,7275	6,2957	6,9874	121,4764	140,0066	142,5311	140,7334	48,6377	112,4834	70,6724	144,5035	99,3776	30,4127	0,0000	0,0000	0,0000	0,0000	0,0000	0,0000	0,0000	0,0000	0,0000	0,0000	1829,2439	5383,3099	14,6425	848,4641	2077,7559	7,8157	1,9200	1,9500	1,4700	3,6600	3,6600	300,0000	150,0000	1300,0000	175,0000	175,0000	2,0000	0,4000	0,2300	0,3000	0,1800	0,6000	0,6000	12,0000	-6,5903	47,2386	0,5109	0,5676	84,9649	24,3511	7406,1028	0,0000	0,0000	0,0000
116,0000	93,9370	45,5779	72,2714	26,5388	16,7956	22,0142	6,3876	7,3746	123,3809	138,1198	141,9962	139,5484	48,6985	114,1930	71,0012	144,5552	99,5831	30,5769	0,0000	0,0000	0,0000	0,0000	0,0000	0,0000	0,0000	0,0000	0,0000	0,0000	1833,4350	5431,4450	14,7258	855,2163	2059,4400	7,7973	1,9200	1,9500	1,4700	3,6600	3,6600	300,0000	150,0000	1300,0000	175,0000	175,0000	2,0000	0,4000	0,2300	0,3000	0,1800	0,6000	0,6000	14,9318	-6,4126	48,3590	0,5088	0,5735	84,9649	24,3511	7597,3645	0,0000	0,0000	0,0000
116,0000	97,2485	46,6877	74,7239	32,2768	19,2759	27,7574	8,9179	12,2990	127,8730	116,3210	131,6869	100,1096	48,0759	125,9905	75,7193	143,9331	103,0819	35,1506	0,0000	0,0000	0,0000	0,0000	0,0000	0,0000	0,0000	0,0000	0,0000	0,0000	1738,0751	5443,3460	14,5929	912,4521	1975,7575	7,7552	1,9200	1,9500	1,4700	3,6600	3,6600	300,0000	150,0000	1300,0000	175,0000	175,0000	2,0000	0,4000	0,2300	0,3000	0,1800	0,6000	0,6000	44,7758	-0,2626	50,5608	0,4739	0,6184	84,9649	24,3511	9038,0913	0,0000	0,0000	0,0000
116,0000	104,4020	47,5406	79,7542	33,3589	23,7290	29,2067	8,8225	13,2491	144,0602	113,0240	105,9769	111,0887	51,4017	126,0249	77,3019	132,2078	110,8073	36,4386	0,0000	0,0000	0,0000	0,0000	0,0000	0,0000	0,0000	0,0000	0,0000	0,0000	1959,9456	6703,6162	16,9535	957,2407	1701,6358	7,3899	1,9200	1,9500	1,4700	3,6600	3,6600	300,0000	150,0000	1300,0000	175,0000	175,0000	2,0000	0,4000	0,2300	0,3000	0,1800	0,6000	0,6000	38,4118	0,3756	56,8614	0,4153	0,5921	84,9649	24,3511	8656,2912	0,0000	0,0000	0,0000
116,0000	103,0683	48,8025	78,9046	27,3079	17,5918	23,1037	6,5442	8,1039	139,7152	134,4892	119,6042	150,0724	52,9209	125,2934	70,7873	142,2492	109,4155	31,5381	0,0000	0,0000	0,0000	0,0000	0,0000	0,0000	0,0000	0,0000	0,0000	0,0000	2134,4911	6779,7071	17,3527	857,4538	1838,0190	7,4482	1,9200	1,9500	1,4700	3,6600	3,6600	300,0000	150,0000	1300,0000	175,0000	175,0000	2,0000	0,4000	0,2300	0,3000	0,1800	0,6000	0,6000	12,0000	-5,2887	54,2658	0,5024	0,5776	84,9649	24,3511	8395,2046	0,0000	0,0000	0,0000
116,0000	95,6868	48,6367	73,7912	26,1918	16,6436	21,5866	6,3147	6,8309	122,5813	140,5471	140,7357	140,7686	49,6203	113,1174	70,0797	143,8543	101,4474	30,2136	0,0000	0,0000	0,0000	0,0000	0,0000	0,0000	0,0000	0,0000	0,0000	0,0000	1903,0856	5576,7284	15,0682	837,3738	2042,9882	7,7427	1,9200	1,9500	1,4700	3,6600	3,6600	300,0000	150,0000	1300,0000	175,0000	175,0000	2,0000	0,4000	0,2300	0,3000	0,1800	0,6000	0,6000	12,0000	-6,5168	47,0501	0,5128	0,5613	84,9649	24,3511	7365,6636	0,0000	0,0000	0,0000
116,0000	93,6703	46,2526	72,1226	26,4022	16,5940	21,7520	6,2956	7,0313	121,7009	139,7337	142,5279	140,6576	48,5908	112,7329	70,7301	144,5595	99,2890	30,4373	0,0000	0,0000	0,0000	0,0000	0,0000	0,0000	0,0000	0,0000	0,0000	0,0000	1825,7092	5382,6768	14,6359	849,5811	2078,8361	7,8192	1,9200	1,9500	1,4700	3,6600	3,6600	300,0000	150,0000	1300,0000	175,0000	175,0000	2,0000	0,4000	0,2300	0,3000	0,1800	0,6000	0,6000	12,0000	-6,5944	47,4177	0,5107	0,5690	84,9649	24,3511	7440,4818	0,0000	0,0000	0,0000
116,0000	94,0685	45,5456	72,5791	26,5563	16,8264	22,6169	6,8085	7,9386	123,7410	135,3307	141,8610	133,5651	48,7600	115,5231	71,0274	144,5115	99,7258	30,5935	0,0000	0,0000	0,0000	0,0000	0,0000	0,0000	0,0000	0,0000	0,0000	0,0000	1827,6793	5355,1425	14,5951	841,2639	1970,3818	7,6333	1,9200	1,9500	1,4700	3,6600	3,6600	300,0000	150,0000	1300,0000	175,0000	175,0000	2,0000	0,4000	0,2300	0,3000	0,1800	0,6000	0,6000	21,5241	-5,5762	48,5229	0,5085	0,5779	84,9649	24,3511	7744,5172	0,0000	0,0000	0,0000
116,0000	98,0839	47,2301	75,3999	33,0693	21,9408	28,6981	9,0526	13,0951	130,0796	113,3999	125,2221	98,0283	48,2959	126,5848	77,0980	141,9630	104,0141	36,0965	0,0000	0,0000	0,0000	0,0000	0,0000	0,0000	0,0000	0,0000	0,0000	0,0000	1751,4890	5596,0572	14,8575	951,8310	1952,6396	7,7811	1,9200	1,9500	1,4700	3,6600	3,6600	300,0000	150,0000	1300,0000	175,0000	175,0000	2,0000	0,4000	0,2300	0,3000	0,1800	0,6000	0,6000	45,0000	0,4194	50,8538	0,4569	0,6185	84,9649	24,3511	9081,5045	0,0000	0,0000	0,0000
116,0000	104,8690	47,7790	79,8817	33,4047	21,3426	28,4224	8,3766	12,5135	144,7074	116,2600	105,4667	122,6817	51,6448	126,6033	77,4323	135,1048	111,3057	36,4929	0,0000	0,0000	0,0000	0,0000	0,0000	0,0000	0,0000	0,0000	0,0000	0,0000	2047,3695	6906,2096	17,4154	1023,1273	1771,8725	7,6067	1,9200	1,9500	1,4700	3,6600	3,6600	300,0000	150,0000	1300,0000	175,0000	175,0000	2,0000	0,4000	0,2300	0,3000	0,1800	0,6000	0,6000	31,5952	-0,5299	57,0901	0,4269	0,5921	84,9649	24,3511	8695,1810	0,0000	0,0000	0,0000
116,0000	101,2956	48,7314	77,6687	26,6954	17,4518	22,3763	6,4202	7,4662	135,3652	137,2024	126,5645	147,2431	52,2332	122,3524	70,1712	142,8761	107,4913	30,8281	0,0000	0,0000	0,0000	0,0000	0,0000	0,0000	0,0000	0,0000	0,0000	0,0000	2087,1597	6472,8843	16,7886	840,6686	1895,7125	7,5134	1,9200	1,9500	1,4700	3,6600	3,6600	300,0000	150,0000	1300,0000	175,0000	175,0000	2,0000	0,4000	0,2300	0,3000	0,1800	0,6000	0,6000	12,0000	-5,8635	52,5643	0,5089	0,5731	84,9649	24,3511	8133,8231	0,0000	0,0000	0,0000
116,0000	94,9973	48,0968	73,2527	26,2349	16,5500	21,6096	6,3072	6,8659	121,8575	140,4568	141,6123	140,5485	49,2747	112,3969	70,2495	143,8705	100,7083	30,2574	0,0000	0,0000	0,0000	0,0000	0,0000	0,0000	0,0000	0,0000	0,0000	0,0000	1876,8532	5496,9124	14,8992	840,3084	2056,5562	7,7690	1,9200	1,9500	1,4700	3,6600	3,6600	300,0000	150,0000	1300,0000	175,0000	175,0000	2,0000	0,4000	0,2300	0,3000	0,1800	0,6000	0,6000	12,0000	-6,5527	46,9005	0,5117	0,5616	84,9649	24,3511	7322,1729	0,0000	0,0000	0,0000
116,0000	93,7345	46,0154	72,1358	26,4457	16,6554	21,7987	6,2922	7,1070	122,2239	139,3885	142,3737	140,6209	48,6148	113,1826	70,8182	144,5678	99,3604	30,4817	0,0000	0,0000	0,0000	0,0000	0,0000	0,0000	0,0000	0,0000	0,0000	0,0000	1827,4018	5402,2898	14,6698	851,3923	2079,0982	7,8225	1,9200	1,9500	1,4700	3,6600	3,6600	300,0000	150,0000	1300,0000	175,0000	175,0000	2,0000	0,4000	0,2300	0,3000	0,1800	0,6000	0,6000	12,0000	-6,5967	47,7191	0,5101	0,5705	84,9649	24,3511	7489,8656	0,0000	0,0000	0,0000
116,0000	94,3424	45,5627	73,1045	26,7310	16,8754	23,7080	7,3991	8,8842	124,5518	130,8271	141,5031	124,2134	48,7862	118,8536	71,0950	144,3936	100,0218	30,6134	0,0000	0,0000	0,0000	0,0000	0,0000	0,0000	0,0000	0,0000	0,0000	0,0000	1779,4143	5275,7955	14,3919	773,9262	1876,0823	7,3758	1,9200	1,9500	1,4700	3,6600	3,6600	300,0000	150,0000	1300,0000	175,0000	175,0000	2,0000	0,4000	0,2300	0,3000	0,1800	0,6000	0,6000	28,3407	-4,2920	48,7797	0,5076	0,5895	84,9649	24,3511	8127,8179	0,0000	0,0000	0,0000
116,0000	100,0887	47,3752	76,8238	33,2803	23,6077	29,1102	9,0577	13,4638	134,6957	112,0538	117,1166	99,2645	49,2396	126,7593	77,3276	137,9940	106,1776	36,3479	0,0000	0,0000	0,0000	0,0000	0,0000	0,0000	0,0000	0,0000	0,0000	0,0000	1811,0252	5928,9537	15,4825	957,4546	1845,0835	7,6187	1,9200	1,9500	1,4700	3,6600	3,6600	300,0000	150,0000	1300,0000	175,0000	175,0000	2,0000	0,4000	0,2300	0,3000	0,1800	0,6000	0,6000	44,9913	0,6551	52,7135	0,4396	0,6116	84,9649	24,3511	8992,2853	0,0000	0,0000	0,0000
116,0000	105,2928	48,4714	79,8933	33,1243	19,6320	27,1535	7,8512	11,4921	144,1475	120,6293	106,1716	132,2912	52,1020	126,7703	76,8920	138,6612	111,7570	36,4484	0,0000	0,0000	0,0000	0,0000	0,0000	0,0000	0,0000	0,0000	0,0000	0,0000	2088,7583	7011,0896	17,6483	1050,6067	1824,4631	7,7343	1,9200	1,9500	1,4700	3,6600	3,6600	300,0000	150,0000	1300,0000	175,0000	175,0000	2,0000	0,4000	0,2300	0,3000	0,1800	0,6000	0,6000	24,7873	-1,7080	56,8214	0,4455	0,5890	84,9649	24,3511	8661,5328	0,0000	0,0000	0,0000
116,0000	99,1088	48,7288	76,1591	26,4735	17,4423	22,0120	6,3637	7,1176	130,2619	138,9111	133,4786	145,1189	51,2387	118,7144	70,1736	143,4303	105,1318	30,5682	0,0000	0,0000	0,0000	0,0000	0,0000	0,0000	0,0000	0,0000	0,0000	0,0000	2018,6431	6113,0097	16,1063	840,4743	1973,5461	7,6370	1,9200	1,9500	1,4700	3,6600	3,6600	300,0000	150,0000	1300,0000	175,0000	175,0000	2,0000	0,4000	0,2300	0,3000	0,1800	0,6000	0,6000	12,0000	-6,1837	50,3800	0,5107	0,5684	84,9649	24,3511	7827,1770	0,0000	0,0000	0,0000
116,0000	94,3536	47,3886	72,7269	26,3132	16,5592	21,6718	6,3020	6,9137	121,4950	140,2866	142,2089	140,7818	48,9461	112,0801	70,4837	144,1479	100,0187	30,3448	0,0000	0,0000	0,0000	0,0000	0,0000	0,0000	0,0000	0,0000	0,0000	0,0000	1852,2347	5433,0149	14,7583	844,8800	2069,7784	7,7973	1,9200	1,9500	1,4700	3,6600	3,6600	300,0000	150,0000	1300,0000	175,0000	175,0000	2,0000	0,4000	0,2300	0,3000	0,1800	0,6000	0,6000	12,0000	-6,5730	46,9651	0,5110	0,5633	84,9649	24,3511	7323,5443	0,0000	0,0000	0,0000
116,0000	93,7960	45,7864	72,1491	26,4941	16,7245	21,8496	6,2898	7,1793	122,7207	139,0460	142,2368	140,6611	48,6372	113,6058	70,9181	144,5968	99,4288	30,5325	0,0000	0,0000	0,0000	0,0000	0,0000	0,0000	0,0000	0,0000	0,0000	0,0000	1828,9962	5420,8477	14,7019	853,4862	2080,0916	7,8275	1,9200	1,9500	1,4700	3,6600	3,6600	300,0000	150,0000	1300,0000	175,0000	175,0000	2,0000	0,4000	0,2300	0,3000	0,1800	0,6000	0,6000	12,0000	-6,5980	48,0096	0,5095	0,5719	84,9649	24,3511	7536,3573	0,0000	0,0000	0,0000
116,0000	95,4574	45,5724	73,7421	29,0376	16,9241	25,0827	8,0043	10,0343	125,8550	125,6118	139,7287	114,9093	48,5309	122,4417	71,9132	144,2927	101,0238	31,4549	0,0000	0,0000	0,0000	0,0000	0,0000	0,0000	0,0000	0,0000	0,0000	0,0000	1778,6761	5288,2818	14,4106	782,5162	1863,4790	7,3694	1,9200	1,9500	1,4700	3,6600	3,6600	300,0000	150,0000	1300,0000	175,0000	175,0000	2,0000	0,4000	0,2300	0,3000	0,1800	0,6000	0,6000	35,1573	-2,8467	49,8851	0,5016	0,6036	84,9649	24,3511	8573,6493	0,0000	0,0000	0,0000
116,0000	102,2738	47,5014	78,3636	33,2717	24,5698	29,2758	9,0458	13,5683	139,4406	111,5926	110,5279	101,0843	50,3262	126,5923	77,1485	134,4019	108,5254	36,3340	0,0000	0,0000	0,0000	0,0000	0,0000	0,0000	0,0000	0,0000	0,0000	0,0000	1891,5409	6290,9860	16,1873	956,6205	1738,9893	7,4484	1,9200	1,9500	1,4700	3,6600	3,6600	300,0000	150,0000	1300,0000	175,0000	175,0000	2,0000	0,4000	0,2300	0,3000	0,1800	0,6000	0,6000	44,9819	0,7297	54,7724	0,4260	0,6025	84,9649	24,3511	8846,8662	0,0000	0,0000	0,0000
116,0000	104,2808	49,2396	79,7254	30,3455	18,5868	25,7107	7,3073	10,2884	142,8781	125,6714	110,4115	141,6718	52,5897	126,6006	74,6078	140,6067	110,8280	34,8406	0,0000	0,0000	0,0000	0,0000	0,0000	0,0000	0,0000	0,0000	0,0000	0,0000	2082,3560	6997,1254	17,6159	960,7490	1858,8042	7,6458	1,9200	1,9500	1,4700	3,6600	3,6600	300,0000	150,0000	1300,0000	175,0000	175,0000	2,0000	0,4000	0,2300	0,3000	0,1800	0,6000	0,6000	17,9801	-3,0352	55,0412	0,4694	0,5846	84,9649	24,3511	8585,2597	0,0000	0,0000	0,0000
116,0000	97,4306	48,7413	75,0046	26,3308	17,3945	21,7910	6,3329	6,9386	126,3809	139,9757	137,3533	143,2228	50,4526	115,9179	70,1462	143,6929	103,3234	30,3925	0,0000	0,0000	0,0000	0,0000	0,0000	0,0000	0,0000	0,0000	0,0000	0,0000	1956,7151	5843,8896	15,5791	837,0802	2012,9228	7,6943	1,9200	1,9500	1,4700	3,6600	3,6600	300,0000	150,0000	1300,0000	175,0000	175,0000	2,0000	0,4000	0,2300	0,3000	0,1800	0,6000	0,6000	12,0000	-6,3641	48,6894	0,5118	0,5648	84,9649	24,3511	7593,9747	0,0000	0,0000	0,0000
116,0000	93,9487	46,8333	72,3840	26,3574	16,5699	21,7094	6,2971	6,9572	121,4245	140,1618	142,4512	140,8008	48,7383	112,3195	70,6146	144,4043	99,5852	30,3922	0,0000	0,0000	0,0000	0,0000	0,0000	0,0000	0,0000	0,0000	0,0000	0,0000	1836,7439	5397,7719	14,6775	847,3872	2075,7149	7,8108	1,9200	1,9500	1,4700	3,6600	3,6600	300,0000	150,0000	1300,0000	175,0000	175,0000	2,0000	0,4000	0,2300	0,3000	0,1800	0,6000	0,6000	12,0000	-6,5846	47,1154	0,5110	0,5661	84,9649	24,3511	7375,4116	0,0000	0,0000	0,0000
116,0000	93,8724	45,6465	72,1838	26,5230	16,7702	21,8830	6,2888	7,2341	123,1205	138,8084	142,0892	140,6095	48,6697	113,9213	70,9734	144,5756	99,5126	30,5615	0,0000	0,0000	0,0000	0,0000	0,0000	0,0000	0,0000	0,0000	0,0000	0,0000	1831,3469	5437,8356	14,7327	854,6355	2079,4100	7,8282	1,9200	1,9500	1,4700	3,6600	3,6600	300,0000	150,0000	1300,0000	175,0000	175,0000	2,0000	0,4000	0,2300	0,3000	0,1800	0,6000	0,6000	12,1605	-6,5961	48,2259	0,5091	0,5728	84,9649	24,3511	7569,1784	0,0000	0,0000	0,0000
116,0000	96,8094	45,8506	74,3288	31,0847	17,5496	26,5685	8,5692	11,2966	127,0067	120,2890	135,7515	105,9929	48,2471	124,8813	73,8848	144,2041	102,5372	33,7471	0,0000	0,0000	0,0000	0,0000	0,0000	0,0000	0,0000	0,0000	0,0000	0,0000	1766,5174	5368,4698	14,5190	862,5569	1924,1857	7,5936	1,9200	1,9500	1,4700	3,6600	3,6600	300,0000	150,0000	1300,0000	175,0000	175,0000	2,0000	0,4000	0,2300	0,3000	0,1800	0,6000	0,6000	41,8134	-1,3517	50,9587	0,4876	0,6137	84,9649	24,3511	8889,5625	0,0000	0,0000	0,0000
116,0000	103,7406	47,5367	79,3947	33,2963	25,1068	29,3891	9,0315	13,5412	142,6269	111,6792	107,1565	103,2003	51,0653	126,1628	77,1495	132,6566	110,0989	36,3626	0,0000	0,0000	0,0000	0,0000	0,0000	0,0000	0,0000	0,0000	0,0000	0,0000	1934,4946	6541,8514	16,6553	952,8071	1686,4143	7,3586	1,9200	1,9500	1,4700	3,6600	3,6600	300,0000	150,0000	1300,0000	175,0000	175,0000	2,0000	0,4000	0,2300	0,3000	0,1800	0,6000	0,6000	44,1454	0,7447	56,2039	0,4184	0,5952	84,9649	24,3511	8711,3108	0,0000	0,0000	0,0000
116,0000	103,6702	49,1394	79,3609	28,3844	17,9261	24,1752	6,7851	8,9947	141,4194	130,9599	115,2660	150,1236	52,9151	126,1703	72,2341	141,6660	110,0938	32,7594	0,0000	0,0000	0,0000	0,0000	0,0000	0,0000	0,0000	0,0000	0,0000	0,0000	2129,6308	6895,3842	17,5292	895,8879	1838,0563	7,5095	1,9200	1,9500	1,4700	3,6600	3,6600	300,0000	150,0000	1300,0000	175,0000	175,0000	2,0000	0,4000	0,2300	0,3000	0,1800	0,6000	0,6000	12,0000	-4,4390	54,5308	0,4901	0,5806	84,9649	24,3511	8497,6069	0,0000	0,0000	0,0000
116,0000	96,3405	48,7505	74,2550	26,2312	16,8954	21,6487	6,3202	6,8559	123,8846	140,4422	139,5730	141,6345	49,9358	114,1081	70,0846	143,8077	102,1498	30,2663	0,0000	0,0000	0,0000	0,0000	0,0000	0,0000	0,0000	0,0000	0,0000	0,0000	1916,6326	5672,3156	15,2420	834,0662	2032,3274	7,7204	1,9200	1,9500	1,4700	3,6600	3,6600	300,0000	150,0000	1300,0000	175,0000	175,0000	2,0000	0,4000	0,2300	0,3000	0,1800	0,6000	0,6000	12,0000	-6,4661	47,5900	0,5127	0,5624	84,9649	24,3511	7443,9793	0,0000	0,0000	0,0000
116,0000	93,7472	46,4729	72,2028	26,3828	16,5783	21,7326	6,2962	6,9967	121,5275	139,9561	142,5327	140,7194	48,6332	112,5377	70,6838	144,5158	99,3702	30,4179	0,0000	0,0000	0,0000	0,0000	0,0000	0,0000	0,0000	0,0000	0,0000	0,0000	1828,8953	5384,0969	14,6432	848,6889	2078,0011	7,8165	1,9200	1,9500	1,4700	3,6600	3,6600	300,0000	150,0000	1300,0000	175,0000	175,0000	2,0000	0,4000	0,2300	0,3000	0,1800	0,6000	0,6000	12,0000	-6,5911	47,2743	0,5109	0,5678	84,9649	24,3511	7412,9194	0,0000	0,0000	0,0000
116,0000	93,9679	45,5754	72,3161	26,5428	16,8020	22,0735	6,4326	7,4346	123,4567	137,8282	141,9720	139,0132	48,7131	114,3099	71,0070	144,5486	99,6166	30,5807	0,0000	0,0000	0,0000	0,0000	0,0000	0,0000	0,0000	0,0000	0,0000	0,0000	1834,5053	5427,0868	14,7206	855,3424	2050,4474	7,7832	1,9200	1,9500	1,4700	3,6600	3,6600	300,0000	150,0000	1300,0000	175,0000	175,0000	2,0000	0,4000	0,2300	0,3000	0,1800	0,6000	0,6000	15,8415	-6,3276	48,3925	0,5088	0,5739	84,9649	24,3511	7609,2187	0,0000	0,0000	0,0000
116,0000	97,3374	46,8411	74,8088	32,4498	19,6910	27,9498	8,9587	12,4625	128,1081	115,7075	130,8066	99,3647	48,0743	126,1446	76,0174	143,7753	103,1858	35,3559	0,0000	0,0000	0,0000	0,0000	0,0000	0,0000	0,0000	0,0000	0,0000	0,0000	1739,9164	5460,3820	14,6230	922,2373	1978,9903	7,7759	1,9200	1,9500	1,4700	3,6600	3,6600	300,0000	150,0000	1300,0000	175,0000	175,0000	2,0000	0,4000	0,2300	0,3000	0,1800	0,6000	0,6000	44,9490	-0,1066	50,4963	0,4713	0,6189	84,9649	24,3511	9056,1587	0,0000	0,0000	0,0000
116,0000	104,5016	47,5563	79,7941	33,3709	23,3057	29,1227	8,7616	13,1596	144,2504	113,4378	105,8485	112,9862	51,4525	126,1742	77,3309	132,5225	110,9138	36,4528	0,0000	0,0000	0,0000	0,0000	0,0000	0,0000	0,0000	0,0000	0,0000	0,0000	1963,7964	6735,9893	17,0112	958,0392	1709,6370	7,4040	1,9200	1,9500	1,4700	3,6600	3,6600	300,0000	150,0000	1300,0000	175,0000	175,0000	2,0000	0,4000	0,2300	0,3000	0,1800	0,6000	0,6000	37,3288	0,2579	56,9453	0,4165	0,5922	84,9649	24,3511	8667,7206	0,0000	0,0000	0,0000
116,0000	102,8741	48,7801	78,7673	27,1679	17,5540	22,9526	6,5173	7,9777	139,2082	135,0068	120,5818	149,6240	52,8652	124,9750	70,6142	142,3458	109,2026	31,3765	0,0000	0,0000	0,0000	0,0000	0,0000	0,0000	0,0000	0,0000	0,0000	0,0000	2128,9360	6744,4484	17,2877	852,1366	1843,1171	7,4479	1,9200	1,9500	1,4700	3,6600	3,6600	300,0000	150,0000	1300,0000	175,0000	175,0000	2,0000	0,4000	0,2300	0,3000	0,1800	0,6000	0,6000	12,0000	-5,4044	54,0939	0,5039	0,5770	84,9649	24,3511	8364,7408	0,0000	0,0000	0,0000
116,0000	95,5869	48,5837	73,7160	26,1930	16,6165	21,5845	6,3137	6,8347	122,4372	140,5445	140,8958	140,6714	49,5710	112,9935	70,0941	143,8550	101,3401	30,2136	0,0000	0,0000	0,0000	0,0000	0,0000	0,0000	0,0000	0,0000	0,0000	0,0000	1899,3060	5563,8032	15,0415	837,5500	2044,8970	7,7460	1,9200	1,9500	1,4700	3,6600	3,6600	300,0000	150,0000	1300,0000	175,0000	175,0000	2,0000	0,4000	0,2300	0,3000	0,1800	0,6000	0,6000	12,0000	-6,5239	47,0032	0,5127	0,5613	84,9649	24,3511	7357,0083	0,0000	0,0000	0,0000
116,0000	93,6823	46,2192	72,1265	26,4080	16,6017	21,7583	6,2953	7,0429	121,7816	139,6838	142,5057	140,6425	48,5956	112,8020	70,7413	144,5593	99,3023	30,4430	0,0000	0,0000	0,0000	0,0000	0,0000	0,0000	0,0000	0,0000	0,0000	0,0000	1826,0550	5385,8574	14,6415	849,8086	2078,8053	7,8195	1,9200	1,9500	1,4700	3,6600	3,6600	300,0000	150,0000	1300,0000	175,0000	175,0000	2,0000	0,4000	0,2300	0,3000	0,1800	0,6000	0,6000	12,0000	-6,5948	47,4632	0,5106	0,5692	84,9649	24,3511	7447,9393	0,0000	0,0000	0,0000
116,0000	94,1113	45,5496	72,6538	26,5598	16,8336	22,7622	6,8971	8,0698	123,8339	134,6996	141,8211	132,1590	48,7805	115,9458	71,0314	144,4947	99,7719	30,5965	0,0000	0,0000	0,0000	0,0000	0,0000	0,0000	0,0000	0,0000	0,0000	0,0000	1823,4054	5339,5917	14,5636	833,2727	1952,2054	7,5916	1,9200	1,9500	1,4700	3,6600	3,6600	300,0000	150,0000	1300,0000	175,0000	175,0000	2,0000	0,4000	0,2300	0,3000	0,1800	0,6000	0,6000	22,6071	-5,3916	48,5617	0,5084	0,5793	84,9649	24,3511	7791,1737	0,0000	0,0000	0,0000
116,0000	98,3377	47,2653	75,5836	33,1342	22,3013	28,7926	9,0574	13,1789	130,6900	113,1047	123,9848	98,1177	48,4070	126,6402	77,1994	141,4235	104,2893	36,1743	0,0000	0,0000	0,0000	0,0000	0,0000	0,0000	0,0000	0,0000	0,0000	0,0000	1748,9462	5638,7585	14,9214	949,6708	1939,5350	7,7568	1,9200	1,9500	1,4700	3,6600	3,6600	300,0000	150,0000	1300,0000	175,0000	175,0000	2,0000	0,4000	0,2300	0,3000	0,1800	0,6000	0,6000	44,9993	0,4763	51,0725	0,4541	0,6178	84,9649	24,3511	9075,0556	0,0000	0,0000	0,0000
116,0000	104,9421	47,8668	79,9030	33,4039	21,0234	28,2454	8,2963	12,3679	144,7366	116,8912	105,4191	124,3236	51,6835	126,6571	77,4344	135,7130	111,3836	36,4918	0,0000	0,0000	0,0000	0,0000	0,0000	0,0000	0,0000	0,0000	0,0000	0,0000	2017,2739	6933,4973	17,4109	1015,0137	1781,1804	7,6086	1,9200	1,9500	1,4700	3,6600	3,6600	300,0000	150,0000	1300,0000	175,0000	175,0000	2,0000	0,4000	0,2300	0,3000	0,1800	0,6000	0,6000	30,5129	-0,7031	57,0753	0,4294	0,5919	84,9649	24,3511	8696,9344	0,0000	0,0000	0,0000
116,0000	100,9442	48,7392	77,4266	26,6456	17,4465	22,3019	6,4083	7,3959	134,5170	137,5316	127,7837	146,8621	52,0780	121,7578	70,1546	142,9775	107,1116	30,7701	0,0000	0,0000	0,0000	0,0000	0,0000	0,0000	0,0000	0,0000	0,0000	0,0000	2074,4227	6413,5172	16,6738	839,4088	1909,0008	7,5325	1,9200	1,9500	1,4700	3,6600	3,6600	300,0000	150,0000	1300,0000	175,0000	175,0000	2,0000	0,4000	0,2300	0,3000	0,1800	0,6000	0,6000	12,0000	-5,9275	52,2050	0,5093	0,5723	84,9649	24,3511	8082,8568	0,0000	0,0000	0,0000
116,0000	94,8882	47,9846	73,1645	26,2480	16,5488	21,6197	6,3064	6,8741	121,7840	140,4315	141,7280	140,5796	49,2192	112,3033	70,2892	143,8776	100,5915	30,2719	0,0000	0,0000	0,0000	0,0000	0,0000	0,0000	0,0000	0,0000	0,0000	0,0000	1872,6758	5485,6385	14,8746	841,0749	2058,9431	7,7740	1,9200	1,9500	1,4700	3,6600	3,6600	300,0000	150,0000	1300,0000	175,0000	175,0000	2,0000	0,4000	0,2300	0,3000	0,1800	0,6000	0,6000	12,0000	-6,5567	46,9037	0,5115	0,5617	84,9649	24,3511	7317,7594	0,0000	0,0000	0,0000
116,0000	93,7477	45,9754	72,1399	26,4543	16,6675	21,8077	6,2919	7,1200	122,3134	139,3303	142,3504	140,6272	48,6199	113,2592	70,8358	144,5733	99,3749	30,4907	0,0000	0,0000	0,0000	0,0000	0,0000	0,0000	0,0000	0,0000	0,0000	0,0000	1827,7680	5405,8070	14,6760	851,7593	2079,2785	7,8234	1,9200	1,9500	1,4700	3,6600	3,6600	300,0000	150,0000	1300,0000	175,0000	175,0000	2,0000	0,4000	0,2300	0,3000	0,1800	0,6000	0,6000	12,0000	-6,5970	47,7722	0,5100	0,5707	84,9649	24,3511	7498,1622	0,0000	0,0000	0,0000
116,0000	94,4202	45,5655	73,2038	26,9660	16,8841	23,9137	7,4967	9,0568	124,7424	130,0253	141,3658	122,7085	48,7635	119,4655	71,1488	144,3763	100,0736	30,6175	0,0000	0,0000	0,0000	0,0000	0,0000	0,0000	0,0000	0,0000	0,0000	0,0000	1768,8063	5271,7739	14,3686	763,0777	1868,4705	7,3464	1,9200	1,9500	1,4700	3,6600	3,6600	300,0000	150,0000	1300,0000	175,0000	175,0000	2,0000	0,4000	0,2300	0,3000	0,1800	0,6000	0,6000	29,4237	-4,0689	48,8548	0,5072	0,5918	84,9649	24,3511	8201,4347	0,0000	0,0000	0,0000
116,0000	100,4608	47,3990	77,0861	33,2842	23,7992	29,1461	9,0562	13,4944	135,5143	111,9326	115,8818	99,5388	49,4227	126,7576	77,3043	137,3310	106,5777	36,3521	0,0000	0,0000	0,0000	0,0000	0,0000	0,0000	0,0000	0,0000	0,0000	0,0000	1824,5269	5990,1759	15,6015	957,5680	1825,8178	7,5882	1,9200	1,9500	1,4700	3,6600	3,6600	300,0000	150,0000	1300,0000	175,0000	175,0000	2,0000	0,4000	0,2300	0,3000	0,1800	0,6000	0,6000	44,9898	0,6735	53,0617	0,4371	0,6101	84,9649	24,3511	8970,8455	0,0000	0,0000	0,0000
116,0000	105,3500	48,6001	79,8807	32,7045	19,4314	26,9340	7,7648	11,3106	143,9729	121,3972	106,6982	133,8081	52,1900	126,7680	76,5931	139,0619	111,8199	36,4372	0,0000	0,0000	0,0000	0,0000	0,0000	0,0000	0,0000	0,0000	0,0000	0,0000	2104,0482	7016,4083	17,6812	1052,3434	1833,9655	7,7522	1,9200	1,9500	1,4700	3,6600	3,6600	300,0000	150,0000	1300,0000	175,0000	175,0000	2,0000	0,4000	0,2300	0,3000	0,1800	0,6000	0,6000	23,7058	-1,9110	56,7499	0,4492	0,5883	84,9649	24,3511	8651,0463	0,0000	0,0000	0,0000
116,0000	98,8024	48,7286	75,9481	26,4482	17,4426	21,9705	6,3575	7,0808	129,5523	139,1217	134,2598	144,8059	51,0962	118,2043	70,1748	143,4886	104,8015	30,5375	0,0000	0,0000	0,0000	0,0000	0,0000	0,0000	0,0000	0,0000	0,0000	0,0000	2007,3156	6063,4424	16,0093	839,9567	1982,0104	7,6497	1,9200	1,9500	1,4700	3,6600	3,6600	300,0000	150,0000	1300,0000	175,0000	175,0000	2,0000	0,4000	0,2300	0,3000	0,1800	0,6000	0,6000	12,0000	-6,2196	50,0738	0,5109	0,5677	84,9649	24,3511	7784,5403	0,0000	0,0000	0,0000
116,0000	94,2758	47,2888	72,6617	26,3226	16,5618	21,6797	6,3012	6,9216	121,4724	140,2666	142,2653	140,7985	48,9062	112,1241	70,5114	144,2048	99,9354	30,3552	0,0000	0,0000	0,0000	0,0000	0,0000	0,0000	0,0000	0,0000	0,0000	0,0000	1849,2552	5425,9476	14,7423	845,4182	2071,1404	7,8003	1,9200	1,9500	1,4700	3,6600	3,6600	300,0000	150,0000	1300,0000	175,0000	175,0000	2,0000	0,4000	0,2300	0,3000	0,1800	0,6000	0,6000	12,0000	-6,5753	46,9869	0,5110	0,5638	84,9649	24,3511	7333,2754	0,0000	0,0000	0,0000
116,0000	93,8097	45,7597	72,1551	26,5001	16,7335	21,8560	6,2894	7,1894	122,7947	139,0041	142,2121	140,6585	48,6429	113,6656	70,9298	144,5957	99,4438	30,5386	0,0000	0,0000	0,0000	0,0000	0,0000	0,0000	0,0000	0,0000	0,0000	0,0000	1829,4114	5423,9657	14,7075	853,7302	2080,0831	7,8278	1,9200	1,9500	1,4700	3,6600	3,6600	300,0000	150,0000	1300,0000	175,0000	175,0000	2,0000	0,4000	0,2300	0,3000	0,1800	0,6000	0,6000	12,0000	-6,5981	48,0500	0,5095	0,5721	84,9649	24,3511	7542,6335	0,0000	0,0000	0,0000
116,0000	95,7197	45,5758	73,8427	29,4160	16,9305	25,3134	8,0976	10,2296	126,0594	124,7653	139,2078	113,4542	48,4844	122,9219	72,1677	144,2773	101,2902	31,8037	0,0000	0,0000	0,0000	0,0000	0,0000	0,0000	0,0000	0,0000	0,0000	0,0000	1788,3042	5297,7095	14,4410	798,1297	1868,7794	7,4027	1,9200	1,9500	1,4700	3,6600	3,6600	300,0000	150,0000	1300,0000	175,0000	175,0000	2,0000	0,4000	0,2300	0,3000	0,1800	0,6000	0,6000	36,2403	-2,6108	50,1439	0,4998	0,6056	84,9649	24,3511	8634,7494	0,0000	0,0000	0,0000
116,0000	102,5653	47,5114	78,5689	33,2709	24,6790	29,2950	9,0442	13,5706	140,0686	111,5756	109,7909	101,3926	50,4726	126,5394	77,1317	134,0034	108,8382	36,3326	0,0000	0,0000	0,0000	0,0000	0,0000	0,0000	0,0000	0,0000	0,0000	0,0000	1902,4897	6340,0173	16,2829	956,6196	1726,9166	7,4292	1,9200	1,9500	1,4700	3,6600	3,6600	300,0000	150,0000	1300,0000	175,0000	175,0000	2,0000	0,4000	0,2300	0,3000	0,1800	0,6000	0,6000	44,9804	0,7353	55,0539	0,4244	0,6011	84,9649	24,3511	8823,7471	0,0000	0,0000	0,0000
116,0000	104,1521	49,3404	79,6802	29,9805	18,4602	25,4703	7,2222	10,0871	142,6535	126,5058	111,1984	143,1013	52,6528	126,5474	74,2086	140,8167	110,6720	34,4705	0,0000	0,0000	0,0000	0,0000	0,0000	0,0000	0,0000	0,0000	0,0000	0,0000	2096,8785	6984,8338	17,6195	950,8908	1856,5539	7,6266	1,9200	1,9500	1,4700	3,6600	3,6600	300,0000	150,0000	1300,0000	175,0000	175,0000	2,0000	0,4000	0,2300	0,3000	0,1800	0,6000	0,6000	16,8986	-3,2550	54,8118	0,4730	0,5839	84,9649	24,3511	8571,7656	0,0000	0,0000	0,0000
116,0000	97,2220	48,7438	74,8613	26,3116	17,3024	21,7636	6,3299	6,9201	125,8989	140,0885	137,7891	142,9431	50,3542	115,5698	70,1358	143,7179	103,0987	30,3685	0,0000	0,0000	0,0000	0,0000	0,0000	0,0000	0,0000	0,0000	0,0000	0,0000	1949,0452	5810,7969	15,5141	836,5261	2016,7742	7,6996	1,9200	1,9500	1,4700	3,6600	3,6600	300,0000	150,0000	1300,0000	175,0000	175,0000	2,0000	0,4000	0,2300	0,3000	0,1800	0,6000	0,6000	12,0000	-6,3844	48,4782	0,5120	0,5643	84,9649	24,3511	7565,0121	0,0000	0,0000	0,0000
116,0000	93,9043	46,7647	72,3455	26,3621	16,5709	21,7135	6,2967	6,9634	121,4298	140,1377	142,4721	140,7907	48,7154	112,3533	70,6281	144,4286	99,5377	30,3970	0,0000	0,0000	0,0000	0,0000	0,0000	0,0000	0,0000	0,0000	0,0000	0,0000	1835,0380	5394,2671	14,6692	847,6406	2076,2368	7,8120	1,9200	1,9500	1,4700	3,6600	3,6600	300,0000	150,0000	1300,0000	175,0000	175,0000	2,0000	0,4000	0,2300	0,3000	0,1800	0,6000	0,6000	12,0000	-6,5859	47,1396	0,5110	0,5664	84,9649	24,3511	7381,9946	0,0000	0,0000	0,0000
116,0000	93,8852	45,6311	72,1929	26,5265	16,7758	21,8919	6,2934	7,2459	123,1748	138,7537	142,0697	140,5590	48,6754	113,9631	70,9796	144,5717	99,5266	30,5649	0,0000	0,0000	0,0000	0,0000	0,0000	0,0000	0,0000	0,0000	0,0000	0,0000	1831,7602	5439,5235	14,7360	854,7658	2078,4039	7,8268	1,9200	1,9500	1,4700	3,6600	3,6600	300,0000	150,0000	1300,0000	175,0000	175,0000	2,0000	0,4000	0,2300	0,3000	0,1800	0,6000	0,6000	12,4205	-6,5876	48,2541	0,5090	0,5729	84,9649	24,3511	7573,3679	0,0000	0,0000	0,0000
116,0000	96,9223	45,9874	74,4110	31,3447	17,8392	26,8072	8,6502	11,4991	127,1660	119,4670	135,0309	104,6871	48,2063	125,1483	74,2443	144,1903	102,6767	34,0522	0,0000	0,0000	0,0000	0,0000	0,0000	0,0000	0,0000	0,0000	0,0000	0,0000	1756,8580	5383,1527	14,5270	871,3386	1936,5831	7,6273	1,9200	1,9500	1,4700	3,6600	3,6600	300,0000	150,0000	1300,0000	175,0000	175,0000	2,0000	0,4000	0,2300	0,3000	0,1800	0,6000	0,6000	42,6365	-1,1203	50,9349	0,4851	0,6148	84,9649	24,3511	8925,2696	0,0000	0,0000	0,0000
116,0000	103,8992	47,5376	79,4973	33,3063	25,1668	29,3889	9,0127	13,5142	142,9745	111,7996	106,8479	104,1323	51,1455	126,0784	77,1718	132,5191	110,2688	36,3753	0,0000	0,0000	0,0000	0,0000	0,0000	0,0000	0,0000	0,0000	0,0000	0,0000	1940,5547	6573,0926	16,7147	953,5435	1684,8605	7,3573	1,9200	1,9500	1,4700	3,6600	3,6600	300,0000	150,0000	1300,0000	175,0000	175,0000	2,0000	0,4000	0,2300	0,3000	0,1800	0,6000	0,6000	43,0624	0,7155	56,3616	0,4177	0,5943	84,9649	24,3511	8692,2102	0,0000	0,0000	0,0000
116,0000	103,5966	49,0416	79,2983	28,1368	17,8455	23,9378	6,7208	8,7983	141,1904	131,7440	116,0075	150,6955	52,9489	126,0855	71,8969	141,7888	110,0071	32,4822	0,0000	0,0000	0,0000	0,0000	0,0000	0,0000	0,0000	0,0000	0,0000	0,0000	2130,3858	6879,9937	17,5059	885,8131	1835,0896	7,4887	1,9200	1,9500	1,4700	3,6600	3,6600	300,0000	150,0000	1300,0000	175,0000	175,0000	2,0000	0,4000	0,2300	0,3000	0,1800	0,6000	0,6000	12,0000	-4,6374	54,5549	0,4929	0,5801	84,9649	24,3511	8483,8517	0,0000	0,0000	0,0000
