HR	AOPmax	AOPmin	AOPmean	PAPmax	PAPmin	PAPmean	PRAmean	WedgeP	QLV	Qsist	QRV	Qpulm	LVes	LVed	RVes	RVed	Plvmax	Prvmax	QVADmax	QVADmin	QVADmean	QECMO	P1mean	P2mean	P3mean	Qventing	Qinflow1	Qinflow2	PELeftV	SWLeftV	MVO2LeftV	PERightV	SWRightV	MVO2RightV	RupAbr	RkidAbr	RsplAbr	RllAbr	RrlAbr	V0upbr	V0kidbr	V0spbr	V0llbr	V0rlbr	Emaxl	Emaxr	RupVbr	RkidVbr	RspVbr	RllVbr	RrlVbr	Paw	Ppleural	PP	RV EF 	LV EF 	Ccw linear	Cl linear	CO	ECMOflowma	ECMOlfowmi	ECMOvol
116,0000	104,7116	48,4704	79,7459	31,2151	18,9890	26,1484	7,5028	11,2223	144,2058	122,7860	108,6743	134,5838	52,3816	127,0802	75,0236	138,6041	111,3644	35,6859	0,0000	0,0000	0,0000	0,0000	0,0000	0,0000	0,0000	0,0000	0,0000	0,0000	2050,4365	7024,1497	17,6081	978,3142	1842,5305	7,6479	1,9200	1,9500	1,4700	3,6600	3,6600	300,0000	150,0000	1300,0000	175,0000	175,0000	2,0000	0,4000	0,2300	0,3000	0,1800	0,6000	0,6000	20,6821	-2,5067	56,2412	0,4587	0,5878	84,8344	24,5412	8665,0395	0,0000	0,0000	0,0000
116,0000	99,5900	48,7533	76,4761	26,3307	17,5473	21,8802	6,3182	7,3871	131,3152	138,7690	133,9889	141,3721	51,4939	119,5152	69,8678	142,5418	105,6533	30,3571	0,0000	0,0000	0,0000	0,0000	0,0000	0,0000	0,0000	0,0000	0,0000	0,0000	2036,6176	6177,6164	16,2378	831,7360	1961,8115	7,6044	1,9200	1,9500	1,4700	3,6600	3,6600	300,0000	150,0000	1300,0000	175,0000	175,0000	2,0000	0,4000	0,2300	0,3000	0,1800	0,6000	0,6000	12,0000	-6,3031	50,8367	0,5098	0,5691	84,8344	24,5412	7890,4692	0,0000	0,0000	0,0000
116,0000	95,8077	47,5816	73,7328	26,3366	16,6852	21,7391	6,2792	7,2430	124,5210	139,6712	140,6319	139,1226	49,6544	114,2236	70,4023	143,2496	101,5873	30,3366	0,0000	0,0000	0,0000	0,0000	0,0000	0,0000	0,0000	0,0000	0,0000	0,0000	1894,0113	5636,5256	15,1489	838,5440	2044,6896	7,7473	1,9200	1,9500	1,4700	3,6600	3,6600	300,0000	150,0000	1300,0000	175,0000	175,0000	2,0000	0,4000	0,2300	0,3000	0,1800	0,6000	0,6000	12,0000	-6,5807	48,2261	0,5085	0,5653	84,8344	24,5412	7490,0326	0,0000	0,0000	0,0000
116,0000	95,3058	46,2992	73,2330	26,5172	16,8594	21,9122	6,2729	7,4468	125,3880	138,6124	140,7645	139,3852	49,3768	115,3552	70,8393	143,7553	101,0556	30,5295	0,0000	0,0000	0,0000	0,0000	0,0000	0,0000	0,0000	0,0000	0,0000	0,0000	1873,0432	5618,0911	15,0862	847,3826	2057,4192	7,7816	1,9200	1,9500	1,4700	3,6600	3,6600	300,0000	150,0000	1300,0000	175,0000	175,0000	2,0000	0,4000	0,2300	0,3000	0,1800	0,6000	0,6000	12,0000	-6,5985	49,0066	0,5072	0,5720	84,8344	24,5412	7653,4981	0,0000	0,0000	0,0000
116,0000	96,5922	46,1769	74,3234	28,1147	17,2288	23,9575	7,3995	9,3446	127,6827	129,3307	138,7687	126,9900	49,3131	120,0146	71,7065	143,5887	102,3783	31,6070	0,0000	0,0000	0,0000	0,0000	0,0000	0,0000	0,0000	0,0000	0,0000	0,0000	1852,9840	5586,1649	15,0034	828,0496	1945,0645	7,5719	1,9200	1,9500	1,4700	3,6600	3,6600	300,0000	150,0000	1300,0000	175,0000	175,0000	2,0000	0,4000	0,2300	0,3000	0,1800	0,6000	0,6000	25,9158	-4,0594	50,4154	0,5006	0,5891	84,8344	24,5412	8201,3753	0,0000	0,0000	0,0000
116,0000	100,9090	47,5363	77,4011	32,5039	21,9807	28,2642	8,9048	13,0726	135,6964	113,9058	119,7639	99,6030	49,8234	127,8198	75,5936	137,6313	107,0159	35,2691	0,0000	0,0000	0,0000	0,0000	0,0000	0,0000	0,0000	0,0000	0,0000	0,0000	1854,7517	6015,1227	15,6894	908,4537	1817,2629	7,4964	1,9200	1,9500	1,4700	3,6600	3,6600	300,0000	150,0000	1300,0000	175,0000	175,0000	2,0000	0,4000	0,2300	0,3000	0,1800	0,6000	0,6000	43,6887	0,1507	53,3727	0,4508	0,6102	84,8344	24,5412	9047,5852	0,0000	0,0000	0,0000
116,0000	104,3971	48,8258	79,8030	28,9574	18,2381	24,7274	6,9661	9,9840	144,3846	127,8740	112,5407	144,0168	53,0379	127,8291	72,6653	139,9666	110,9089	33,3743	0,0000	0,0000	0,0000	0,0000	0,0000	0,0000	0,0000	0,0000	0,0000	0,0000	2131,3059	7053,1042	17,7830	907,7314	1822,2185	7,5031	1,9200	1,9500	1,4700	3,6600	3,6600	300,0000	150,0000	1300,0000	175,0000	175,0000	2,0000	0,4000	0,2300	0,3000	0,1800	0,6000	0,6000	13,9987	-3,8725	55,5712	0,4808	0,5851	84,8344	24,5412	8675,7792	0,0000	0,0000	0,0000
116,0000	98,4251	48,9486	75,6932	26,2347	17,1731	21,7284	6,2978	7,2664	128,3484	139,5041	136,6976	139,8636	50,9481	117,4326	69,8585	142,7203	104,3981	30,2346	0,0000	0,0000	0,0000	0,0000	0,0000	0,0000	0,0000	0,0000	0,0000	0,0000	1993,3131	5979,8814	15,8539	829,5699	1988,5485	7,6436	1,9200	1,9500	1,4700	3,6600	3,6600	300,0000	150,0000	1300,0000	175,0000	175,0000	2,0000	0,4000	0,2300	0,3000	0,1800	0,6000	0,6000	12,0000	-6,4316	49,4765	0,5105	0,5662	84,8344	24,5412	7712,2016	0,0000	0,0000	0,0000
116,0000	95,5533	47,1992	73,5128	26,3719	16,6995	21,7702	6,2755	7,2793	124,5363	139,5536	140,7744	139,1273	49,5228	114,4263	70,5020	143,4231	101,3153	30,3739	0,0000	0,0000	0,0000	0,0000	0,0000	0,0000	0,0000	0,0000	0,0000	0,0000	1894,7001	5615,4616	15,1165	844,8256	2048,6778	7,7636	1,9200	1,9500	1,4700	3,6600	3,6600	300,0000	150,0000	1300,0000	175,0000	175,0000	2,0000	0,4000	0,2300	0,3000	0,1800	0,6000	0,6000	12,0000	-6,5889	48,3541	0,5084	0,5672	84,8344	24,5412	7528,8073	0,0000	0,0000	0,0000
116,0000	95,3840	46,2105	73,2999	26,5401	16,8909	21,9916	6,3186	7,5409	125,7119	138,1833	140,6325	138,8986	49,4113	115,6404	70,8821	143,7297	101,1410	30,5522	0,0000	0,0000	0,0000	0,0000	0,0000	0,0000	0,0000	0,0000	0,0000	0,0000	1875,5722	5624,5772	15,1005	848,2728	2047,7389	7,7676	1,9200	1,9500	1,4700	3,6600	3,6600	300,0000	150,0000	1300,0000	175,0000	175,0000	2,0000	0,4000	0,2300	0,3000	0,1800	0,6000	0,6000	13,2236	-6,5108	49,1735	0,5068	0,5727	84,8344	24,5412	7682,5669	0,0000	0,0000	0,0000
116,0000	97,1046	46,5403	74,7327	28,9916	18,0503	24,8901	7,8058	10,1725	128,4363	125,6137	137,1008	121,0714	49,2089	121,8026	72,3912	143,4094	102,9310	32,3967	0,0000	0,0000	0,0000	0,0000	0,0000	0,0000	0,0000	0,0000	0,0000	0,0000	1831,6347	5598,6818	14,9893	835,1555	1946,4470	7,5854	1,9200	1,9500	1,4700	3,6600	3,6600	300,0000	150,0000	1300,0000	175,0000	175,0000	2,0000	0,4000	0,2300	0,3000	0,1800	0,6000	0,6000	30,2911	-3,0006	50,5644	0,4952	0,5960	84,8344	24,5412	8420,8632	0,0000	0,0000	0,0000
116,0000	102,1312	47,7896	78,1789	32,9549	23,2170	28,6477	8,8760	13,3507	138,2433	113,2292	114,5661	102,4976	50,2820	127,7332	76,4308	135,7760	108,3793	35,9709	0,0000	0,0000	0,0000	0,0000	0,0000	0,0000	0,0000	0,0000	0,0000	0,0000	1875,5168	6242,3333	16,0843	933,3876	1794,6349	7,5001	1,9200	1,9500	1,4700	3,6600	3,6600	300,0000	150,0000	1300,0000	175,0000	175,0000	2,0000	0,4000	0,2300	0,3000	0,1800	0,6000	0,6000	40,0886	0,2945	54,3416	0,4371	0,6064	84,8344	24,5412	8984,3398	0,0000	0,0000	0,0000
116,0000	104,2038	48,1539	79,6129	27,4737	17,7709	23,3418	6,5687	8,7725	143,5255	132,6276	116,8951	147,8724	53,3882	127,7344	70,7423	140,8573	110,6524	31,7026	0,0000	0,0000	0,0000	0,0000	0,0000	0,0000	0,0000	0,0000	0,0000	0,0000	2159,7698	7000,8979	17,7452	853,8286	1803,2591	7,3871	1,9200	1,9500	1,4700	3,6600	3,6600	300,0000	150,0000	1300,0000	175,0000	175,0000	2,0000	0,4000	0,2300	0,3000	0,1800	0,6000	0,6000	12,0000	-5,0855	56,0499	0,4978	0,5820	84,8344	24,5412	8624,1601	0,0000	0,0000	0,0000
116,0000	97,5977	49,0199	75,1308	26,1818	16,8182	21,6391	6,2933	7,1952	126,3582	139,7797	138,4485	138,8881	50,5539	116,0074	69,8635	142,8764	103,5075	30,1662	0,0000	0,0000	0,0000	0,0000	0,0000	0,0000	0,0000	0,0000	0,0000	0,0000	1962,4929	5845,2064	15,5904	828,5220	2006,0461	7,6698	1,9200	1,9500	1,4700	3,6600	3,6600	300,0000	150,0000	1300,0000	175,0000	175,0000	2,0000	0,4000	0,2300	0,3000	0,1800	0,6000	0,6000	12,0000	-6,5044	48,5778	0,5110	0,5642	84,8344	24,5412	7592,6096	0,0000	0,0000	0,0000
116,0000	95,3532	46,9178	73,3426	26,3988	16,7094	21,7928	6,2777	7,2997	124,5150	139,3517	140,9252	139,1879	49,4192	114,5240	70,5767	143,5760	101,1015	30,4035	0,0000	0,0000	0,0000	0,0000	0,0000	0,0000	0,0000	0,0000	0,0000	0,0000	1886,8868	5598,1663	15,0765	846,3138	2052,3389	7,7718	1,9200	1,9500	1,4700	3,6600	3,6600	300,0000	150,0000	1300,0000	175,0000	175,0000	2,0000	0,4000	0,2300	0,3000	0,1800	0,6000	0,6000	12,0000	-6,5936	48,4354	0,5084	0,5685	84,8344	24,5412	7552,1538	0,0000	0,0000	0,0000
116,0000	95,4075	46,1349	73,3915	26,5592	16,9149	22,2303	6,4816	7,7656	125,8846	136,9773	140,6109	137,4127	49,4196	116,1405	70,9211	143,7575	101,1673	30,5725	0,0000	0,0000	0,0000	0,0000	0,0000	0,0000	0,0000	0,0000	0,0000	0,0000	1870,5528	5593,7881	15,0435	841,2787	2013,0479	7,7012	1,9200	1,9500	1,4700	3,6600	3,6600	300,0000	150,0000	1300,0000	175,0000	175,0000	2,0000	0,4000	0,2300	0,3000	0,1800	0,6000	0,6000	15,3513	-6,1869	49,2726	0,5067	0,5745	84,8344	24,5412	7739,6152	0,0000	0,0000	0,0000
116,0000	97,7045	46,7818	75,1943	29,8645	18,9512	25,8510	8,1838	11,0101	129,5081	121,9123	134,1963	114,2377	49,1610	123,6701	73,1120	142,6257	103,5760	33,1540	0,0000	0,0000	0,0000	0,0000	0,0000	0,0000	0,0000	0,0000	0,0000	0,0000	1825,0879	5626,4278	15,0231	848,2801	1929,1957	7,5788	1,9200	1,9500	1,4700	3,6600	3,6600	300,0000	150,0000	1300,0000	175,0000	175,0000	2,0000	0,4000	0,2300	0,3000	0,1800	0,6000	0,6000	34,9350	-1,9814	50,9227	0,4874	0,6025	84,8344	24,5412	8643,0484	0,0000	0,0000	0,0000
116,0000	103,2301	48,0877	78,8098	33,1159	21,8214	28,2684	8,4983	12,9869	140,7725	115,1517	110,5218	113,9284	50,8254	125,4830	76,7683	134,0186	109,5557	36,1815	0,0000	0,0000	0,0000	0,0000	0,0000	0,0000	0,0000	0,0000	0,0000	0,0000	1970,3750	6562,8719	16,7459	982,4414	1815,8095	7,6119	1,9200	1,9500	1,4700	3,6600	3,6600	300,0000	150,0000	1300,0000	175,0000	175,0000	2,0000	0,4000	0,2300	0,3000	0,1800	0,6000	0,6000	33,3171	-0,3385	55,1424	0,4272	0,5950	84,8344	24,5412	8660,2839	0,0000	0,0000	0,0000
116,0000	102,9281	48,2236	78,7316	26,7158	17,5681	22,4945	6,4186	7,9992	139,9487	135,7273	123,0461	145,0843	52,9895	125,4830	69,8869	141,6017	109,2575	30,8176	0,0000	0,0000	0,0000	0,0000	0,0000	0,0000	0,0000	0,0000	0,0000	0,0000	2147,0488	6762,0350	17,3445	835,5155	1841,9863	7,4196	1,9200	1,9500	1,4700	3,6600	3,6600	300,0000	150,0000	1300,0000	175,0000	175,0000	2,0000	0,4000	0,2300	0,3000	0,1800	0,6000	0,6000	12,0000	-5,7519	54,7045	0,5065	0,5777	84,8344	24,5412	8409,2373	0,0000	0,0000	0,0000
116,0000	96,8380	48,6589	74,5661	26,2076	16,6683	21,6377	6,2897	7,1795	125,1945	139,8281	139,6053	138,6957	50,1788	115,0296	70,0114	143,0007	102,6914	30,1924	0,0000	0,0000	0,0000	0,0000	0,0000	0,0000	0,0000	0,0000	0,0000	0,0000	1933,6931	5744,2650	15,3837	830,9491	2022,4463	7,6997	1,9200	1,9500	1,4700	3,6600	3,6600	300,0000	150,0000	1300,0000	175,0000	175,0000	2,0000	0,4000	0,2300	0,3000	0,1800	0,6000	0,6000	12,0000	-6,5456	48,1791	0,5104	0,5638	84,8344	24,5412	7522,6890	0,0000	0,0000	0,0000
116,0000	95,2443	46,6544	73,2362	26,4383	16,7494	21,8301	6,2780	7,3386	124,6778	139,0921	140,9696	139,2957	49,3590	114,7327	70,6718	143,6941	100,9860	30,4466	0,0000	0,0000	0,0000	0,0000	0,0000	0,0000	0,0000	0,0000	0,0000	0,0000	1882,3420	5593,5365	15,0619	848,2789	2055,4508	7,7799	1,9200	1,9500	1,4700	3,6600	3,6600	300,0000	150,0000	1300,0000	175,0000	175,0000	2,0000	0,4000	0,2300	0,3000	0,1800	0,6000	0,6000	12,0000	-6,5962	48,5899	0,5082	0,5698	84,8344	24,5412	7583,3510	0,0000	0,0000	0,0000
116,0000	95,5108	46,0874	73,6055	26,6235	16,9496	22,6604	6,7371	8,1585	126,2891	134,9575	140,4671	134,9311	49,4177	117,1662	70,9799	143,7418	101,2796	30,5946	0,0000	0,0000	0,0000	0,0000	0,0000	0,0000	0,0000	0,0000	0,0000	0,0000	1852,5264	5568,7288	14,9749	818,7037	1972,8904	7,6013	1,9200	1,9500	1,4700	3,6600	3,6600	300,0000	150,0000	1300,0000	175,0000	175,0000	2,0000	0,4000	0,2300	0,3000	0,1800	0,6000	0,6000	18,2570	-5,6358	49,4234	0,5062	0,5782	84,8344	24,5412	7858,8299	0,0000	0,0000	0,0000
116,0000	98,6207	47,0382	75,8630	30,7341	19,9412	26,8154	8,5257	11,8470	131,2625	118,4094	129,8233	106,9798	49,2805	125,6960	73,8377	141,0862	104,5601	33,8688	0,0000	0,0000	0,0000	0,0000	0,0000	0,0000	0,0000	0,0000	0,0000	0,0000	1819,5791	5705,2454	15,1398	856,9503	1890,1739	7,5305	1,9200	1,9500	1,4700	3,6600	3,6600	300,0000	150,0000	1300,0000	175,0000	175,0000	2,0000	0,4000	0,2300	0,3000	0,1800	0,6000	0,6000	39,0428	-1,0401	51,5825	0,4766	0,6079	84,8344	24,5412	8864,1971	0,0000	0,0000	0,0000
116,0000	104,5188	48,2281	79,4268	33,1215	19,9713	27,2263	7,9665	12,1423	143,1114	118,9069	107,5451	125,6907	51,6140	125,7457	76,6095	136,6276	110,9364	36,1923	0,0000	0,0000	0,0000	0,0000	0,0000	0,0000	0,0000	0,0000	0,0000	0,0000	2036,9948	6872,1833	17,3447	1026,6605	1825,0056	7,6970	1,9200	1,9500	1,4700	3,6600	3,6600	300,0000	150,0000	1300,0000	175,0000	175,0000	2,0000	0,4000	0,2300	0,3000	0,1800	0,6000	0,6000	26,3035	-1,4369	56,2907	0,4393	0,5895	84,8344	24,5412	8599,2792	0,0000	0,0000	0,0000
116,0000	100,9653	48,5267	77,4032	26,4474	17,5404	22,0768	6,3511	7,5740	134,8342	137,6947	130,1716	142,8810	52,1271	121,9712	69,8401	142,2515	107,1361	30,5014	0,0000	0,0000	0,0000	0,0000	0,0000	0,0000	0,0000	0,0000	0,0000	0,0000	2075,7376	6414,7501	16,6778	829,4545	1920,5629	7,5351	1,9200	1,9500	1,4700	3,6600	3,6600	300,0000	150,0000	1300,0000	175,0000	175,0000	2,0000	0,4000	0,2300	0,3000	0,1800	0,6000	0,6000	12,0000	-6,1211	52,4386	0,5090	0,5726	84,8344	24,5412	8101,9147	0,0000	0,0000	0,0000
116,0000	96,1569	48,0287	74,0250	26,2870	16,6679	21,6972	6,2849	7,2057	124,6218	139,7427	140,3623	139,0174	49,8336	114,3877	70,2589	143,0862	101,9611	30,2824	0,0000	0,0000	0,0000	0,0000	0,0000	0,0000	0,0000	0,0000	0,0000	0,0000	1907,5405	5669,1987	15,2225	835,7551	2037,8546	7,7319	1,9200	1,9500	1,4700	3,6600	3,6600	300,0000	150,0000	1300,0000	175,0000	175,0000	2,0000	0,4000	0,2300	0,3000	0,1800	0,6000	0,6000	12,0000	-6,5690	48,1282	0,5090	0,5643	84,8344	24,5412	7488,2776	0,0000	0,0000	0,0000
116,0000	95,2339	46,4195	73,1995	26,4879	16,8139	21,8801	6,2761	7,3974	125,0295	138,7975	140,9058	139,4062	49,3461	115,0649	70,7816	143,7708	100,9768	30,4999	0,0000	0,0000	0,0000	0,0000	0,0000	0,0000	0,0000	0,0000	0,0000	0,0000	1870,8085	5602,2427	15,0574	846,1841	2057,7157	7,7802	1,9200	1,9500	1,4700	3,6600	3,6600	300,0000	150,0000	1300,0000	175,0000	175,0000	2,0000	0,4000	0,2300	0,3000	0,1800	0,6000	0,6000	12,0000	-6,5977	48,8144	0,5077	0,5711	84,8344	24,5412	7623,3732	0,0000	0,0000	0,0000
116,0000	96,0758	46,0792	73,9650	27,4116	16,9953	23,2832	7,0691	8,7312	127,0207	132,1678	139,7666	131,1927	49,3683	118,6049	71,2766	143,6757	101,8210	30,9712	0,0000	0,0000	0,0000	0,0000	0,0000	0,0000	0,0000	0,0000	0,0000	0,0000	1859,5018	5570,3396	14,9886	821,0604	1946,1360	7,5625	1,9200	1,9500	1,4700	3,6600	3,6600	300,0000	150,0000	1300,0000	175,0000	175,0000	2,0000	0,4000	0,2300	0,3000	0,1800	0,6000	0,6000	22,0194	-4,8675	49,9966	0,5039	0,5838	84,8344	24,5412	8031,4474	0,0000	0,0000	0,0000
116,0000	99,7997	47,3147	76,6719	31,6572	21,0130	27,6751	8,7697	12,5788	133,5406	115,6018	124,5992	102,1514	49,5363	127,2423	74,6979	139,2403	105,8260	34,6043	0,0000	0,0000	0,0000	0,0000	0,0000	0,0000	0,0000	0,0000	0,0000	0,0000	1836,9943	5852,5062	15,4021	877,6146	1851,5987	7,5020	1,9200	1,9500	1,4700	3,6600	3,6600	300,0000	150,0000	1300,0000	175,0000	175,0000	2,0000	0,4000	0,2300	0,3000	0,1800	0,6000	0,6000	41,9637	-0,3054	52,4850	0,4635	0,6107	84,8344	24,5412	9013,8991	0,0000	0,0000	0,0000
116,0000	104,6214	48,5235	79,7787	30,7931	18,8456	25,9315	7,4159	11,0345	144,3146	123,5670	109,1675	136,1789	52,5050	127,2599	74,6490	138,8724	111,2396	35,2620	0,0000	0,0000	0,0000	0,0000	0,0000	0,0000	0,0000	0,0000	0,0000	0,0000	2068,2302	7039,8955	17,6615	965,9730	1843,0662	7,6291	1,9200	1,9500	1,4700	3,6600	3,6600	300,0000	150,0000	1300,0000	175,0000	175,0000	2,0000	0,4000	0,2300	0,3000	0,1800	0,6000	0,6000	19,6202	-2,7182	56,0979	0,4625	0,5874	84,8344	24,5412	8671,5734	0,0000	0,0000	0,0000
116,0000	99,3741	48,7893	76,3311	26,3129	17,5486	21,8512	6,3136	7,3626	130,7622	138,9224	134,5157	141,1063	51,3933	119,1282	69,8686	142,5770	105,4205	30,3345	0,0000	0,0000	0,0000	0,0000	0,0000	0,0000	0,0000	0,0000	0,0000	0,0000	2028,5886	6140,6183	16,1661	831,3680	1967,2495	7,6125	1,9200	1,9500	1,4700	3,6600	3,6600	300,0000	150,0000	1300,0000	175,0000	175,0000	2,0000	0,4000	0,2300	0,3000	0,1800	0,6000	0,6000	12,0000	-6,3287	50,5848	0,5100	0,5686	84,8344	24,5412	7857,2417	0,0000	0,0000	0,0000
116,0000	95,7596	47,5110	73,6914	26,3435	16,6881	21,7451	6,2783	7,2498	124,5208	139,6567	140,6600	139,1262	49,6295	114,2625	70,4219	143,2838	101,5358	30,3439	0,0000	0,0000	0,0000	0,0000	0,0000	0,0000	0,0000	0,0000	0,0000	0,0000	1892,1352	5632,4322	15,1394	838,9212	2045,4860	7,7491	1,9200	1,9500	1,4700	3,6600	3,6600	300,0000	150,0000	1300,0000	175,0000	175,0000	2,0000	0,4000	0,2300	0,3000	0,1800	0,6000	0,6000	12,0000	-6,5823	48,2485	0,5085	0,5657	84,8344	24,5412	7497,4318	0,0000	0,0000	0,0000
116,0000	95,3210	46,2825	73,2411	26,5214	16,8664	21,9170	6,2724	7,4549	125,4499	138,5822	140,7373	139,3756	49,3835	115,4033	70,8471	143,7490	101,0722	30,5336	0,0000	0,0000	0,0000	0,0000	0,0000	0,0000	0,0000	0,0000	0,0000	0,0000	1873,5388	5621,0701	15,0917	847,5433	2057,2641	7,7816	1,9200	1,9500	1,4700	3,6600	3,6600	300,0000	150,0000	1300,0000	175,0000	175,0000	2,0000	0,4000	0,2300	0,3000	0,1800	0,6000	0,6000	12,0000	-6,5986	49,0385	0,5071	0,5721	84,8344	24,5412	7658,2916	0,0000	0,0000	0,0000
116,0000	96,6792	46,2461	74,3920	28,2522	17,3541	24,1010	7,4669	9,4736	127,8029	128,7457	138,5467	126,0883	49,2985	120,2929	71,8060	143,5731	102,4722	31,7316	0,0000	0,0000	0,0000	0,0000	0,0000	0,0000	0,0000	0,0000	0,0000	0,0000	1840,7197	5588,8122	14,9881	824,9289	1945,7056	7,5679	1,9200	1,9500	1,4700	3,6600	3,6600	300,0000	150,0000	1300,0000	175,0000	175,0000	2,0000	0,4000	0,2300	0,3000	0,1800	0,6000	0,6000	26,7326	-3,8905	50,4331	0,4999	0,5902	84,8344	24,5412	8235,3516	0,0000	0,0000	0,0000
116,0000	101,1248	47,5786	77,5360	32,6455	22,1692	28,3604	8,9238	13,1512	136,1003	113,6535	118,8551	99,2798	49,8911	127,8694	75,7637	137,3306	107,2474	35,4016	0,0000	0,0000	0,0000	0,0000	0,0000	0,0000	0,0000	0,0000	0,0000	0,0000	1861,6931	6046,6895	15,7507	915,6302	1810,5186	7,4971	1,9200	1,9500	1,4700	3,6600	3,6600	300,0000	150,0000	1300,0000	175,0000	175,0000	2,0000	0,4000	0,2300	0,3000	0,1800	0,6000	0,6000	43,9339	0,2207	53,5462	0,4483	0,6098	84,8344	24,5412	9045,4833	0,0000	0,0000	0,0000
116,0000	104,3792	48,6129	79,7831	28,6733	18,1467	24,4901	6,8835	9,7760	144,3235	128,7084	113,2362	145,3546	53,1183	127,8778	72,3125	140,1273	110,8793	33,0627	0,0000	0,0000	0,0000	0,0000	0,0000	0,0000	0,0000	0,0000	0,0000	0,0000	2135,1857	7047,7802	17,7807	896,4687	1817,7614	7,4781	1,9200	1,9500	1,4700	3,6600	3,6600	300,0000	150,0000	1300,0000	175,0000	175,0000	2,0000	0,4000	0,2300	0,3000	0,1800	0,6000	0,6000	12,9369	-4,0958	55,7663	0,4840	0,5846	84,8344	24,5412	8672,1084	0,0000	0,0000	0,0000
116,0000	98,2762	48,9713	75,5931	26,2227	17,1029	21,7097	6,2962	7,2524	127,9742	139,5733	137,0221	139,6636	50,8778	117,1684	69,8554	142,7443	104,2378	30,2193	0,0000	0,0000	0,0000	0,0000	0,0000	0,0000	0,0000	0,0000	0,0000	0,0000	1987,7797	5954,9746	15,8055	829,2757	1991,6698	7,6481	1,9200	1,9500	1,4700	3,6600	3,6600	300,0000	150,0000	1300,0000	175,0000	175,0000	2,0000	0,4000	0,2300	0,3000	0,1800	0,6000	0,6000	12,0000	-6,4461	49,3049	0,5106	0,5658	84,8344	24,5412	7689,7128	0,0000	0,0000	0,0000
116,0000	95,5186	47,1497	73,4831	26,3762	16,7008	21,7738	6,2754	7,2832	124,5345	139,5270	140,7964	139,1302	49,5049	114,4462	70,5140	143,4466	101,2782	30,3785	0,0000	0,0000	0,0000	0,0000	0,0000	0,0000	0,0000	0,0000	0,0000	0,0000	1893,3461	5612,5086	15,1096	845,0612	2049,2197	7,7649	1,9200	1,9500	1,4700	3,6600	3,6600	300,0000	150,0000	1300,0000	175,0000	175,0000	2,0000	0,4000	0,2300	0,3000	0,1800	0,6000	0,6000	12,0000	-6,5898	48,3688	0,5084	0,5674	84,8344	24,5412	7533,1998	0,0000	0,0000	0,0000
116,0000	95,3900	46,1982	73,3124	26,5431	16,8951	22,0179	6,3373	7,5672	125,7458	138,0465	140,6232	138,7240	49,4137	115,6947	70,8880	143,7308	101,1476	30,5553	0,0000	0,0000	0,0000	0,0000	0,0000	0,0000	0,0000	0,0000	0,0000	0,0000	1875,7449	5622,2907	15,0972	848,3971	2044,0971	7,7620	1,9200	1,9500	1,4700	3,6600	3,6600	300,0000	150,0000	1300,0000	175,0000	175,0000	2,0000	0,4000	0,2300	0,3000	0,1800	0,6000	0,6000	13,5124	-6,4750	49,1918	0,5068	0,5729	84,8344	24,5412	7688,5963	0,0000	0,0000	0,0000
116,0000	97,1871	46,5861	74,7977	29,1314	18,1892	25,0416	7,8668	10,3052	128,5721	125,0231	136,7351	120,0669	49,1941	122,0932	72,5064	143,3352	103,0198	32,5204	0,0000	0,0000	0,0000	0,0000	0,0000	0,0000	0,0000	0,0000	0,0000	0,0000	1830,0685	5601,0514	14,9906	837,2253	1945,2619	7,5868	1,9200	1,9500	1,4700	3,6600	3,6600	300,0000	150,0000	1300,0000	175,0000	175,0000	2,0000	0,4000	0,2300	0,3000	0,1800	0,6000	0,6000	30,9962	-2,8360	50,6010	0,4941	0,5971	84,8344	24,5412	8456,2977	0,0000	0,0000	0,0000
116,0000	102,2963	47,8258	78,2836	32,9938	23,4238	28,6390	8,8332	13,3334	138,6460	113,3776	113,8538	104,0605	50,3621	127,5442	76,5151	135,4914	108,5560	36,0208	0,0000	0,0000	0,0000	0,0000	0,0000	0,0000	0,0000	0,0000	0,0000	0,0000	1893,8856	6286,4930	16,1839	941,2021	1795,3465	7,5136	1,9200	1,9500	1,4700	3,6600	3,6600	300,0000	150,0000	1300,0000	175,0000	175,0000	2,0000	0,4000	0,2300	0,3000	0,1800	0,6000	0,6000	39,0947	0,2375	54,4705	0,4353	0,6051	84,8344	24,5412	8953,1157	0,0000	0,0000	0,0000
116,0000	104,0922	48,1331	79,5327	27,3067	17,7213	23,1691	6,5351	8,6195	143,1706	133,2171	117,7244	147,5227	53,3818	127,5442	70,5280	140,9803	110,5275	31,5089	0,0000	0,0000	0,0000	0,0000	0,0000	0,0000	0,0000	0,0000	0,0000	0,0000	2170,8621	6978,2958	17,7269	851,9658	1804,9107	7,3868	1,9200	1,9500	1,4700	3,6600	3,6600	300,0000	150,0000	1300,0000	175,0000	175,0000	2,0000	0,4000	0,2300	0,3000	0,1800	0,6000	0,6000	12,0000	-5,2202	55,9591	0,4997	0,5815	84,8344	24,5412	8602,8365	0,0000	0,0000	0,0000
116,0000	97,4759	48,9963	75,0442	26,1799	16,7806	21,6324	6,2929	7,1883	126,1185	139,8009	138,6670	138,8040	50,4947	115,8241	69,8751	142,8990	103,3766	30,1633	0,0000	0,0000	0,0000	0,0000	0,0000	0,0000	0,0000	0,0000	0,0000	0,0000	1957,9190	5827,2821	15,5545	828,6328	2008,6163	7,6740	1,9200	1,9500	1,4700	3,6600	3,6600	300,0000	150,0000	1300,0000	175,0000	175,0000	2,0000	0,4000	0,2300	0,3000	0,1800	0,6000	0,6000	12,0000	-6,5126	48,4796	0,5110	0,5640	84,8344	24,5412	7578,2070	0,0000	0,0000	0,0000
116,0000	95,3267	46,8749	73,3194	26,4037	16,7128	21,7971	6,2779	7,3035	124,5199	139,3157	140,9428	139,2033	49,4053	114,5426	70,5895	143,5979	101,0732	30,4089	0,0000	0,0000	0,0000	0,0000	0,0000	0,0000	0,0000	0,0000	0,0000	0,0000	1885,8388	5596,1045	15,0715	846,5733	2052,8894	7,7731	1,9200	1,9500	1,4700	3,6600	3,6600	300,0000	150,0000	1300,0000	175,0000	175,0000	2,0000	0,4000	0,2300	0,3000	0,1800	0,6000	0,6000	12,0000	-6,5941	48,4519	0,5084	0,5687	84,8344	24,5412	7555,9343	0,0000	0,0000	0,0000
116,0000	95,4139	46,1243	73,4122	26,5622	16,9190	22,2851	6,5166	7,8156	125,9156	136,7115	140,6044	137,0882	49,4222	116,2657	70,9270	143,7601	101,1743	30,5756	0,0000	0,0000	0,0000	0,0000	0,0000	0,0000	0,0000	0,0000	0,0000	0,0000	1868,0775	5587,6590	15,0298	837,7673	2006,2114	7,6847	1,9200	1,9500	1,4700	3,6600	3,6600	300,0000	150,0000	1300,0000	175,0000	175,0000	2,0000	0,4000	0,2300	0,3000	0,1800	0,6000	0,6000	15,7591	-6,1142	49,2895	0,5066	0,5749	84,8344	24,5412	7753,8456	0,0000	0,0000	0,0000
116,0000	97,8253	46,8179	75,2849	30,0016	19,1039	26,0057	8,2425	11,1447	129,7396	121,3306	133,5933	113,0243	49,1672	123,9809	73,2241	142,4254	103,7057	33,2689	0,0000	0,0000	0,0000	0,0000	0,0000	0,0000	0,0000	0,0000	0,0000	0,0000	1825,0481	5634,6717	15,0361	850,3811	1923,8975	7,5737	1,9200	1,9500	1,4700	3,6600	3,6600	300,0000	150,0000	1300,0000	175,0000	175,0000	2,0000	0,4000	0,2300	0,3000	0,1800	0,6000	0,6000	35,7207	-1,8229	51,0074	0,4859	0,6034	84,8344	24,5412	8678,3911	0,0000	0,0000	0,0000
116,0000	103,4224	48,0981	78,9105	33,1245	21,4831	28,1403	8,4189	12,8785	141,1798	115,6527	109,9600	115,9161	50,9224	124,9443	76,7828	133,7421	109,7617	36,1932	0,0000	0,0000	0,0000	0,0000	0,0000	0,0000	0,0000	0,0000	0,0000	0,0000	1985,8257	6617,7537	16,8579	995,8512	1819,9882	7,6399	1,9200	1,9500	1,4700	3,6600	3,6600	300,0000	150,0000	1300,0000	175,0000	175,0000	2,0000	0,4000	0,2300	0,3000	0,1800	0,6000	0,6000	32,1236	-0,4908	55,3243	0,4259	0,5924	84,8344	24,5412	8586,5417	0,0000	0,0000	0,0000
116,0000	102,6273	48,2723	78,5274	26,6502	17,5559	22,4060	6,4040	7,9125	139,1510	136,1076	124,1878	144,6638	52,8641	124,9443	69,8443	141,7137	108,9318	30,7402	0,0000	0,0000	0,0000	0,0000	0,0000	0,0000	0,0000	0,0000	0,0000	0,0000	2136,3943	6707,7633	17,2411	833,5985	1853,3328	7,4346	1,9200	1,9500	1,4700	3,6600	3,6600	300,0000	150,0000	1300,0000	175,0000	175,0000	2,0000	0,4000	0,2300	0,3000	0,1800	0,6000	0,6000	12,0000	-5,8257	54,3550	0,5071	0,5769	84,8344	24,5412	8361,3048	0,0000	0,0000	0,0000
116,0000	96,7192	48,5632	74,4735	26,2181	16,6662	21,6450	6,2889	7,1817	125,0709	139,8226	139,7494	138,7293	50,1191	114,9058	70,0477	143,0160	102,5640	30,2042	0,0000	0,0000	0,0000	0,0000	0,0000	0,0000	0,0000	0,0000	0,0000	0,0000	1929,1492	5730,4233	15,3544	831,6315	2024,8724	7,7047	1,9200	1,9500	1,4700	3,6600	3,6600	300,0000	150,0000	1300,0000	175,0000	175,0000	2,0000	0,4000	0,2300	0,3000	0,1800	0,6000	0,6000	12,0000	-6,5503	48,1560	0,5102	0,5638	84,8344	24,5412	7515,2626	0,0000	0,0000	0,0000
116,0000	95,2371	46,6136	73,2261	26,4459	16,7589	21,8377	6,2777	7,3473	124,7263	139,0466	140,9632	139,3132	49,3542	114,7813	70,6891	143,7080	100,9785	30,4548	0,0000	0,0000	0,0000	0,0000	0,0000	0,0000	0,0000	0,0000	0,0000	0,0000	1881,9768	5594,2542	15,0624	848,6392	2055,8481	7,7811	1,9200	1,9500	1,4700	3,6600	3,6600	300,0000	150,0000	1300,0000	175,0000	175,0000	2,0000	0,4000	0,2300	0,3000	0,1800	0,6000	0,6000	12,0000	-6,5965	48,6235	0,5081	0,5700	84,8344	24,5412	7589,5495	0,0000	0,0000	0,0000
116,0000	95,5380	46,0834	73,6558	26,7448	16,9566	22,7464	6,7850	8,2378	126,3931	134,5639	140,3932	134,4232	49,4121	117,3725	71,0089	143,7326	101,3090	30,5982	0,0000	0,0000	0,0000	0,0000	0,0000	0,0000	0,0000	0,0000	0,0000	0,0000	1848,6294	5567,5854	14,9669	814,7853	1967,2305	7,5861	1,9200	1,9500	1,4700	3,6600	3,6600	300,0000	150,0000	1300,0000	175,0000	175,0000	2,0000	0,4000	0,2300	0,3000	0,1800	0,6000	0,6000	18,7953	-5,5280	49,4546	0,5060	0,5790	84,8344	24,5412	7883,4015	0,0000	0,0000	0,0000
116,0000	98,7944	47,0816	75,9848	30,8757	20,1076	26,9610	8,5708	11,9722	131,5955	117,9117	129,0353	106,0571	49,3141	125,9986	73,9628	140,8031	104,7467	33,9826	0,0000	0,0000	0,0000	0,0000	0,0000	0,0000	0,0000	0,0000	0,0000	0,0000	1821,5172	5723,9071	15,1726	859,4358	1883,5072	7,5238	1,9200	1,9500	1,4700	3,6600	3,6600	300,0000	150,0000	1300,0000	175,0000	175,0000	2,0000	0,4000	0,2300	0,3000	0,1800	0,6000	0,6000	39,5663	-0,9091	51,7128	0,4747	0,6086	84,8344	24,5412	8895,4021	0,0000	0,0000	0,0000
116,0000	104,7173	48,2678	79,5034	33,0300	19,7499	27,0311	7,8791	11,9797	143,3782	119,6015	107,4939	127,4072	51,7719	126,0418	76,4012	137,0925	111,1490	36,1858	0,0000	0,0000	0,0000	0,0000	0,0000	0,0000	0,0000	0,0000	0,0000	0,0000	2056,8147	6909,1043	17,4350	1030,0691	1828,0849	7,7073	1,9200	1,9500	1,4700	3,6600	3,6600	300,0000	150,0000	1300,0000	175,0000	175,0000	2,0000	0,4000	0,2300	0,3000	0,1800	0,6000	0,6000	25,2417	-1,6315	56,4496	0,4427	0,5892	84,8344	24,5412	8615,3078	0,0000	0,0000	0,0000
116,0000	100,6753	48,5746	77,2071	26,4218	17,5412	22,0325	6,3436	7,5293	134,0953	137,9325	131,0628	142,5838	51,9948	121,4561	69,8482	142,3239	106,8232	30,4703	0,0000	0,0000	0,0000	0,0000	0,0000	0,0000	0,0000	0,0000	0,0000	0,0000	2065,0418	6364,5967	16,5809	829,0370	1930,4718	7,5502	1,9200	1,9500	1,4700	3,6600	3,6600	300,0000	150,0000	1300,0000	175,0000	175,0000	2,0000	0,4000	0,2300	0,3000	0,1800	0,6000	0,6000	12,0000	-6,1625	52,1007	0,5092	0,5719	84,8344	24,5412	8057,5210	0,0000	0,0000	0,0000
116,0000	96,0747	47,9346	73,9576	26,2982	16,6710	21,7063	6,2839	7,2122	124,5810	139,7282	140,4354	139,0532	49,7916	114,3246	70,2918	143,0890	101,8731	30,2948	0,0000	0,0000	0,0000	0,0000	0,0000	0,0000	0,0000	0,0000	0,0000	0,0000	1904,3691	5661,0118	15,2044	836,3986	2039,5917	7,7357	1,9200	1,9500	1,4700	3,6600	3,6600	300,0000	150,0000	1300,0000	175,0000	175,0000	2,0000	0,4000	0,2300	0,3000	0,1800	0,6000	0,6000	12,0000	-6,5717	48,1402	0,5088	0,5645	84,8344	24,5412	7485,8247	0,0000	0,0000	0,0000
116,0000	95,2429	46,3911	73,2020	26,4944	16,8234	21,8870	6,2755	7,4070	125,0958	138,7576	140,8831	139,4095	49,3495	115,1210	70,7951	143,7725	100,9868	30,5067	0,0000	0,0000	0,0000	0,0000	0,0000	0,0000	0,0000	0,0000	0,0000	0,0000	1871,0533	5604,8137	15,0619	846,4648	2057,7906	7,7807	1,9200	1,9500	1,4700	3,6600	3,6600	300,0000	150,0000	1300,0000	175,0000	175,0000	2,0000	0,4000	0,2300	0,3000	0,1800	0,6000	0,6000	12,0000	-6,5979	48,8518	0,5076	0,5713	84,8344	24,5412	7629,4897	0,0000	0,0000	0,0000
116,0000	96,1789	46,0818	74,0296	27,5413	17,0020	23,3997	7,1281	8,8379	127,1445	131,6648	139,6040	130,4734	49,3598	118,8600	71,3452	143,6601	101,9323	31,0884	0,0000	0,0000	0,0000	0,0000	0,0000	0,0000	0,0000	0,0000	0,0000	0,0000	1858,4097	5572,4135	14,9901	822,1215	1944,5157	7,5616	1,9200	1,9500	1,4700	3,6600	3,6600	300,0000	150,0000	1300,0000	175,0000	175,0000	2,0000	0,4000	0,2300	0,3000	0,1800	0,6000	0,6000	22,7020	-4,7260	50,0970	0,5034	0,5847	84,8344	24,5412	8062,0243	0,0000	0,0000	0,0000
116,0000	100,0027	47,3599	76,8078	31,8113	21,1920	27,7969	8,7999	12,6813	133,9373	115,2339	123,7125	101,5732	49,5850	127,3997	74,8531	138,9361	106,0437	34,7256	0,0000	0,0000	0,0000	0,0000	0,0000	0,0000	0,0000	0,0000	0,0000	0,0000	1842,1057	5881,6568	15,4567	884,0148	1845,7272	7,5028	1,9200	1,9500	1,4700	3,6600	3,6600	300,0000	150,0000	1300,0000	175,0000	175,0000	2,0000	0,4000	0,2300	0,3000	0,1800	0,6000	0,6000	42,3429	-0,2081	52,6427	0,4612	0,6108	84,8344	24,5412	9026,5043	0,0000	0,0000	0,0000
116,0000	104,5532	48,5784	79,8017	30,3979	18,7124	25,7109	7,3295	10,8431	144,3897	124,3610	109,7185	137,7414	52,6207	127,4145	74,2685	139,1176	111,1431	34,8717	0,0000	0,0000	0,0000	0,0000	0,0000	0,0000	0,0000	0,0000	0,0000	0,0000	2072,7572	7051,2755	17,6869	950,0531	1841,5310	7,6013	1,9200	1,9500	1,4700	3,6600	3,6600	300,0000	150,0000	1300,0000	175,0000	175,0000	2,0000	0,4000	0,2300	0,3000	0,1800	0,6000	0,6000	18,5584	-2,9320	55,9748	0,4661	0,5870	84,8344	24,5412	8676,0901	0,0000	0,0000	0,0000
116,0000	99,1707	48,8231	76,1944	26,2959	17,5312	21,8244	6,3095	7,3406	130,2424	139,0619	135,0010	140,8503	51,2984	118,7639	69,8677	142,6080	105,2013	30,3129	0,0000	0,0000	0,0000	0,0000	0,0000	0,0000	0,0000	0,0000	0,0000	0,0000	2021,0279	6105,9150	16,0988	830,9958	1972,0090	7,6195	1,9200	1,9500	1,4700	3,6600	3,6600	300,0000	150,0000	1300,0000	175,0000	175,0000	2,0000	0,4000	0,2300	0,3000	0,1800	0,6000	0,6000	12,0000	-6,3521	50,3476	0,5101	0,5681	84,8344	24,5412	7826,0063	0,0000	0,0000	0,0000
116,0000	95,7154	47,4445	73,6532	26,3498	16,6907	21,7507	6,2774	7,2563	124,5237	139,6413	140,6840	139,1265	49,6066	114,2996	70,4396	143,3139	101,4885	30,3505	0,0000	0,0000	0,0000	0,0000	0,0000	0,0000	0,0000	0,0000	0,0000	0,0000	1890,4138	5628,7688	15,1309	839,2604	2046,1778	7,7508	1,9200	1,9500	1,4700	3,6600	3,6600	300,0000	150,0000	1300,0000	175,0000	175,0000	2,0000	0,4000	0,2300	0,3000	0,1800	0,6000	0,6000	12,0000	-6,5838	48,2709	0,5085	0,5660	84,8344	24,5412	7504,3866	0,0000	0,0000	0,0000
116,0000	95,3358	46,2672	73,2499	26,5252	16,8729	21,9232	6,2736	7,4643	125,5087	138,5462	140,7116	139,3509	49,3901	115,4485	70,8542	143,7427	101,0883	30,5373	0,0000	0,0000	0,0000	0,0000	0,0000	0,0000	0,0000	0,0000	0,0000	0,0000	1874,0227	5623,7537	15,0968	847,6901	2056,8903	7,7813	1,9200	1,9500	1,4700	3,6600	3,6600	300,0000	150,0000	1300,0000	175,0000	175,0000	2,0000	0,4000	0,2300	0,3000	0,1800	0,6000	0,6000	12,1850	-6,5954	49,0686	0,5071	0,5722	84,8344	24,5412	7662,7740	0,0000	0,0000	0,0000
116,0000	96,7614	46,3080	74,4582	28,3886	17,4763	24,2455	7,5339	9,6039	127,9213	128,1570	138,3264	125,1399	49,2820	120,5678	71,9052	143,5583	102,5610	31,8544	0,0000	0,0000	0,0000	0,0000	0,0000	0,0000	0,0000	0,0000	0,0000	0,0000	1839,0351	5590,9912	14,9889	826,6027	1946,2712	7,5715	1,9200	1,9500	1,4700	3,6600	3,6600	300,0000	150,0000	1300,0000	175,0000	175,0000	2,0000	0,4000	0,2300	0,3000	0,1800	0,6000	0,6000	27,3911	-3,7199	50,4535	0,4991	0,5913	84,8344	24,5412	8269,1544	0,0000	0,0000	0,0000
116,0000	101,3381	47,6196	77,6677	32,7193	22,3622	28,4516	8,9405	13,2234	136,4973	113,4272	117,9774	99,0166	49,9590	127,8964	75,9174	137,0298	107,4761	35,5350	0,0000	0,0000	0,0000	0,0000	0,0000	0,0000	0,0000	0,0000	0,0000	0,0000	1868,8543	6078,0015	15,8120	922,5560	1803,8449	7,4975	1,9200	1,9500	1,4700	3,6600	3,6600	300,0000	150,0000	1300,0000	175,0000	175,0000	2,0000	0,4000	0,2300	0,3000	0,1800	0,6000	0,6000	44,0273	0,2854	53,7185	0,4460	0,6094	84,8344	24,5412	9040,7372	0,0000	0,0000	0,0000
116,0000	104,3647	48,4636	79,7613	28,4173	18,0672	24,2603	6,8023	9,5698	144,2324	129,5291	113,8716	146,7585	53,1918	127,9041	71,9955	140,2875	110,8547	32,7786	0,0000	0,0000	0,0000	0,0000	0,0000	0,0000	0,0000	0,0000	0,0000	0,0000	2138,7473	7042,0778	17,7773	886,4272	1813,4950	7,4553	1,9200	1,9500	1,4700	3,6600	3,6600	300,0000	150,0000	1300,0000	175,0000	175,0000	2,0000	0,4000	0,2300	0,3000	0,1800	0,6000	0,6000	12,0000	-4,3204	55,9011	0,4868	0,5841	84,8344	24,5412	8666,6352	0,0000	0,0000	0,0000
116,0000	98,1488	48,9923	75,5075	26,2158	17,0428	21,6964	6,2956	7,2437	127,6521	139,6144	137,3274	139,4958	50,8172	116,9410	69,8607	142,7678	104,1006	30,2098	0,0000	0,0000	0,0000	0,0000	0,0000	0,0000	0,0000	0,0000	0,0000	0,0000	1983,0172	5933,4978	15,7637	829,1840	1994,8774	7,6530	1,9200	1,9500	1,4700	3,6600	3,6600	300,0000	150,0000	1300,0000	175,0000	175,0000	2,0000	0,4000	0,2300	0,3000	0,1800	0,6000	0,6000	12,0000	-6,4593	49,1565	0,5107	0,5654	84,8344	24,5412	7670,3589	0,0000	0,0000	0,0000
116,0000	95,5023	47,1078	73,4669	26,3824	16,7051	21,7795	6,2760	7,2905	124,5632	139,4854	140,8115	139,1346	49,4958	114,4873	70,5289	143,4693	101,2609	30,3850	0,0000	0,0000	0,0000	0,0000	0,0000	0,0000	0,0000	0,0000	0,0000	0,0000	1892,6560	5611,8971	15,1076	845,3616	2049,7578	7,7662	1,9200	1,9500	1,4700	3,6600	3,6600	300,0000	150,0000	1300,0000	175,0000	175,0000	2,0000	0,4000	0,2300	0,3000	0,1800	0,6000	0,6000	12,0000	-6,5907	48,3945	0,5084	0,5677	84,8344	24,5412	7539,0138	0,0000	0,0000	0,0000
116,0000	95,4117	46,1921	73,3379	26,5474	16,9013	22,0500	6,3591	7,6002	125,8052	137,8803	140,6073	138,5198	49,4238	115,7773	70,8955	143,7300	101,1711	30,5596	0,0000	0,0000	0,0000	0,0000	0,0000	0,0000	0,0000	0,0000	0,0000	0,0000	1876,4849	5621,1640	15,0966	848,5578	2039,6992	7,7553	1,9200	1,9500	1,4700	3,6600	3,6600	300,0000	150,0000	1300,0000	175,0000	175,0000	2,0000	0,4000	0,2300	0,3000	0,1800	0,6000	0,6000	13,8195	-6,4332	49,2196	0,5067	0,5731	84,8344	24,5412	7697,0153	0,0000	0,0000	0,0000
116,0000	97,2884	46,6358	74,8761	29,2720	18,3286	25,1946	7,9277	10,4408	128,7436	124,4274	136,3246	119,0276	49,1888	122,4031	72,6230	143,2391	103,1289	32,6441	0,0000	0,0000	0,0000	0,0000	0,0000	0,0000	0,0000	0,0000	0,0000	0,0000	1829,2018	5605,9420	14,9970	839,3351	1943,5918	7,5875	1,9200	1,9500	1,4700	3,6600	3,6600	300,0000	150,0000	1300,0000	175,0000	175,0000	2,0000	0,4000	0,2300	0,3000	0,1800	0,6000	0,6000	31,7131	-2,6725	50,6526	0,4930	0,5981	84,8344	24,5412	8492,8524	0,0000	0,0000	0,0000
116,0000	102,4775	47,8762	78,3952	33,0282	23,4661	28,6110	8,7831	13,3026	139,0689	113,5861	113,1643	105,7626	50,4506	127,2999	76,5869	135,2061	108,7500	36,0656	0,0000	0,0000	0,0000	0,0000	0,0000	0,0000	0,0000	0,0000	0,0000	0,0000	1888,2413	6334,6763	16,2517	937,3696	1797,0146	7,5102	1,9200	1,9500	1,4700	3,6600	3,6600	300,0000	150,0000	1300,0000	175,0000	175,0000	2,0000	0,4000	0,2300	0,3000	0,1800	0,6000	0,6000	38,0708	0,1622	54,6013	0,4336	0,6037	84,8344	24,5412	8914,5182	0,0000	0,0000	0,0000
116,0000	103,9550	48,1311	79,4366	27,1591	17,6796	23,0122	6,5064	8,4808	142,7459	133,7630	118,6082	147,0906	53,3576	127,2999	70,3446	141,0983	110,3756	31,3368	0,0000	0,0000	0,0000	0,0000	0,0000	0,0000	0,0000	0,0000	0,0000	0,0000	2167,6973	6950,9959	17,6784	846,4141	1808,2740	7,3833	1,9200	1,9500	1,4700	3,6600	3,6600	300,0000	150,0000	1300,0000	175,0000	175,0000	2,0000	0,4000	0,2300	0,3000	0,1800	0,6000	0,6000	12,0000	-5,3423	55,8239	0,5014	0,5809	84,8344	24,5412	8577,3131	0,0000	0,0000	0,0000
116,0000	97,3646	48,9632	74,9637	26,1808	16,7490	21,6288	6,2926	7,1849	125,9170	139,8148	138,8655	138,7365	50,4403	115,6654	69,8914	142,9188	103,2569	30,1635	0,0000	0,0000	0,0000	0,0000	0,0000	0,0000	0,0000	0,0000	0,0000	0,0000	1953,7154	5811,4091	15,5226	828,8537	2011,1145	7,6784	1,9200	1,9500	1,4700	3,6600	3,6600	300,0000	150,0000	1300,0000	175,0000	175,0000	2,0000	0,4000	0,2300	0,3000	0,1800	0,6000	0,6000	12,0000	-6,5201	48,4014	0,5110	0,5639	84,8344	24,5412	7566,1036	0,0000	0,0000	0,0000
116,0000	95,3123	46,8357	73,3049	26,4095	16,7182	21,8026	6,2783	7,3096	124,5460	139,2767	140,9525	139,2161	49,3972	114,5759	70,6034	143,6168	101,0579	30,4153	0,0000	0,0000	0,0000	0,0000	0,0000	0,0000	0,0000	0,0000	0,0000	0,0000	1885,2280	5595,6119	15,0698	846,8602	2053,3702	7,7743	1,9200	1,9500	1,4700	3,6600	3,6600	300,0000	150,0000	1300,0000	175,0000	175,0000	2,0000	0,4000	0,2300	0,3000	0,1800	0,6000	0,6000	12,0000	-6,5946	48,4767	0,5084	0,5689	84,8344	24,5412	7560,7236	0,0000	0,0000	0,0000
116,0000	95,4311	46,1182	73,4417	26,5659	16,9243	22,3455	6,5540	7,8715	125,9640	136,4239	140,5913	136,7363	49,4302	116,4151	70,9336	143,7598	101,1929	30,5794	0,0000	0,0000	0,0000	0,0000	0,0000	0,0000	0,0000	0,0000	0,0000	0,0000	1866,0310	5582,8791	15,0189	834,2948	1999,4773	7,6685	1,9200	1,9500	1,4700	3,6600	3,6600	300,0000	150,0000	1300,0000	175,0000	175,0000	2,0000	0,4000	0,2300	0,3000	0,1800	0,6000	0,6000	16,1868	-6,0359	49,3129	0,5066	0,5754	84,8344	24,5412	7770,2501	0,0000	0,0000	0,0000
116,0000	97,9620	46,8570	75,3868	30,1390	19,2591	26,1618	8,3012	11,2813	130,0014	120,7504	132,9490	111,7718	49,1814	124,3052	73,3367	142,2043	103,8525	33,3833	0,0000	0,0000	0,0000	0,0000	0,0000	0,0000	0,0000	0,0000	0,0000	0,0000	1814,5444	5645,0819	15,0360	847,3176	1917,9287	7,5594	1,9200	1,9500	1,4700	3,6600	3,6600	300,0000	150,0000	1300,0000	175,0000	175,0000	2,0000	0,4000	0,2300	0,3000	0,1800	0,6000	0,6000	36,5205	-1,6653	51,1050	0,4843	0,6043	84,8344	24,5412	8714,3626	0,0000	0,0000	0,0000
116,0000	103,6265	48,1115	79,0181	33,1296	21,1614	27,9953	8,3359	12,7593	141,6006	116,1996	109,4150	117,9143	51,0256	124,3864	76,7878	134,1319	109,9803	36,2002	0,0000	0,0000	0,0000	0,0000	0,0000	0,0000	0,0000	0,0000	0,0000	0,0000	1961,6808	6672,1053	16,9061	988,8613	1822,4517	7,6327	1,9200	1,9500	1,4700	3,6600	3,6600	300,0000	150,0000	1300,0000	175,0000	175,0000	2,0000	0,4000	0,2300	0,3000	0,1800	0,6000	0,6000	30,8960	-0,6549	55,5150	0,4275	0,5898	84,8344	24,5412	8509,8467	0,0000	0,0000	0,0000
116,0000	102,3186	48,3224	78,3187	26,5958	17,5480	22,3279	6,3913	7,8346	138,3290	136,4617	125,3521	144,2731	52,7320	124,3864	69,8205	141,8246	108,5978	30,6764	0,0000	0,0000	0,0000	0,0000	0,0000	0,0000	0,0000	0,0000	0,0000	0,0000	2125,3084	6652,2018	17,1350	832,1789	1865,5966	7,4519	1,9200	1,9500	1,4700	3,6600	3,6600	300,0000	150,0000	1300,0000	175,0000	175,0000	2,0000	0,4000	0,2300	0,3000	0,1800	0,6000	0,6000	12,0000	-5,8931	53,9962	0,5077	0,5761	84,8344	24,5412	8311,9153	0,0000	0,0000	0,0000
116,0000	96,6064	48,4656	74,3847	26,2305	16,6626	21,6539	6,2882	7,1855	124,9657	139,8141	139,8841	138,7732	50,0621	114,7943	70,0873	143,0316	102,4430	30,2182	0,0000	0,0000	0,0000	0,0000	0,0000	0,0000	0,0000	0,0000	0,0000	0,0000	1924,8202	5717,6204	15,3272	832,3932	2027,5025	7,7101	1,9200	1,9500	1,4700	3,6600	3,6600	300,0000	150,0000	1300,0000	175,0000	175,0000	2,0000	0,4000	0,2300	0,3000	0,1800	0,6000	0,6000	12,0000	-6,5546	48,1408	0,5100	0,5639	84,8344	24,5412	7508,9361	0,0000	0,0000	0,0000
116,0000	95,2350	46,5750	73,2200	26,4541	16,7693	21,8459	6,2775	7,3570	124,7830	139,0003	140,9553	139,3322	49,3519	114,8358	70,7074	143,7222	100,9766	30,4637	0,0000	0,0000	0,0000	0,0000	0,0000	0,0000	0,0000	0,0000	0,0000	0,0000	1881,7999	5595,6120	15,0643	849,0233	2056,2570	7,7824	1,9200	1,9500	1,4700	3,6600	3,6600	300,0000	150,0000	1300,0000	175,0000	175,0000	2,0000	0,4000	0,2300	0,3000	0,1800	0,6000	0,6000	12,0000	-6,5968	48,6600	0,5080	0,5702	84,8344	24,5412	7596,1332	0,0000	0,0000	0,0000
116,0000	95,6178	46,0823	73,7109	26,8681	16,9641	22,8376	6,8349	8,3221	126,5062	134,1507	140,3042	133,8833	49,4076	117,5917	71,0456	143,7232	101,3433	30,6023	0,0000	0,0000	0,0000	0,0000	0,0000	0,0000	0,0000	0,0000	0,0000	0,0000	1844,5623	5567,2719	14,9599	810,6069	1961,9665	7,5710	1,9200	1,9500	1,4700	3,6600	3,6600	300,0000	150,0000	1300,0000	175,0000	175,0000	2,0000	0,4000	0,2300	0,3000	0,1800	0,6000	0,6000	19,3556	-5,4148	49,5355	0,5057	0,5798	84,8344	24,5412	7909,3544	0,0000	0,0000	0,0000
116,0000	98,9766	47,1226	76,1114	31,0193	20,2759	27,1040	8,6136	12,0948	131,9450	117,4324	128,2319	105,1995	49,3520	126,2858	74,0911	140,5152	104,9423	34,0976	0,0000	0,0000	0,0000	0,0000	0,0000	0,0000	0,0000	0,0000	0,0000	0,0000	1823,7699	5744,6239	15,2092	862,0287	1876,9719	7,5176	1,9200	1,9500	1,4700	3,6600	3,6600	300,0000	150,0000	1300,0000	175,0000	175,0000	2,0000	0,4000	0,2300	0,3000	0,1800	0,6000	0,6000	40,0679	-0,7835	51,8539	0,4727	0,6092	84,8344	24,5412	8924,3159	0,0000	0,0000	0,0000
116,0000	104,9083	48,3117	79,5750	32,7532	19,5481	26,8326	7,7915	11,8118	143,6229	120,3157	107,5947	129,1151	51,9254	126,3220	76,1356	137,5059	111,3535	36,1797	0,0000	0,0000	0,0000	0,0000	0,0000	0,0000	0,0000	0,0000	0,0000	0,0000	2076,6958	6942,7135	17,5202	1032,2260	1832,1702	7,7173	1,9200	1,9500	1,4700	3,6600	3,6600	300,0000	150,0000	1300,0000	175,0000	175,0000	2,0000	0,4000	0,2300	0,3000	0,1800	0,6000	0,6000	24,1799	-1,8299	56,5965	0,4463	0,5889	84,8344	24,5412	8630,0120	0,0000	0,0000	0,0000
116,0000	100,4011	48,6169	77,0223	26,3983	17,5426	21,9920	6,3369	7,4900	133,3925	138,1541	131,8573	142,2901	51,8690	120,9663	69,8555	142,3871	106,5273	30,4415	0,0000	0,0000	0,0000	0,0000	0,0000	0,0000	0,0000	0,0000	0,0000	0,0000	2054,9173	6317,0803	16,4891	828,6464	1939,3104	7,5637	1,9200	1,9500	1,4700	3,6600	3,6600	300,0000	150,0000	1300,0000	175,0000	175,0000	2,0000	0,4000	0,2300	0,3000	0,1800	0,6000	0,6000	12,0000	-6,2003	51,7842	0,5094	0,5712	84,8344	24,5412	8015,2892	0,0000	0,0000	0,0000
116,0000	96,0030	47,8457	73,8979	26,3087	16,6746	21,7151	6,2829	7,2195	124,5555	139,7150	140,4961	139,0803	49,7548	114,2746	70,3221	143,0991	101,7963	30,3064	0,0000	0,0000	0,0000	0,0000	0,0000	0,0000	0,0000	0,0000	0,0000	0,0000	1901,5907	5654,1444	15,1891	836,9896	2041,0941	7,7391	1,9200	1,9500	1,4700	3,6600	3,6600	300,0000	150,0000	1300,0000	175,0000	175,0000	2,0000	0,4000	0,2300	0,3000	0,1800	0,6000	0,6000	12,0000	-6,5741	48,1573	0,5086	0,5646	84,8344	24,5412	7484,2939	0,0000	0,0000	0,0000
116,0000	95,2566	46,3666	73,2083	26,5006	16,8327	21,8937	6,2750	7,4170	125,1667	138,7206	140,8574	139,4085	49,3553	115,1792	70,8075	143,7716	101,0019	30,5130	0,0000	0,0000	0,0000	0,0000	0,0000	0,0000	0,0000	0,0000	0,0000	0,0000	1871,4747	5607,8942	15,0674	846,7231	2057,7918	7,7812	1,9200	1,9500	1,4700	3,6600	3,6600	300,0000	150,0000	1300,0000	175,0000	175,0000	2,0000	0,4000	0,2300	0,3000	0,1800	0,6000	0,6000	12,0000	-6,5981	48,8901	0,5075	0,5715	84,8344	24,5412	7635,5760	0,0000	0,0000	0,0000
116,0000	96,2814	46,0863	74,0973	27,6727	17,0087	23,5214	7,1888	8,9492	127,2721	131,1466	139,4287	129,7194	49,3514	119,1226	71,4200	143,6440	102,0431	31,2070	0,0000	0,0000	0,0000	0,0000	0,0000	0,0000	0,0000	0,0000	0,0000	0,0000	1857,3237	5575,2706	14,9929	823,2988	1943,7963	7,5623	1,9200	1,9500	1,4700	3,6600	3,6600	300,0000	150,0000	1300,0000	175,0000	175,0000	2,0000	0,4000	0,2300	0,3000	0,1800	0,6000	0,6000	23,4090	-4,5793	50,1951	0,5028	0,5857	84,8344	24,5412	8093,4538	0,0000	0,0000	0,0000
116,0000	100,2105	47,4057	76,9463	31,9682	21,3698	27,9141	8,8279	12,7800	134,3435	114,8883	122,8114	101,0402	49,6362	127,5341	75,0151	138,6314	106,2666	34,8492	0,0000	0,0000	0,0000	0,0000	0,0000	0,0000	0,0000	0,0000	0,0000	0,0000	1847,3934	5911,8862	15,5132	890,6236	1839,6858	7,5037	1,9200	1,9500	1,4700	3,6600	3,6600	300,0000	150,0000	1300,0000	175,0000	175,0000	2,0000	0,4000	0,2300	0,3000	0,1800	0,6000	0,6000	42,6978	-0,1160	52,8048	0,4589	0,6108	84,8344	24,5412	9036,1585	0,0000	0,0000	0,0000
116,0000	104,5020	48,6356	79,8166	30,0274	18,5888	25,4870	7,2438	10,6485	144,4348	125,1656	110,3187	139,2692	52,7295	127,5467	73,8876	139,3423	111,0684	34,5002	0,0000	0,0000	0,0000	0,0000	0,0000	0,0000	0,0000	0,0000	0,0000	0,0000	2090,7562	7058,4877	17,7270	940,2944	1838,1194	7,5803	1,9200	1,9500	1,4700	3,6600	3,6600	300,0000	150,0000	1300,0000	175,0000	175,0000	2,0000	0,4000	0,2300	0,3000	0,1800	0,6000	0,6000	17,4966	-3,1480	55,8663	0,4697	0,5866	84,8344	24,5412	8678,7954	0,0000	0,0000	0,0000
116,0000	98,9808	48,8552	76,0668	26,2802	17,4372	21,7995	6,3061	7,3209	129,7566	139,1869	135,4468	140,6022	51,2095	118,4234	69,8666	142,6370	104,9967	30,2928	0,0000	0,0000	0,0000	0,0000	0,0000	0,0000	0,0000	0,0000	0,0000	0,0000	2013,9683	6073,5843	16,0361	830,6457	1976,4599	7,6260	1,9200	1,9500	1,4700	3,6600	3,6600	300,0000	150,0000	1300,0000	175,0000	175,0000	2,0000	0,4000	0,2300	0,3000	0,1800	0,6000	0,6000	12,0000	-6,3735	50,1256	0,5102	0,5676	84,8344	24,5412	7796,8167	0,0000	0,0000	0,0000
116,0000	95,6753	47,3824	73,6183	26,3557	16,6933	21,7559	6,2767	7,2626	124,5288	139,6242	140,7063	139,1266	49,5859	114,3353	70,4561	143,3420	101,4457	30,3568	0,0000	0,0000	0,0000	0,0000	0,0000	0,0000	0,0000	0,0000	0,0000	0,0000	1888,8476	5625,5143	15,1232	839,5789	2046,8231	7,7523	1,9200	1,9500	1,4700	3,6600	3,6600	300,0000	150,0000	1300,0000	175,0000	175,0000	2,0000	0,4000	0,2300	0,3000	0,1800	0,6000	0,6000	12,0000	-6,5852	48,2929	0,5085	0,5663	84,8344	24,5412	7510,9363	0,0000	0,0000	0,0000
116,0000	95,3505	46,2534	73,2608	26,5290	16,8790	21,9331	6,2787	7,4770	125,5647	138,4928	140,6887	139,2937	49,3967	115,4924	70,8611	143,7379	101,1043	30,5411	0,0000	0,0000	0,0000	0,0000	0,0000	0,0000	0,0000	0,0000	0,0000	0,0000	1874,5044	5625,4364	15,1002	847,8347	2055,6494	7,7795	1,9200	1,9500	1,4700	3,6600	3,6600	300,0000	150,0000	1300,0000	175,0000	175,0000	2,0000	0,4000	0,2300	0,3000	0,1800	0,6000	0,6000	12,3981	-6,5858	49,0971	0,5070	0,5723	84,8344	24,5412	7667,0944	0,0000	0,0000	0,0000
116,0000	96,8431	46,3683	74,5239	28,5287	17,6066	24,3944	7,5993	9,7361	128,0378	127,5634	138,0822	124,2174	49,2653	120,8532	72,0152	143,5418	102,6491	31,9814	0,0000	0,0000	0,0000	0,0000	0,0000	0,0000	0,0000	0,0000	0,0000	0,0000	1837,3367	5592,9145	14,9892	828,5094	1946,8631	7,5755	1,9200	1,9500	1,4700	3,6600	3,6600	300,0000	150,0000	1300,0000	175,0000	175,0000	2,0000	0,4000	0,2300	0,3000	0,1800	0,6000	0,6000	28,0487	-3,5505	50,4748	0,4983	0,5924	84,8344	24,5412	8304,1967	0,0000	0,0000	0,0000
116,0000	101,5580	47,6611	77,7989	32,7852	22,5564	28,5312	8,9475	13,2840	136,9055	113,2478	117,1307	99,1115	50,0313	127,9179	76,0598	136,7336	107,7119	35,6724	0,0000	0,0000	0,0000	0,0000	0,0000	0,0000	0,0000	0,0000	0,0000	0,0000	1876,5708	6111,1335	15,8771	929,3911	1798,4479	7,4998	1,9200	1,9500	1,4700	3,6600	3,6600	300,0000	150,0000	1300,0000	175,0000	175,0000	2,0000	0,4000	0,2300	0,3000	0,1800	0,6000	0,6000	43,1565	0,3301	53,8968	0,4437	0,6089	84,8344	24,5412	9034,8429	0,0000	0,0000	0,0000
116,0000	104,3508	48,3453	79,7379	28,1662	17,9870	24,0224	6,7293	9,3642	144,1418	130,3452	114,5430	147,6747	53,2595	127,9250	71,6646	140,4299	110,8316	32,4959	0,0000	0,0000	0,0000	0,0000	0,0000	0,0000	0,0000	0,0000	0,0000	0,0000	2155,1374	7036,9529	17,7953	881,1303	1809,4767	7,4405	1,9200	1,9500	1,4700	3,6600	3,6600	300,0000	150,0000	1300,0000	175,0000	175,0000	2,0000	0,4000	0,2300	0,3000	0,1800	0,6000	0,6000	12,0000	-4,5311	56,0055	0,4897	0,5837	84,8344	24,5412	8661,1928	0,0000	0,0000	0,0000
116,0000	98,0134	49,0104	75,4163	26,2052	16,9803	21,6797	6,2948	7,2304	127,3162	139,6661	137,6162	139,3221	50,7530	116,7028	69,8573	142,7937	103,9548	30,1964	0,0000	0,0000	0,0000	0,0000	0,0000	0,0000	0,0000	0,0000	0,0000	0,0000	1977,9900	5911,1378	15,7201	828,9206	1997,6726	7,6571	1,9200	1,9500	1,4700	3,6600	3,6600	300,0000	150,0000	1300,0000	175,0000	175,0000	2,0000	0,4000	0,2300	0,3000	0,1800	0,6000	0,6000	12,0000	-6,4714	49,0030	0,5108	0,5651	84,8344	24,5412	7650,1765	0,0000	0,0000	0,0000
116,0000	95,4650	47,0625	73,4359	26,3860	16,7055	21,7824	6,2763	7,2925	124,5492	139,4574	140,8396	139,1441	49,4767	114,4954	70,5398	143,4948	101,2210	30,3891	0,0000	0,0000	0,0000	0,0000	0,0000	0,0000	0,0000	0,0000	0,0000	0,0000	1891,2173	5608,3991	15,0997	845,5760	2050,3623	7,7675	1,9200	1,9500	1,4700	3,6600	3,6600	300,0000	150,0000	1300,0000	175,0000	175,0000	2,0000	0,4000	0,2300	0,3000	0,1800	0,6000	0,6000	12,0000	-6,5915	48,4025	0,5084	0,5679	84,8344	24,5412	7542,1604	0,0000	0,0000	0,0000
116,0000	95,4101	46,1779	73,3479	26,5501	16,9045	22,0845	6,3834	7,6324	125,8234	137,7043	140,6081	138,3013	49,4225	115,8422	70,9014	143,7364	101,1695	30,5626	0,0000	0,0000	0,0000	0,0000	0,0000	0,0000	0,0000	0,0000	0,0000	0,0000	1876,3867	5616,0432	15,0882	848,6840	2034,6926	7,7475	1,9200	1,9500	1,4700	3,6600	3,6600	300,0000	150,0000	1300,0000	175,0000	175,0000	2,0000	0,4000	0,2300	0,3000	0,1800	0,6000	0,6000	14,1450	-6,3855	49,2321	0,5067	0,5734	84,8344	24,5412	7704,6839	0,0000	0,0000	0,0000
116,0000	97,3745	46,6720	74,9429	29,4107	18,4715	25,3467	7,9880	10,5728	128,8951	123,8396	135,8916	117,9682	49,1765	122,6924	72,7383	143,1301	103,2215	32,7652	0,0000	0,0000	0,0000	0,0000	0,0000	0,0000	0,0000	0,0000	0,0000	0,0000	1827,8156	5609,0552	14,9998	841,4279	1941,2542	7,5871	1,9200	1,9500	1,4700	3,6600	3,6600	300,0000	150,0000	1300,0000	175,0000	175,0000	2,0000	0,4000	0,2300	0,3000	0,1800	0,6000	0,6000	32,4422	-2,5099	50,7025	0,4918	0,5992	84,8344	24,5412	8527,8441	0,0000	0,0000	0,0000
116,0000	102,6452	47,9212	78,4923	33,0565	23,0555	28,5624	8,7261	13,2527	139,4639	113,8597	112,5110	107,5703	50,5333	126,9690	76,6475	134,9282	108,9295	36,1028	0,0000	0,0000	0,0000	0,0000	0,0000	0,0000	0,0000	0,0000	0,0000	0,0000	1894,4968	6383,3020	16,3391	938,9852	1799,5331	7,5168	1,9200	1,9500	1,4700	3,6600	3,6600	300,0000	150,0000	1300,0000	175,0000	175,0000	2,0000	0,4000	0,2300	0,3000	0,1800	0,6000	0,6000	37,0161	0,0701	54,7240	0,4319	0,6020	84,8344	24,5412	8866,5471	0,0000	0,0000	0,0000
116,0000	103,7662	48,1427	79,3056	27,0296	17,6439	22,8695	6,4814	8,3512	142,2118	134,2740	119,5579	146,6233	53,3033	126,9690	70,1931	141,2185	110,1686	31,1857	0,0000	0,0000	0,0000	0,0000	0,0000	0,0000	0,0000	0,0000	0,0000	0,0000	2162,2645	6915,3338	17,6129	841,6956	1813,6534	7,3843	1,9200	1,9500	1,4700	3,6600	3,6600	300,0000	150,0000	1300,0000	175,0000	175,0000	2,0000	0,4000	0,2300	0,3000	0,1800	0,6000	0,6000	12,0000	-5,4531	55,6234	0,5029	0,5802	84,8344	24,5412	8545,2241	0,0000	0,0000	0,0000
116,0000	97,2411	48,9121	74,8727	26,1837	16,7221	21,6273	6,2921	7,1812	125,7180	139,8248	139,0579	138,6974	50,3795	115,5015	69,9128	142,9400	103,1243	30,1663	0,0000	0,0000	0,0000	0,0000	0,0000	0,0000	0,0000	0,0000	0,0000	0,0000	1949,0430	5794,6775	15,4885	829,1896	2013,7434	7,6831	1,9200	1,9500	1,4700	3,6600	3,6600	300,0000	150,0000	1300,0000	175,0000	175,0000	2,0000	0,4000	0,2300	0,3000	0,1800	0,6000	0,6000	12,0000	-6,5270	48,3290	0,5109	0,5638	84,8344	24,5412	7554,1453	0,0000	0,0000	0,0000
116,0000	95,2912	46,7929	73,2853	26,4155	16,7238	21,8081	6,2784	7,3151	124,5647	139,2362	140,9632	139,2343	49,3858	114,6042	70,6182	143,6371	101,0355	30,4218	0,0000	0,0000	0,0000	0,0000	0,0000	0,0000	0,0000	0,0000	0,0000	0,0000	1884,3689	5594,3665	15,0664	847,1643	2053,9005	7,7757	1,9200	1,9500	1,4700	3,6600	3,6600	300,0000	150,0000	1300,0000	175,0000	175,0000	2,0000	0,4000	0,2300	0,3000	0,1800	0,6000	0,6000	12,0000	-6,5950	48,4983	0,5084	0,5691	84,8344	24,5412	7565,3288	0,0000	0,0000	0,0000
116,0000	95,4439	46,1093	73,4690	26,5692	16,9295	22,4108	6,5934	7,9307	126,0079	136,1157	140,5839	136,3657	49,4356	116,5722	70,9366	143,7590	101,2070	30,5828	0,0000	0,0000	0,0000	0,0000	0,0000	0,0000	0,0000	0,0000	0,0000	0,0000	1863,8315	5577,6298	15,0071	830,7511	1993,0057	7,6525	1,9200	1,9500	1,4700	3,6600	3,6600	300,0000	150,0000	1300,0000	175,0000	175,0000	2,0000	0,4000	0,2300	0,3000	0,1800	0,6000	0,6000	16,6347	-5,9519	49,3347	0,5066	0,5759	84,8344	24,5412	7787,8446	0,0000	0,0000	0,0000
116,0000	98,1021	46,8934	75,4902	30,2761	19,4159	26,3175	8,3583	11,4167	130,2744	120,1769	132,2663	110,5230	49,1975	124,6296	73,4495	141,9634	104,0030	33,4963	0,0000	0,0000	0,0000	0,0000	0,0000	0,0000	0,0000	0,0000	0,0000	0,0000	1815,2121	5656,2356	15,0548	849,4462	1911,4029	7,5523	1,9200	1,9500	1,4700	3,6600	3,6600	300,0000	150,0000	1300,0000	175,0000	175,0000	2,0000	0,4000	0,2300	0,3000	0,1800	0,6000	0,6000	37,1673	-1,5105	51,2086	0,4826	0,6052	84,8344	24,5412	8750,1153	0,0000	0,0000	0,0000
116,0000	103,8329	48,1295	79,1264	33,1329	20,8564	27,8358	8,2503	12,6293	142,0185	116,7830	108,8763	119,8939	51,1303	124,6959	76,7892	134,7270	110,2015	36,2049	0,0000	0,0000	0,0000	0,0000	0,0000	0,0000	0,0000	0,0000	0,0000	0,0000	1976,8595	6724,8249	17,0142	1000,1539	1823,7885	7,6528	1,9200	1,9500	1,4700	3,6600	3,6600	300,0000	150,0000	1300,0000	175,0000	175,0000	2,0000	0,4000	0,2300	0,3000	0,1800	0,6000	0,6000	29,8013	-0,8282	55,7035	0,4300	0,5900	84,8344	24,5412	8533,6086	0,0000	0,0000	0,0000
116,0000	102,0013	48,3772	78,1046	26,5515	17,5435	22,2589	6,3800	7,7639	137,4879	136,7875	126,5279	143,9176	52,5931	123,8119	69,8132	141,9327	108,2548	30,6243	0,0000	0,0000	0,0000	0,0000	0,0000	0,0000	0,0000	0,0000	0,0000	0,0000	2113,7895	6595,5327	17,0264	831,1865	1878,5941	7,4710	1,9200	1,9500	1,4700	3,6600	3,6600	300,0000	150,0000	1300,0000	175,0000	175,0000	2,0000	0,4000	0,2300	0,3000	0,1800	0,6000	0,6000	12,0000	-5,9545	53,6242	0,5081	0,5752	84,8344	24,5412	8261,3720	0,0000	0,0000	0,0000
116,0000	96,4958	48,3641	74,2969	26,2439	16,6619	21,6638	6,2875	7,1900	124,8716	139,8006	140,0099	138,8270	50,0060	114,6895	70,1286	143,0458	102,3244	30,2333	0,0000	0,0000	0,0000	0,0000	0,0000	0,0000	0,0000	0,0000	0,0000	0,0000	1920,5692	5705,3745	15,3009	833,1957	2030,1012	7,7155	1,9200	1,9500	1,4700	3,6600	3,6600	300,0000	150,0000	1300,0000	175,0000	175,0000	2,0000	0,4000	0,2300	0,3000	0,1800	0,6000	0,6000	12,0000	-6,5584	48,1317	0,5097	0,5640	84,8344	24,5412	7503,2824	0,0000	0,0000	0,0000
116,0000	95,2344	46,5369	73,2148	26,4624	16,7801	21,8543	6,2773	7,3668	124,8425	138,9522	140,9446	139,3507	49,3504	114,8918	70,7257	143,7349	100,9763	30,4726	0,0000	0,0000	0,0000	0,0000	0,0000	0,0000	0,0000	0,0000	0,0000	0,0000	1881,6757	5597,1768	15,0666	849,4075	2056,6334	7,7836	1,9200	1,9500	1,4700	3,6600	3,6600	300,0000	150,0000	1300,0000	175,0000	175,0000	2,0000	0,4000	0,2300	0,3000	0,1800	0,6000	0,6000	12,0000	-6,5971	48,6975	0,5079	0,5705	84,8344	24,5412	7602,8095	0,0000	0,0000	0,0000
116,0000	95,7299	46,0815	73,7681	26,9926	16,9718	22,9335	6,8866	8,4108	126,6232	133,7180	140,1993	133,3098	49,4025	117,8196	71,0889	143,7122	101,4443	30,6062	0,0000	0,0000	0,0000	0,0000	0,0000	0,0000	0,0000	0,0000	0,0000	0,0000	1863,5702	5567,4249	14,9904	818,2420	1957,1558	7,5755	1,9200	1,9500	1,4700	3,6600	3,6600	300,0000	150,0000	1300,0000	175,0000	175,0000	2,0000	0,4000	0,2300	0,3000	0,1800	0,6000	0,6000	19,9381	-5,2961	49,6484	0,5053	0,5807	84,8344	24,5412	7936,3841	0,0000	0,0000	0,0000
116,0000	99,1638	47,1638	76,2403	31,1647	20,4420	27,2433	8,6539	12,2140	132,3060	116,9721	127,4089	104,3983	49,3925	126,5511	74,2243	140,2221	105,1433	34,2138	0,0000	0,0000	0,0000	0,0000	0,0000	0,0000	0,0000	0,0000	0,0000	0,0000	1826,2143	5767,1312	15,2490	864,7489	1870,7349	7,5120	1,9200	1,9500	1,4700	3,6600	3,6600	300,0000	150,0000	1300,0000	175,0000	175,0000	2,0000	0,4000	0,2300	0,3000	0,1800	0,6000	0,6000	40,5472	-0,6634	52,0000	0,4707	0,6097	84,8344	24,5412	8950,3928	0,0000	0,0000	0,0000
116,0000	105,0456	48,3583	79,6382	32,2901	19,3626	26,6299	7,7036	11,6386	143,8379	121,0477	107,8147	130,8042	52,0725	126,5805	75,8273	137,8784	111,5451	36,1736	0,0000	0,0000	0,0000	0,0000	0,0000	0,0000	0,0000	0,0000	0,0000	0,0000	2096,5660	6972,3608	17,5991	1034,0356	1836,1132	7,7264	1,9200	1,9500	1,4700	3,6600	3,6600	300,0000	150,0000	1300,0000	175,0000	175,0000	2,0000	0,4000	0,2300	0,3000	0,1800	0,6000	0,6000	23,1180	-2,0318	56,6874	0,4500	0,5886	84,8344	24,5412	8642,9298	0,0000	0,0000	0,0000
116,0000	100,1405	48,6584	76,8468	26,3762	17,5441	21,9551	6,3306	7,4550	132,7239	138,3596	132,5768	142,0041	51,7490	120,5000	69,8607	142,4409	106,2464	30,4141	0,0000	0,0000	0,0000	0,0000	0,0000	0,0000	0,0000	0,0000	0,0000	0,0000	2057,0801	6272,0746	16,4209	832,5935	1946,9766	7,5822	1,9200	1,9500	1,4700	3,6600	3,6600	300,0000	150,0000	1300,0000	175,0000	175,0000	2,0000	0,4000	0,2300	0,3000	0,1800	0,6000	0,6000	12,0000	-6,2348	51,4821	0,5095	0,5705	84,8344	24,5412	7975,1141	0,0000	0,0000	0,0000
116,0000	95,9385	47,7611	73,8437	26,3181	16,6780	21,7231	6,2818	7,2269	124,5400	139,7023	140,5450	139,0983	49,7217	114,2334	70,3491	143,1514	101,7272	30,3167	0,0000	0,0000	0,0000	0,0000	0,0000	0,0000	0,0000	0,0000	0,0000	0,0000	1899,0884	5648,1926	15,1756	837,5159	2042,3551	7,7419	1,9200	1,9500	1,4700	3,6600	3,6600	300,0000	150,0000	1300,0000	175,0000	175,0000	2,0000	0,4000	0,2300	0,3000	0,1800	0,6000	0,6000	12,0000	-6,5763	48,1775	0,5086	0,5647	84,8344	24,5412	7483,3609	0,0000	0,0000	0,0000
116,0000	95,2721	46,3444	73,2159	26,5062	16,8415	21,8999	6,2744	7,4266	125,2377	138,6862	140,8287	139,4029	49,3620	115,2363	70,8183	143,7675	101,0187	30,5186	0,0000	0,0000	0,0000	0,0000	0,0000	0,0000	0,0000	0,0000	0,0000	0,0000	1871,9639	5611,1297	15,0734	846,9476	2057,7051	7,7814	1,9200	1,9500	1,4700	3,6600	3,6600	300,0000	150,0000	1300,0000	175,0000	175,0000	2,0000	0,4000	0,2300	0,3000	0,1800	0,6000	0,6000	12,0000	-6,5982	48,9276	0,5074	0,5716	84,8344	24,5412	7641,4168	0,0000	0,0000	0,0000
116,0000	96,3807	46,0913	74,1661	27,8053	17,0150	23,6480	7,2509	9,0646	127,3996	130,6134	139,2403	128,9299	49,3419	119,3901	71,5002	143,6267	102,1504	31,3268	0,0000	0,0000	0,0000	0,0000	0,0000	0,0000	0,0000	0,0000	0,0000	0,0000	1856,1659	5578,6238	14,9964	824,5952	1943,8161	7,5644	1,9200	1,9500	1,4700	3,6600	3,6600	300,0000	150,0000	1300,0000	175,0000	175,0000	2,0000	0,4000	0,2300	0,3000	0,1800	0,6000	0,6000	24,1408	-4,4274	50,2894	0,5022	0,5867	84,8344	24,5412	8125,5860	0,0000	0,0000	0,0000
116,0000	100,4211	47,4496	77,0859	32,1275	21,5537	28,0264	8,8536	12,8742	134,7562	114,5653	121,8966	100,5523	49,6888	127,6449	75,1839	138,3263	106,4925	34,9742	0,0000	0,0000	0,0000	0,0000	0,0000	0,0000	0,0000	0,0000	0,0000	0,0000	1841,1178	5942,9114	15,5527	891,9359	1833,1129	7,4953	1,9200	1,9500	1,4700	3,6600	3,6600	300,0000	150,0000	1300,0000	175,0000	175,0000	2,0000	0,4000	0,2300	0,3000	0,1800	0,6000	0,6000	43,0278	-0,0291	52,9716	0,4565	0,6107	84,8344	24,5412	9042,9092	0,0000	0,0000	0,0000
116,0000	104,4620	48,6942	79,8227	29,6795	18,4736	25,2597	7,1587	10,4505	144,4500	125,9802	110,9605	140,7581	52,8312	127,6563	73,5094	139,5480	111,0086	34,1433	0,0000	0,0000	0,0000	0,0000	0,0000	0,0000	0,0000	0,0000	0,0000	0,0000	2108,5413	7061,4029	17,7600	931,4274	1833,3222	7,5586	1,9200	1,9500	1,4700	3,6600	3,6600	300,0000	150,0000	1300,0000	175,0000	175,0000	2,0000	0,4000	0,2300	0,3000	0,1800	0,6000	0,6000	16,4347	-3,3659	55,7677	0,4732	0,5861	84,8344	24,5412	8679,7125	0,0000	0,0000	0,0000
